-5.777398124337196350e-02
1.772752851247787476e-01
-6.154315918684005737e-02
-4.624282941222190857e-03
-1.300672255456447601e-02
3.106805868446826935e-02
-1.835568808019161224e-02
-2.607426792383193970e-02
-2.129534818232059479e-02
1.221071481704711914e+00
-6.018733605742454529e-02
8.903696388006210327e-02
5.981275066733360291e-02
-2.350321039557456970e-02
-2.623722888529300690e-02
-3.930562734603881836e-02
3.355653956532478333e-02
1.279418706893920898e+00
-1.863540410995483398e-01
-8.596911281347274780e-02
1.643136143684387207e-02
-5.617585033178329468e-02
-1.196682229638099670e-01
1.336575299501419067e-02
4.555277898907661438e-02
1.629175245761871338e-02
-4.800644516944885254e-02
-2.742649428546428680e-02
-1.196540333330631256e-02
4.802317172288894653e-02
-1.916800066828727722e-02
2.489647269248962402e-02
-6.581990048289299011e-03
2.941241115331649780e-02
7.295107841491699219e-02
-1.010358482599258423e-01
-1.208117697387933731e-03
3.204594925045967102e-02
2.660199999809265137e-02
-6.515631079673767090e-02
1.812114939093589783e-02
2.595586702227592468e-02
4.158218856900930405e-03
-4.489317908883094788e-02
-2.494752034544944763e-02
-9.142113849520683289e-03
-8.662676066160202026e-02
-2.078178524971008301e-02
-5.331916734576225281e-02
-1.336040534079074860e-02
3.312929347157478333e-02
3.610648214817047119e-02
-3.542008250951766968e-02
6.380870938301086426e-03
-2.950937859714031219e-02
1.658921246416866779e-03
1.213363464921712875e-02
2.359814196825027466e-02
9.304243721999228001e-04
-3.149667382240295410e-02
2.275439351797103882e-02
3.640447556972503662e-02
-2.640726603567600250e-02
1.848261654376983643e-01
-4.250970110297203064e-02
-8.207171410322189331e-02
2.250639488920569420e-03
3.735759481787681580e-02
-2.892504073679447174e-02
7.743714749813079834e-02
2.893445268273353577e-02
1.405433937907218933e-02
2.370816655457019806e-02
2.033329941332340240e-02
5.295419320464134216e-02
-8.273587562143802643e-03
-7.995911873877048492e-03
-4.140656441450119019e-02
3.453888744115829468e-02
9.174098819494247437e-02
-2.433830499649047852e-02
4.444313794374465942e-02
-6.781841069459915161e-02
-3.732321085408329964e-03
3.031156025826931000e-02
-1.968371421098709106e-01
6.051564589142799377e-02
-3.810283169150352478e-02
5.078602582216262817e-02
7.213733345270156860e-02
-4.987565334886312485e-03
5.307854712009429932e-02
-1.974204368889331818e-02
-1.197312492877244949e-03
4.347060993313789368e-02
-3.571841865777969360e-02
2.823713794350624084e-02
1.606725156307220459e-03
-4.231034591794013977e-02
-4.081300273537635803e-02
3.807665035128593445e-02
3.585968166589736938e-02
-1.151864081621170044e-01
1.506087952293455601e-03
5.622127279639244080e-02
-5.711543560028076172e-01
4.590459167957305908e-02
-3.220385871827602386e-03
4.498161002993583679e-02
1.496983505785465240e-02
1.254547946155071259e-02
-8.897586911916732788e-02
7.800101488828659058e-02
-4.601714015007019043e-02
-1.604782789945602417e-02
-2.650369890034198761e-02
-1.993140019476413727e-02
2.101422660052776337e-02
-5.765493493527173996e-03
5.245980620384216309e-02
4.482253454625606537e-03
9.950546547770500183e-03
-2.248226478695869446e-02
-1.131077762693166733e-02
-5.461196973919868469e-02
2.370082028210163116e-02
-8.336207829415798187e-03
-7.478734105825424194e-02
1.839903183281421661e-02
-1.375800278037786484e-02
-7.820247672498226166e-03
5.607756972312927246e-02
-4.683163389563560486e-02
2.359054051339626312e-02
5.280004814267158508e-02
4.647364094853401184e-02
-2.850217744708061218e-02
2.166387997567653656e-02
2.824038267135620117e-02
-3.437059000134468079e-02
-5.451169610023498535e-01
6.077891960740089417e-02
3.678185492753982544e-02
-3.046376630663871765e-03
3.033179230988025665e-02
-1.363725494593381882e-02
-1.722651720046997070e-02
6.800391245633363724e-03
7.814887166023254395e-02
-6.273748725652694702e-02
3.086409298703074455e-03
-1.586789079010486603e-02
6.467213481664657593e-02
-2.117696776986122131e-02
-8.425685763359069824e-02
1.978082116693258286e-03
-9.286781400442123413e-02
7.106238603591918945e-02
-2.080416493117809296e-02
-2.914573438465595245e-02
6.522108614444732666e-02
-4.418717697262763977e-02
-2.403605915606021881e-02
-2.453328296542167664e-02
-1.052376627922058105e-01
-6.262315809726715088e-02
3.556500747799873352e-02
-2.819763682782649994e-02
7.243821769952774048e-02
8.579829335212707520e-02
7.468951493501663208e-02
-3.929365798830986023e-02
-3.666587918996810913e-02
-6.269033253192901611e-02
-6.909117102622985840e-02
1.084727328270673752e-02
8.067652583122253418e-03
-1.404804736375808716e-02
4.529812559485435486e-02
-1.159673407673835754e-01
5.130840465426445007e-03
3.868051338940858841e-03
-5.262009054422378540e-02
-8.325098454952239990e-02
-6.526181846857070923e-02
-1.410491392016410828e-02
-3.866138309240341187e-02
8.246192336082458496e-02
2.153192274272441864e-02
7.691919337958097458e-03
-2.925518527626991272e-02
1.562418974936008453e-02
-5.513306334614753723e-02
4.758003354072570801e-02
3.464669361710548401e-02
7.227981835603713989e-02
-5.803441256284713745e-02
-7.099927216768264771e-02
-1.595553457736968994e-01
8.094385266304016113e-02
3.129938617348670959e-02
-5.997452512383460999e-02
-9.328661486506462097e-03
6.311876326799392700e-02
1.612084656953811646e-01
-4.595076292753219604e-02
-2.318572066724300385e-02
1.245606038719415665e-02
-7.893107831478118896e-02
9.711869060993194580e-04
-3.382995352149009705e-02
-4.489434137940406799e-02
-4.006057232618331909e-02
-1.654030978679656982e-01
1.775598712265491486e-02
7.632249593734741211e-02
-6.810939311981201172e-02
7.814364135265350342e-02
-7.162408530712127686e-02
2.765914238989353180e-02
3.221662342548370361e-02
1.913821324706077576e-02
-5.201046913862228394e-02
1.762587390840053558e-02
-3.014851827174425125e-04
3.793969005346298218e-02
1.312393881380558014e-02
-5.270341876894235611e-03
8.387454599142074585e-02
6.983662396669387817e-02
-4.976437985897064209e-02
-6.580098718404769897e-02
5.941795557737350464e-02
5.328150093555450439e-02
-8.118848502635955811e-02
-3.937698155641555786e-02
-2.114047110080718994e-02
5.525167565792798996e-03
-4.764387756586074829e-02
3.687410056591033936e-02
7.804027944803237915e-02
3.606282547116279602e-02
2.128828875720500946e-02
6.818010658025741577e-02
2.950367517769336700e-02
-1.116546839475631714e-01
-1.582651212811470032e-02
-6.460668146610260010e-02
-1.033059805631637573e-01
-3.722346201539039612e-02
5.739772319793701172e-02
2.183060348033905029e-02
3.516703099012374878e-02
-6.162197887897491455e-02
4.629972204566001892e-02
1.741739362478256226e-01
1.097616180777549744e-01
-2.775684185326099396e-02
2.529686503112316132e-02
2.469036553520709276e-04
7.251831144094467163e-02
9.462536871433258057e-02
-1.585943624377250671e-02
7.100051641464233398e-02
2.956590801477432251e-02
-3.904575854539871216e-02
1.179038733243942261e-02
-3.763603046536445618e-03
2.874851822853088379e-01
-7.864027470350265503e-02
4.296099022030830383e-02
-7.483304943889379501e-03
-4.568624123930931091e-02
-7.151336222887039185e-02
-6.514802575111389160e-02
-1.873494684696197510e-02
-6.613794248551130295e-03
5.055135861039161682e-02
-8.189060539007186890e-02
1.486163288354873657e-01
1.515181064605712891e-01
6.246690079569816589e-02
-1.144275534898042679e-02
-7.834276556968688965e-02
-1.847309619188308716e-02
-9.264852851629257202e-02
2.344856783747673035e-02
-7.930420339107513428e-02
1.271209716796875000e-01
-1.790005527436733246e-02
-1.121948361396789551e-01
5.324371624737977982e-03
2.932007424533367157e-02
-4.925293102860450745e-02
-1.768855005502700806e-02
-5.838321521878242493e-03
-2.163196913897991180e-02
-2.040897682309150696e-02
-3.407046198844909668e-02
9.146752953529357910e-02
