-7.972076928779571470e-02
1.750151151068469746e-01
-1.229635193630976286e-01
-2.251862244644808539e-02
-2.871512876808705178e-03
1.483864071628167303e-02
2.515371038477523871e-02
-8.639557748683092397e-02
3.006787587764665759e-02
1.478385725560152908e+00
-2.035803321047642278e-01
9.518067240809664764e-02
6.259825913955019416e-02
-6.794047165262587229e-02
-1.758815339728352772e-02
-5.001682070965918908e-02
-6.839599073523848494e-02
1.151300796682513061e+00
-2.150134529193790944e-01
-2.262852209716981547e-02
1.285150855005008468e-02
-2.285864394397538191e-02
-1.045346269111507576e-01
-2.483460760409175391e-02
8.060457253324958271e-02
1.826620946767169374e-03
-4.174119938135688324e-02
4.647294518094056102e-03
6.851281540700389361e-02
2.194133289995820607e-02
-3.054976111710088968e-02
1.796299381853057320e-02
4.315297106524181026e-03
3.804204559019767895e-02
6.868423305006585156e-02
-5.334340745658174010e-02
3.242838627554865336e-03
3.566797872823249810e-02
-7.686696743163287660e-02
-2.578755388975216903e-02
2.439349422410832927e-04
-9.598337971235255603e-03
5.423136297840061050e-03
-9.504402694429234938e-03
-5.490952023344759098e-02
1.082339730956753112e-03
-8.413649288075913946e-02
8.107992494909824210e-02
4.865739142223705904e-02
-3.574582934964105896e-03
-3.334002926850909015e-02
1.429843206943361318e-02
2.617506092011926896e-02
-4.399494371766104334e-02
-1.876490076638662879e-02
3.656923932011716533e-02
8.832240131619270920e-03
-2.549626292390888213e-02
-1.508913374266463055e-03
-4.714976166800147889e-02
3.899338660262307524e-03
1.560486339781472741e-02
-3.240244480924683868e-02
1.420336090219858349e-01
1.697492674752301874e-05
-4.171076303598614254e-02
4.717970092592160131e-02
1.096107015394278371e-02
-5.238541846955876297e-03
7.219961269864526299e-02
6.534472202942728097e-03
6.044701058721478615e-02
8.673369728282696867e-02
-2.684408362320676519e-02
1.214802468939422259e-01
-5.481820549679120892e-03
-8.038787090750182038e-03
-1.270480504613263374e-02
1.895521913366030389e-02
9.410139978366753588e-02
1.221097488644880789e-02
7.195485869509381238e-02
-6.625612958991397572e-02
5.037198285247130453e-02
-1.832543555623301207e-02
-1.784167073335886089e-01
4.853067972668326235e-02
-1.840192386159859583e-01
8.471481080541519437e-02
5.688361411507999316e-02
-3.414040847053068789e-02
-2.269795700523727713e-02
1.193052749570370531e-02
-6.368835367700968753e-02
7.085900888825197308e-02
-5.818493889600397789e-02
2.170021812379750378e-02
3.435926034153501379e-03
-6.250605169767860236e-02
-4.271119029405102963e-02
1.724301737153727948e-02
4.669934571251949801e-02
-5.973405493040702396e-02
-6.596621245521287757e-03
5.370545585673724281e-02
-4.201835162955663838e-01
5.257299487509223268e-02
1.554995689658946606e-02
3.804794451329283206e-02
4.908691602348719263e-02
5.159625907854981097e-02
-8.574779501127777204e-02
4.125569543647087528e-02
-5.641460982520617867e-02
-2.625093516286810397e-02
-2.211022178163147070e-02
3.696008230892578687e-03
-2.096077317839430479e-02
2.974568796246462518e-02
-2.410423564477113048e-02
7.820781750553380818e-02
-9.500229896105256630e-03
-6.597882775943550090e-03
-1.875015003832225177e-02
-6.791833529954982573e-02
8.918536907274747516e-02
4.852936176087382925e-02
-2.531068740937502878e-02
1.203913084268380673e-02
-3.420462852080200650e-02
6.620285002399153851e-02
2.067707077693473408e-02
-5.337618330527510446e-02
-1.014653650077578483e-02
6.157495673788631468e-02
7.010545167573013770e-02
-1.312463872231341491e-02
-5.368899268520767321e-02
2.378183338912873840e-02
-5.183387942114138676e-03
-5.618696748708776889e-01
2.800328699760785273e-02
7.464692471239341154e-02
-1.351925091091959324e-02
1.584648552240552899e-02
-1.221581692865698725e-02
-4.098178200944017219e-02
2.805484955962977284e-02
-4.363248943876145425e-02
-6.434794311962378777e-02
1.342092079959462470e-03
-1.910139590729751508e-02
1.028906173384686457e-01
1.441923230069511175e-02
-5.536431420684324867e-02
3.741258224083848826e-04
-6.560446162346243726e-02
9.475280324487012767e-03
2.548523351107113283e-02
-5.885814579850377065e-02
3.379358964414886507e-02
4.227311487656324265e-03
-4.965172137827008475e-02
-9.761903684773370893e-02
-1.458622586544658095e-01
-8.031186555223733536e-02
-6.605578510557444383e-03
-2.873585480653830654e-02
7.654719882739167980e-02
2.307365934876107888e-02
3.588791028230043506e-02
-1.483675839660055645e-02
2.104130134539409017e-02
-4.002053630153948327e-03
-3.361379448139167198e-02
1.642271932811726481e-02
5.499145301452801338e-02
1.607533614786376200e-02
3.601447832414143846e-02
-3.817196327178618703e-02
1.485668835406008578e-03
-6.741304476588987071e-03
-4.237044368730678162e-02
-4.266919324512697537e-02
-4.668772572330693454e-02
3.575577394892545668e-02
-1.051890585014103041e-01
7.080037537125591363e-02
5.451081049370032350e-02
-1.276462427631363909e-02
-4.551058615676573105e-02
7.421358302677478862e-03
-8.080326157956550792e-02
4.089143066474656280e-02
1.834664842115539887e-02
5.125552615311154692e-02
-4.855262910191091713e-02
-1.545159400713558562e-01
-6.560357689900904454e-02
1.099670539558602333e-01
4.603664149257721827e-02
-8.515191028974306020e-02
-3.606659269883789876e-02
6.003637986952339162e-02
8.975821447501143580e-02
-5.496466045698334552e-02
1.417839799130700754e-02
2.125999274608035908e-03
-2.326197340470864683e-02
2.644684234363471262e-02
-1.711158106498496256e-02
-5.356543111035581839e-03
-1.339216297945133513e-02
-1.084025510126647301e-01
1.688077059244505809e-02
4.297189670037546150e-02
-3.263468041782635609e-02
5.923102979299563892e-02
-1.348347155952002996e-01
3.668484407543266823e-02
3.500985318535827090e-02
3.018819156265468984e-02
-7.788453736609102229e-02
-1.389208702084053330e-02
-3.965488686763909282e-02
6.330107694862659173e-02
-2.016391235222730199e-02
-2.553492629460908311e-02
6.126897889007322517e-02
1.730845391793200960e-02
-1.162730597500210156e-01
-3.032967393817742434e-03
5.552181340128795745e-02
4.498953817894301571e-02
-9.300165080462131917e-02
-5.614703540327965758e-02
-5.559404157599304869e-02
-4.783824146841055697e-02
-8.169388723626820614e-02
4.678535552278204057e-02
1.042094473503943700e-02
4.259333040346645338e-02
3.525326414070599490e-02
5.869800155156954663e-02
6.555606172333962312e-02
-8.286847295902642629e-02
-1.593434572930189919e-02
-6.742642394302972297e-02
-1.440374734254312727e-01
-2.426870546461277339e-02
7.804240139536186560e-02
2.941019041678146970e-02
3.463197722434685748e-03
-2.872529055810388657e-02
2.165651775227890596e-02
1.800113456334233031e-01
4.859122406608121919e-02
-1.209030781989885034e-01
1.208036515879946622e-03
4.207114687724738261e-02
1.045236727454959026e-02
8.719721992943801903e-02
-4.172171834174983121e-03
1.084424365800324974e-01
7.564807365934875932e-03
-1.032285455961809706e-01
2.612202761770446996e-02
2.150195091774930248e-02
3.350076089951339875e-01
-1.049101878811794231e-01
-1.637959442653145938e-03
-3.079323363832551889e-03
-6.112128007114570744e-02
-3.361431209080125576e-02
-6.293406223440024816e-02
-2.546529300760490971e-02
-5.146197021970061111e-03
2.949503959625334945e-02
-7.660245306181061309e-02
1.777199457826261486e-01
1.630063031783242633e-01
4.620253644845847413e-02
4.784656426288187714e-02
-7.301353639358731940e-02
-3.841081949235131132e-03
-6.926989783603330897e-02
8.152489574480008272e-02
-5.827940375336231743e-02
1.264633342459068333e-01
1.319131342689935926e-02
-6.606239317636290742e-02
1.656005683798239883e-02
-3.982015704388058158e-02
-3.774379540004576400e-02
4.133024487275728520e-02
-2.008626638035402451e-02
-3.744759968600855360e-02
-6.424095530685819400e-02
-2.755611693196968835e-03
4.492197532957718786e-02
