-5.056212856263020416e-02
1.439677042571351484e-01
-1.097971448831005781e-01
-3.939878248127589438e-02
-3.300819696428854144e-02
-2.816029954610625718e-02
6.749895243150997280e-03
-6.775334479289613077e-02
1.346991424605268814e-02
1.909637989044763673e+00
-1.771718503695312863e-01
8.202083001213947289e-02
9.549361903769378046e-02
-4.724921835393216391e-02
-6.207572779940748187e-02
-3.745804620477895253e-02
-2.119085160031210224e-02
1.082496598767436868e+00
-1.943242179145444060e-01
-5.901229391476422309e-02
-1.092961577458987157e-02
-1.282380634436316308e-02
-1.038343590458923743e-01
-4.946013168760545614e-02
7.696992075177636061e-02
5.779633857562123389e-02
-1.266497405167744603e-02
-5.743564319220033701e-03
9.553458730473855798e-02
-6.440829275081985661e-02
-4.115618170150495830e-03
1.769088829847276223e-02
-1.899344286486264258e-02
3.292715777139558486e-02
8.705832556875341133e-02
-7.035831081522643526e-02
8.527254503229438759e-03
2.244616618090596386e-02
-7.048345123365229448e-02
-2.442213857076939998e-02
-1.408853116223074842e-03
3.350198990051766329e-02
-1.371443198642625927e-02
-3.373357355054023426e-02
-1.726301706346888148e-02
2.539246803051801657e-02
-1.091485760618578771e-01
4.984729960328854875e-02
3.319495223298096764e-02
1.342031390480311406e-02
-2.423966694593574986e-02
-2.694750810825128143e-02
1.897456969085915129e-02
-4.586336383633288910e-02
4.052568589280002714e-03
3.681659035965930554e-02
-1.952865080480984880e-02
-1.409537846540792963e-03
-1.940196711423982853e-02
-2.836781743352001159e-02
-5.793883597085634080e-03
-1.214920302486909888e-02
-1.956790368038612699e-02
1.346731214997504700e-01
4.895263882672824113e-02
-4.030950643882533907e-02
2.664949993650537335e-02
4.648032071964536271e-02
3.082011941692873111e-02
8.940459431266387091e-02
8.180008601170083229e-03
2.252016201897560910e-02
1.125076413244310430e-01
-1.633258641024409527e-02
1.018844443613802220e-01
-1.014256438639685176e-02
6.080963352090446028e-02
-5.363463642333909237e-02
4.670473337579510859e-03
1.188772321516979452e-01
7.865583823642625233e-03
6.835799030970524104e-02
-9.053635816117584778e-02
8.974877881145983463e-03
7.428438451336382212e-03
-2.251514464397461890e-01
-8.195171926860132794e-02
-7.862992460848694520e-02
1.221392607938387720e-01
6.562373753376478380e-02
-2.587360342767009228e-02
-4.113007854891635728e-02
-3.311965679731624507e-02
9.539794776830624878e-03
7.445295605231264102e-02
-8.686600833178206860e-02
2.648522074407779620e-02
-3.131799486881738093e-02
-5.391956932820953646e-02
-2.374484516161053105e-02
-6.289532134345220300e-03
2.763820941938435055e-02
-7.241514060903352090e-02
-4.163056673347011183e-02
5.160625079832423939e-02
-6.586239316070056082e-01
3.515503549510460429e-02
5.988993421746401438e-03
7.021473622377040480e-02
4.272028705264137305e-02
3.461473939850167464e-02
-7.860930896806504753e-02
3.572268502680388952e-02
-7.862209608011659634e-02
-4.312716553184979887e-03
-4.933464703053089262e-02
2.027716873752386309e-02
-1.172973469395838068e-02
2.313038497546359568e-02
-2.738069957091000470e-02
9.168449075082579780e-02
6.858913012394200585e-03
-8.568858064634310434e-03
-2.435622653916912767e-02
-9.927559308373962513e-03
4.690895972287133231e-02
3.096520633772902736e-02
-5.637769242584619866e-02
-1.206527938284956969e-02
-1.993465128207159293e-02
5.333762035511442623e-02
-3.288343559516124226e-02
-6.141953544584366487e-02
-1.220391859772429304e-02
5.960778036280803965e-02
5.770207907147836129e-02
2.658481014550046970e-02
-4.110842632469839664e-02
5.968063518513200966e-02
4.695405885370046439e-02
-5.417188155987358034e-01
4.666097252106090471e-02
8.373078328356080291e-02
-8.547575220089946232e-03
-2.052502636635978109e-02
9.463504336757175284e-03
-3.948873706838507136e-02
1.275810801147458061e-02
-3.007153041247123595e-03
-7.952920746577973876e-02
-5.884013204406651071e-02
-8.867224979466358653e-03
8.923300101591401245e-02
7.775448414546631305e-03
-5.733791712750809649e-02
3.424136423586631589e-02
-3.577854451629224747e-02
-2.063116210388265398e-02
-3.202548264888684798e-02
-7.821980873884078200e-02
-1.610579599331585926e-02
3.579154822794298335e-02
-5.225718674375796902e-02
-9.826132098030750106e-02
-7.550850004901339674e-02
-1.099106276016706130e-01
5.674308047826181339e-02
-4.332687809799312673e-02
9.380929414027534829e-02
-1.601282738410559833e-02
2.676208531387880979e-02
-8.252208789884031906e-03
7.395880727388487452e-02
1.457670145328429298e-02
-2.934953190970049364e-02
6.836984140206034399e-02
9.829337191921107969e-03
6.088427915777164245e-02
8.344450049904547639e-02
-7.431081643320117634e-03
-2.519781267823052728e-02
-2.086780876953604758e-02
-3.627279772666962276e-02
-2.573403399487389151e-02
5.662759614732436678e-03
3.445964006453306784e-03
-4.212374468155155594e-02
4.602350829712613389e-02
1.545655610010070007e-02
-2.832955085968999823e-02
-5.890582360821761815e-02
1.578056589337309065e-02
-3.955879543516963720e-02
4.184035118097527428e-02
-4.098970266939821333e-02
8.696535792650565699e-02
-3.036064397969459247e-02
-9.696397447392289537e-02
-3.659668761659246733e-02
1.486363693748465331e-01
-2.177455464337556702e-03
-7.199850354431207300e-02
-5.275519563647111665e-02
2.949903059689032176e-03
1.234363442864243737e-01
6.516164936386553870e-03
1.897379612086208187e-02
2.691551518709749471e-02
-9.669721659613357903e-03
-2.186947651682842522e-03
-4.245817833053445317e-02
-4.750410193226645844e-02
-2.442397386558744707e-02
-1.210878167181224790e-01
2.925339649831473071e-02
5.186772519303356477e-02
-2.891772900518650713e-02
3.181478345486014880e-02
-1.250799097806972460e-01
1.701362196426378995e-02
9.027951551682397019e-03
1.701097055309883435e-02
-9.737933514814917091e-02
-5.475895321018553258e-04
-6.964430377400666027e-03
4.515429023776942191e-02
-1.243420458407678598e-02
2.847345228446978432e-02
3.026804958497041412e-02
-5.148807565250010680e-04
-1.629238204357142394e-01
2.738159691210660662e-02
6.587786301350195828e-02
6.048013911635284623e-02
-3.287669006478679407e-02
-4.300352970706822903e-02
-3.459024817239447075e-02
-8.216083071020904849e-02
-1.352569444461634851e-02
4.220262174630270979e-02
-2.978282006860885275e-02
4.317704145741082383e-02
1.497614109000839668e-02
3.984584405398206713e-02
9.334874150682029303e-02
-8.880518586473491738e-02
-9.373502368485674141e-02
-9.888742532883532110e-02
-1.702466506275694957e-01
2.703988590337627965e-02
7.678017950289525717e-02
1.551404492139538648e-02
-5.032709092257071914e-02
5.196769751160478824e-03
1.686598613032315105e-02
1.146660563302532437e-01
6.886339453159037727e-02
-1.255631512221663248e-01
-2.994644946223889298e-02
4.510278981521455288e-02
1.786691995308081413e-02
1.015962353875721896e-01
-8.477184218206644181e-03
1.126394808590315405e-01
4.883702105496629670e-02
-8.105749555908936532e-02
-6.767720229808461829e-03
1.217952793571670453e-02
3.359259273928438261e-01
-2.726312660098046542e-02
1.003342139551037342e-02
-2.880873492652446383e-02
-6.430424758621407222e-02
-8.870775472360406533e-02
-9.893672494474853307e-02
8.043598718330663075e-03
4.307966446617976508e-02
8.258897076078690336e-02
-4.722678095616716920e-02
1.929317764484200781e-01
1.584498628862651692e-01
5.722181974234796797e-02
6.355212868516368907e-02
-7.692762194433662437e-02
-3.008223613774942476e-02
-6.551843145006376601e-02
8.740066123525637443e-02
-5.754669593401708083e-02
1.180271096677188852e-01
-1.286365100098719842e-02
-1.115136580280970541e-01
3.789230132618364583e-02
7.019641035053984096e-03
-6.502947042542884387e-03
-2.738044961110470423e-04
1.803869503877999266e-03
-2.907604010508670067e-02
-4.096720338603346279e-02
-1.581645954123709827e-02
4.490187821557576481e-02
