-4.259272193539764828e-02
1.660025207401474856e-01
-9.363997143979690962e-02
-5.196854316519584210e-02
2.538976355724224115e-02
2.781244680083697421e-02
-9.664837119657711598e-03
-3.980857952420439189e-02
1.892437556726097800e-02
1.454697629238696832e+00
-1.484512683270747813e-01
8.639488736711571637e-02
7.058516600145822717e-02
-2.800666063851037224e-02
-4.453523292762859992e-02
-1.888015606878343244e-02
-7.012788193368819922e-02
1.189225748383099690e+00
-1.817634479220185673e-01
-4.092189929010328631e-02
-2.852613275701349274e-02
-3.175752444239603178e-02
-8.643293104042629182e-02
3.027355647871065626e-03
5.458128613706252769e-02
1.869616148780808146e-02
-7.428847152444333773e-03
-2.101183398779863515e-02
5.402659447557460470e-02
-8.060566922451587249e-03
-3.040608308301442214e-02
1.552229278092227480e-02
1.125735701629225483e-02
3.086087874333217490e-02
9.811655926289364338e-02
-6.407446649134504457e-02
3.630793809429589541e-02
4.830408741934386768e-02
-4.474642843988001911e-02
-4.793042048264287841e-02
1.489253293153626305e-02
1.446973977743772240e-02
3.264575493404897610e-02
-1.362302455496280755e-02
-2.940466417795915485e-02
-3.357861673808881699e-03
-8.953877343891668283e-02
6.508723541200737983e-02
-8.651308210952139352e-03
-6.051662581571065798e-03
9.802733445305888624e-03
4.445265616854108398e-02
-1.864812175817139039e-02
3.498202135761194556e-03
-3.329886135787521462e-02
4.958458241918331511e-02
1.068072900089581112e-02
1.078573555273059682e-02
7.516318640349219961e-03
-4.000124018243018942e-02
4.769702483422521427e-03
6.411153066550278473e-03
1.183937043239807405e-02
1.114394300449747660e-01
1.649472146246373436e-02
-4.513386370365578271e-02
2.960144020833175779e-02
2.818139886025994995e-02
-7.779287415731345363e-03
5.090205858477771239e-02
1.983850099131954925e-02
6.758379613407806963e-02
7.009881054640276776e-02
-2.976561238272277740e-02
7.043790540566066682e-02
3.211089905272138806e-03
5.679689016286824238e-03
-3.891261264941217601e-02
2.528741050734971754e-02
1.250327458925818980e-01
-4.068150326638433900e-02
5.324649626327898622e-02
-5.431977277567585222e-02
-1.191385387221434097e-02
3.643330291807075211e-02
-1.725426236711572192e-01
-8.624339703203861424e-03
-1.187822279201485448e-01
1.326615944130047076e-01
4.296422327510162481e-02
-5.242354357957378780e-02
3.315465547130001800e-02
-1.549649192470646530e-02
-4.986459743123450999e-02
6.793547875646004097e-02
-7.666536548843236321e-02
-4.281649783224847350e-02
3.112929471456796909e-02
9.152294358155713475e-03
8.392047144227608724e-03
2.308479729657938670e-02
-1.108725343036467102e-02
-8.592495650802405016e-02
6.165526591140481349e-03
6.653435594569784284e-02
-4.876941260332295913e-01
8.357371582975700597e-02
5.045307904654822151e-02
6.302771208595260577e-02
5.364167897798106238e-02
2.132569613724197635e-02
-8.807266796119439523e-02
4.113464798180231641e-02
-4.423199769837252160e-02
-2.928861474160760620e-02
-7.311017185853113665e-03
-8.448399704245119352e-03
-6.793219531297222877e-03
-3.298670549226683651e-02
-1.763773425635332265e-02
3.201556620791525670e-02
-5.630110587557233398e-02
-7.766136117783920510e-03
9.989545700397896646e-03
-6.950220517540346699e-02
3.540465541227182100e-02
3.026321501519740019e-03
-2.009773807783883301e-02
2.563150985097977300e-02
-3.877968852709063469e-02
6.602495735803010080e-02
7.621950337688512822e-02
-4.421810762564033770e-02
1.635628811856533688e-03
3.556808973419366832e-02
6.190948929039606641e-02
-2.537283261002147507e-04
-2.315953806244427579e-02
6.042643534145687029e-02
1.044904793715338565e-02
-5.479494312515110765e-01
4.691384793250196611e-02
6.296086265224552780e-02
-1.292547358765592895e-02
2.607631268307595337e-03
-2.258631708082424125e-02
-8.821157237777857776e-03
-4.410386223857591659e-02
2.965221552599790755e-02
-2.800686908183291565e-02
-5.758528552617971086e-03
2.889613579504725100e-03
4.359356347089579642e-02
3.524807942905094221e-02
-5.541030396806433111e-02
6.621572450235688190e-03
-7.277946545953214996e-02
1.916412043617587990e-02
1.065415708884971495e-02
-5.124420446399563511e-02
2.001610208064952007e-03
1.331621719744034878e-02
-4.095406227923454462e-02
-8.374502303752492938e-02
-1.438196798357788408e-01
-1.204350026940469304e-01
3.809492823233687209e-02
-4.998228858932996649e-02
1.157063275748572012e-01
4.889797380399427129e-02
6.946630865277819700e-02
1.116766459245515687e-02
8.524336713425655770e-03
-3.917880399545341230e-02
-3.082131693856628510e-02
2.057135266538284366e-02
8.579854024448062277e-02
-1.260760397698939238e-02
4.688368452356216770e-02
-8.710594103460847504e-02
3.000818876048812894e-02
-4.476326992248889219e-02
-5.313707274210061060e-02
-6.839262263226093819e-02
-8.959310889474658701e-02
-8.699148605132702924e-04
-8.879709151542855561e-02
5.796336205369960470e-02
8.329977149889594354e-03
-1.609482755974598125e-02
-7.358646946211618023e-02
1.936778247471704351e-02
-5.656493978297456870e-02
6.603792142591347059e-02
2.333559150622015535e-02
4.913345204100617869e-02
-4.380875445426778841e-02
-1.126434577041714458e-01
-9.826435849099371400e-02
1.826292882804944340e-01
-1.906606906617863695e-02
-9.157262687756891062e-02
-5.890983861926907261e-02
5.956304096391629860e-02
1.104467823611467864e-01
-5.858444199110138251e-02
7.588899343110606412e-03
5.166781940128171123e-03
-5.101752696230978448e-03
8.987504232321762848e-03
-4.581298311628271419e-02
-6.452075655732440740e-02
3.830522817615383650e-03
-1.580257305093613895e-01
1.257356684258643595e-02
6.702837768790800843e-02
-4.279597446581842601e-02
7.458901912608045803e-02
-1.805967851118608081e-01
3.796999136299413630e-02
6.190647147379714499e-02
5.123213688686230338e-02
-4.674878295662324851e-02
-2.504517907561370355e-02
1.061580167287092284e-03
4.843279840406643222e-02
4.138350348408033341e-02
1.766718010376685036e-02
7.734610817649147096e-02
6.448272026253853983e-02
-8.034420935743320780e-02
-2.834849477506006660e-02
6.822307151336964859e-02
3.401902381409990100e-02
-9.959723732688209596e-02
-2.973687856294200335e-02
-5.402514459547268222e-02
-3.606090877687907759e-02
-5.340278817329923572e-02
5.505929279142929289e-02
3.386800385997189300e-02
7.189313493798733801e-03
2.700370884495039911e-02
5.951949291118570351e-02
3.520363857483264219e-02
-1.419400006705603123e-01
-2.905602150775016615e-02
-1.006268071482674942e-01
-1.082079461280335830e-01
-1.064814359122595415e-02
5.965522456215244240e-02
3.418176086543837922e-02
1.062199041045611353e-03
-6.690146706321022096e-02
-1.405423291647226770e-02
1.755729394909030516e-01
1.097980329561510232e-01
-8.479045668699755622e-02
9.835624141434866699e-03
2.689792109181387419e-02
4.803315168192585222e-02
1.074073835775054414e-01
1.251320036513662443e-02
8.826388242858060340e-02
5.751982417743026037e-03
-1.036224734160609562e-01
1.451880235505980180e-02
1.110264134360927678e-03
4.164350498575767889e-01
-8.563535679239829557e-02
5.650601949636433613e-03
-7.520152706242160673e-03
-5.136767669618706039e-02
-1.025605487639023178e-01
-5.378019602201893762e-02
-4.611783055318393471e-02
3.796341571402042387e-03
6.840078328056999057e-02
-6.461599117552058180e-02
1.336951781518224136e-01
1.656791642740570725e-01
2.844696856559590994e-02
6.567735505980264177e-02
-8.613003522330603401e-02
4.500584168867630998e-03
-1.229450808733528744e-01
5.198507106050531679e-02
-8.084758706895249503e-02
1.514972708903152276e-01
-3.538326875845283770e-02
-9.307303511658304718e-02
3.337261340143141131e-02
-2.039768617434473824e-02
-1.000586884164718013e-02
-4.116948199687197468e-02
-1.001802403876122030e-02
-4.572666544517649950e-02
-4.291895602611785210e-02
-2.907863299666797741e-02
3.872781749850776750e-02
