-5.655214875906313526e-02
1.500019870952591927e-01
-1.363284012144862500e-01
-4.606645939036906751e-02
9.257047138516864837e-02
1.149622728115237691e-02
5.554467188027693153e-02
-9.105845473578394467e-02
-6.848929500869704347e-03
9.379697295307750649e-01
-1.823619364564864065e-01
5.283480679332626384e-02
1.370281772169057097e-02
-8.372284213822663024e-02
9.838500082472699266e-04
-2.712153132321745361e-02
-7.767931555864256155e-02
1.208538803930260030e+00
-1.643741173504253139e-01
-1.697608177342233016e-02
4.687166584379485329e-02
-1.147498813926750919e-02
-9.618731456525983492e-02
-2.212259279075243917e-02
9.809724497899779960e-02
-8.974159186613475669e-02
-1.210026404455842586e-01
-4.264533298315932759e-03
1.148655874348298717e-01
8.160221057339159256e-02
-5.482929182068715934e-02
-2.442331774659110138e-02
2.664489127703109292e-02
-2.191074954944057743e-03
6.766044928471166842e-02
-3.102872952220005892e-02
3.491875707438893417e-02
5.437017799591301742e-02
-1.260553145481098092e-01
-2.265163113723852803e-02
-2.008776453772496019e-03
-5.062157638328215054e-02
1.538446278879667534e-02
4.076922982578863597e-02
-3.359039729207562858e-02
-3.355373767774196252e-03
-8.275853407942576623e-02
1.024950846189262438e-01
3.251943746075280917e-02
1.754497539670996434e-02
-9.288165586214539721e-03
1.126060601788088922e-01
4.228088574729953197e-02
-4.937474110045170228e-02
-3.873157082518706440e-02
5.738022020643363669e-02
-1.280250149939117336e-02
3.633250887431795778e-02
2.824790410921405523e-02
-2.735938755333000919e-02
6.274502569660468480e-03
2.487712629499245348e-02
-3.569555620775154842e-02
1.240959747221694470e-01
-4.551968353900181369e-02
-8.510284784555999238e-02
7.875219240095196471e-02
-3.322799203364441151e-02
-3.860077347476834064e-02
6.133035017565592606e-02
-3.312640075786658922e-02
1.225879673054394575e-01
-1.469630480054180850e-02
1.690560070013363836e-02
1.028441042966111579e-01
2.856488857507625059e-02
-7.130429552278580441e-02
1.979896032661249833e-02
5.533590835318779461e-02
1.867057132946402243e-02
6.535201248225631053e-03
1.455770516387516755e-01
-6.028811974285502862e-02
1.207493167195679284e-01
-4.190083831921093821e-02
-1.076492778516548454e-01
3.297227565117358816e-01
-3.057877406281661603e-01
4.847678635741198283e-02
3.844532037417416198e-02
-2.404127858531350179e-02
7.445196572367865188e-03
3.869639212760680319e-02
-1.238751061982860530e-01
8.874629212971757442e-02
2.230114278178164933e-02
2.167876609794516102e-02
1.493729807484274821e-02
-6.426531460912435212e-02
-4.797593116438175764e-02
1.383059011122456453e-02
6.868563274884699477e-02
-6.756736088024527243e-02
2.946599517791346091e-03
-8.803889059770836356e-03
-5.534965723843560115e-02
6.709781686666244083e-02
-4.009441361560969752e-02
3.509429498767176192e-02
7.517589503387790695e-02
6.725844383561824236e-02
-1.262828823039355286e-01
3.014605933449953507e-02
-5.352733989536500626e-03
-2.720803515567283681e-03
3.175689996154434924e-02
1.098258814993680922e-02
-8.068134961036442510e-02
-4.998503082388762453e-02
-2.827005280066647794e-02
7.256297298638815507e-02
-2.521724887733240578e-02
2.103686888287977994e-02
-6.328843776054858539e-02
-1.707980005534183998e-01
1.144778668095396412e-01
8.516133214041655963e-02
-9.505735382523257393e-03
2.777145988673062477e-02
-7.460918123759920084e-02
4.369591040129759685e-02
9.534625176117654533e-02
-3.491052217235519894e-02
3.684787563438634422e-02
5.994494900998131870e-02
5.166095706587987835e-02
-4.893604447333565338e-02
-9.285313774709240409e-02
-8.420895257941455811e-03
-5.680776568370588669e-02
-7.171156347623268701e-01
4.645935388402092081e-02
3.469507229646207752e-02
4.079643192825909738e-03
2.275804328338715959e-02
1.978074646769082106e-03
-4.428916861583396397e-02
8.779729954578795181e-02
-6.787693754155585402e-02
-6.222421838721082371e-02
3.985795649432202076e-02
-2.104927276848377743e-02
1.220570171012221317e-01
-5.372047102237947729e-03
-4.390024212879411331e-02
-8.806638965651781073e-03
-1.070455636820330930e-01
9.312081200091752026e-03
1.317888676657220925e-01
-1.324522797218330439e-02
1.297146823912687930e-01
-6.113534068706993202e-02
-3.366039911261767270e-02
-4.713578563974903102e-02
-1.086339206560283654e-01
-2.120273800083045598e-02
-4.532765778525783135e-02
-7.091532780970322136e-02
1.758671161171070432e-02
1.107632972951758249e-01
8.910353382629786559e-03
2.490835502235441007e-02
-9.417545276089159256e-02
-6.162885764449563264e-02
-4.782366277558785378e-02
-2.841284435288964766e-02
3.459864715916286665e-02
4.384423654975620754e-02
1.429646758363279854e-02
-7.306854340805471471e-02
1.206909019936584435e-02
-8.660119033189932550e-03
-3.447775178888044800e-02
-9.396772503812583777e-02
-1.231996484078172471e-01
8.117007404032368367e-02
-1.278597578250327271e-01
4.312256178876831131e-02
1.008677690345586436e-01
-3.794060410458024481e-03
-3.441997864326083040e-02
6.522102703801767321e-02
-9.356280284650983492e-02
-4.258586763731734941e-03
4.825613427025286784e-02
-5.395175427530553292e-02
-2.032764181016627481e-02
-2.237488638102625715e-01
-9.925197612913183587e-02
9.029755597177367699e-02
9.725358493422302242e-02
-4.472425281095649546e-02
4.824880650219825280e-04
1.017573342779044265e-01
8.965117284793461261e-02
-1.066740655045539943e-01
4.700090948772848998e-03
-2.454045639373047399e-02
-5.103152815211024762e-02
-2.249250891884208362e-02
-2.608471953840684268e-02
1.290956037908500692e-02
-1.462056805096297344e-03
-1.284520420743097691e-01
5.310325017051091556e-02
3.772681486522052458e-02
-3.968094990326721111e-02
5.110175671588726432e-02
-1.019569301637432424e-01
4.571418285530912118e-02
3.518872839178197043e-02
5.195703219819898522e-02
-6.031795193801977456e-02
3.492063221517586829e-04
-3.880087180300283850e-02
1.315998771793735200e-01
-2.236375483416577076e-02
1.276444470870337876e-02
6.049375524395263215e-02
6.175675113553012047e-02
-1.428780650738243063e-01
-9.974598779907020707e-02
7.500243130586953244e-02
4.460504770842568106e-02
-1.005577904193315220e-01
-7.453788079671141986e-02
-7.091380759937784828e-02
6.788556376891698250e-04
-9.883653099011102672e-02
1.026735830774020558e-01
2.679244443718866234e-02
6.203310991291740434e-02
5.146739048878915673e-02
1.015520182786379122e-01
2.176343665981324976e-02
-6.759686842032358589e-02
2.815459411476802648e-02
-3.251166377507203054e-02
-1.603244522543059714e-01
-3.356368281639173640e-02
1.193365620745472366e-01
4.441995308311433993e-02
2.097693265833109125e-02
-4.683870562263857396e-02
1.088517229929843178e-02
2.569452483522774999e-01
3.045064249138540458e-02
-8.064789467669547518e-02
1.950863107399777863e-02
-3.031040437718332970e-03
-6.781340047983815990e-03
1.083442458668418540e-01
1.769738936496723092e-02
9.115353229681168179e-02
-1.424774613101834238e-02
-1.512658538869891822e-01
7.140167143569528529e-02
-1.722052225346744044e-03
1.944559258973425353e-01
-1.358020580205430983e-01
-2.995529355168624272e-02
4.420617350610838055e-03
-7.559684900285745801e-02
-6.106757666765939320e-03
-7.500359078832108395e-02
-5.329321784290338114e-03
-1.415027101794355188e-02
-1.280426262440370611e-02
-8.803537994250780485e-02
1.929270993290378988e-01
1.478138324257007863e-01
5.493011526141928363e-02
2.314153566267070777e-02
-3.789863212814768845e-02
7.843724862420450861e-03
-9.734819870227014171e-02
1.347448470744680715e-01
-5.733958163482037046e-02
1.246178655034986121e-01
4.019332004535524500e-02
2.397184362285888562e-02
-4.552641884373152814e-02
-1.425502046625664876e-01
-1.253319108699552653e-01
5.839398405673495301e-02
-3.057473738907720822e-03
-1.730303650005408922e-02
-1.018930091845026975e-01
2.727617729519396603e-03
5.493204257891654008e-02
