-1.202770248055458069e-01
1.882936060428619385e-01
-3.899161890149116516e-02
-5.766344815492630005e-02
-9.536907076835632324e-03
4.089896008372306824e-02
-2.887025475502014160e-03
-5.543386563658714294e-02
-3.392875567078590393e-02
1.539383769035339355e+00
-2.317471355199813843e-01
1.132999956607818604e-01
5.330174043774604797e-02
-3.996315598487854004e-02
2.409749850630760193e-02
-4.312447831034660339e-02
-3.434820100665092468e-02
1.141844630241394043e+00
-1.678609102964401245e-01
-1.692076399922370911e-02
-5.390815436840057373e-02
8.974474621936678886e-04
-8.220809698104858398e-02
-3.771923366002738476e-04
4.202342033386230469e-02
-1.199566293507814407e-02
-1.230422686785459518e-02
3.754551336169242859e-02
-7.311459630727767944e-04
4.325431212782859802e-02
-5.838214419782161713e-03
-1.944897137582302094e-02
-3.851777641102671623e-03
-2.972736023366451263e-03
4.556158185005187988e-02
-3.814797475934028625e-02
-4.572782665491104126e-02
1.250394526869058609e-02
-2.026978135108947754e-02
1.138555444777011871e-02
-9.354413487017154694e-03
3.586025908589363098e-02
4.076624661684036255e-02
1.667346572503447533e-03
-2.185410633683204651e-02
-2.763146162033081055e-02
-6.006975099444389343e-02
6.694356352090835571e-02
3.480810672044754028e-02
-3.413074417039752007e-03
3.509873524308204651e-02
-7.513766176998615265e-03
-4.337592050433158875e-03
-4.677229002118110657e-02
3.546155616641044617e-02
4.518247209489345551e-03
2.727298811078071594e-02
-2.696055360138416290e-02
-3.513136878609657288e-02
-7.597710937261581421e-02
-5.095793865621089935e-03
-5.312826484441757202e-02
-5.859736725687980652e-02
1.672038286924362183e-01
-2.082213759422302246e-02
-8.750450611114501953e-02
2.186020277440547943e-02
3.058463893830776215e-02
-1.704199984669685364e-02
3.270863369107246399e-02
-6.189049221575260162e-03
1.147769391536712646e-01
7.419739663600921631e-02
-2.316785044968128204e-02
7.422681897878646851e-02
2.181178145110607147e-02
2.309868112206459045e-02
2.440577186644077301e-02
8.353462070226669312e-02
8.358047157526016235e-02
4.570630937814712524e-02
1.284516304731369019e-01
-5.330943036824464798e-03
-5.149687174707651138e-03
-1.668616756796836853e-02
-1.552807241678237915e-01
-2.488931268453598022e-02
-5.382520705461502075e-02
1.108229160308837891e-01
2.949729934334754944e-02
-1.351074967533349991e-02
1.667728461325168610e-02
-1.238448638468980789e-02
-6.997475773096084595e-02
4.007656127214431763e-02
-9.376516193151473999e-02
-2.939656004309654236e-02
9.156421571969985962e-02
-3.565717488527297974e-02
-9.346821461804211140e-04
-1.426342315971851349e-02
5.499234795570373535e-02
-1.502155959606170654e-01
3.418686334043741226e-03
-2.510191174224019051e-03
-6.176860928535461426e-01
5.689756944775581360e-02
-2.355769509449601173e-03
7.473213970661163330e-02
2.001125179231166840e-02
6.145110726356506348e-02
-1.193079426884651184e-01
-2.485397830605506897e-02
-5.575640872120857239e-02
-4.126197844743728638e-02
-5.460039153695106506e-02
2.987112104892730713e-02
-1.539313420653343201e-02
3.107103332877159119e-02
-2.205571532249450684e-02
1.711209677159786224e-02
8.419835008680820465e-03
-1.442314591258764267e-02
-9.124843031167984009e-02
-8.336939662694931030e-02
4.674355965107679367e-03
4.828088358044624329e-02
-4.968162998557090759e-02
3.853885456919670105e-02
-1.894217170774936676e-02
8.973797410726547241e-02
1.023394055664539337e-02
2.144083753228187561e-02
4.426810145378112793e-02
-4.729734733700752258e-03
5.030521377921104431e-02
1.857943087816238403e-02
-5.054438859224319458e-02
5.414784327149391174e-02
5.105460062623023987e-02
-3.619484901428222656e-01
2.087710052728652954e-02
1.223203241825103760e-01
-4.135772585868835449e-02
-1.612070202827453613e-02
-1.793608628213405609e-02
-3.810825571417808533e-02
1.135263824835419655e-03
4.173009842634201050e-02
-2.052431367337703705e-02
-4.780858289450407028e-03
2.451638318598270416e-02
1.080672591924667358e-01
-2.846032381057739258e-02
-7.976613193750381470e-02
2.310229651629924774e-02
-1.117798592895269394e-02
6.939234584569931030e-02
1.721237413585186005e-02
-3.169418498873710632e-02
3.756441548466682434e-02
4.043691605329513550e-02
-6.962037086486816406e-02
-1.161505877971649170e-01
-2.111921757459640503e-01
-6.506256014108657837e-02
7.360624521970748901e-02
-9.267009049654006958e-02
1.349221020936965942e-01
4.501046985387802124e-02
1.116026118397712708e-01
2.503862604498863220e-02
-5.067612044513225555e-03
1.315174624323844910e-02
-5.955058708786964417e-02
4.675625823438167572e-03
8.310497552156448364e-02
1.333927852101624012e-03
1.151490062475204468e-01
-6.476704031229019165e-02
2.135545760393142700e-02
-1.027368288487195969e-02
-9.043452143669128418e-02
-6.711108982563018799e-02
-6.622228771448135376e-02
-5.180784966796636581e-03
-5.543066561222076416e-02
3.121591359376907349e-02
5.628161877393722534e-02
-2.238848619163036346e-02
-2.223918773233890533e-02
1.753775961697101593e-02
-6.553425453603267670e-03
4.137826338410377502e-02
-2.361902222037315369e-02
2.020636573433876038e-02
-4.133609309792518616e-02
-5.639031901955604553e-02
-8.690169453620910645e-02
1.269628256559371948e-01
5.857899039983749390e-02
-6.607837229967117310e-02
-5.786950513720512390e-02
5.099708586931228638e-02
1.147821247577667236e-01
-5.412457510828971863e-02
5.351486802101135254e-02
2.706981636583805084e-02
1.930777914822101593e-02
-2.478429861366748810e-02
-3.161366656422615051e-02
-9.036076068878173828e-02
-8.419553749263286591e-03
-1.104326918721199036e-01
1.688569039106369019e-02
2.029470726847648621e-02
-5.498673394322395325e-02
6.418375670909881592e-02
-1.438104659318923950e-01
4.845151305198669434e-02
-1.553672179579734802e-02
2.950971201062202454e-02
-4.461807757616043091e-02
-6.804784387350082397e-02
3.438644111156463623e-02
1.542122289538383484e-02
4.157238081097602844e-02
-7.433354854583740234e-03
5.606257542967796326e-02
5.215535685420036316e-02
-3.808119893074035645e-02
-4.930569976568222046e-02
6.017458066344261169e-02
2.224991656839847565e-02
-4.877563938498497009e-02
-1.660463400185108185e-02
-3.615729510784149170e-02
-5.570468679070472717e-02
6.947138346731662750e-03
8.989905007183551788e-03
-5.696149170398712158e-02
-1.437713508494198322e-03
1.623969711363315582e-02
4.836801439523696899e-02
6.534964591264724731e-02
-1.024776101112365723e-01
-3.551568370312452316e-03
-7.685890793800354004e-02
-9.209038317203521729e-02
-3.608496114611625671e-02
5.524922534823417664e-02
7.105129212141036987e-02
1.645718328654766083e-02
-7.504601776599884033e-02
2.679060585796833038e-02
2.624949216842651367e-01
1.053637117147445679e-01
-8.498799800872802734e-02
-1.297731231898069382e-02
5.573674291372299194e-02
4.372083116322755814e-03
1.205664426088333130e-01
-3.954335674643516541e-02
1.021727547049522400e-01
4.703569691628217697e-03
-1.450461298227310181e-01
-1.153036765754222870e-02
-5.413274094462394714e-02
3.336104154586791992e-01
-1.149674654006958008e-01
3.187959268689155579e-02
-3.499505296349525452e-02
-2.448408491909503937e-02
-1.011906191706657410e-01
-6.414609402418136597e-02
-4.090837016701698303e-02
-1.532238442450761795e-03
9.702476114034652710e-02
-9.629886597394943237e-02
1.558004468679428101e-01
1.295009255409240723e-01
4.494247958064079285e-02
3.127492731437087059e-03
-5.026936158537864685e-02
1.318318210542201996e-02
-4.490888491272926331e-02
6.993596255779266357e-02
-1.279837340116500854e-01
5.721210688352584839e-02
-3.914205823093652725e-03
-1.736437678337097168e-01
8.392532914876937866e-02
2.799026481807231903e-02
-3.749968484044075012e-02
-6.610939651727676392e-02
1.455539185553789139e-02
-8.798997104167938232e-02
-1.016183048486709595e-01
-1.806802232749760151e-03
3.374404832720756531e-02
