-4.295499967048584111e-02
1.392832173138588148e-01
-9.110238103603408855e-02
-3.555039687745316368e-02
9.899864500296458314e-03
3.011494529974042059e-03
2.591792155125493928e-03
-5.484689077925836154e-02
-3.845000045607046245e-03
1.741575871830011391e+00
-1.605930251728026337e-01
7.237512089115596958e-02
1.128515172827576629e-01
-5.706994192650815395e-02
-6.510461710662869550e-02
-3.088274633729942362e-02
-2.869866582628429613e-02
9.591489761568960937e-01
-1.858370579520809418e-01
-4.944618493290800498e-02
2.550708051340592423e-03
-1.175910606395443557e-02
-6.128169416845179185e-02
-2.858713321020383766e-02
6.113632982974200741e-02
4.400687551558050969e-02
-3.700143507573212115e-02
-1.170571918335789295e-02
7.010147320893983514e-02
-3.577790912145081131e-02
-1.055920628121548993e-02
2.625694610905109777e-02
-3.524516100144861608e-02
4.114335071615796147e-02
7.961623346816040780e-02
-6.758200224859628458e-02
1.341529800917317522e-02
3.989042705762360641e-02
-7.044824917798171715e-02
-3.229109776965691930e-02
-1.225842931905743623e-02
2.106803691629217934e-02
3.347372843137540188e-03
-3.791723690633398702e-02
-1.497809133654268328e-02
2.132337140746410828e-02
-9.745123268439487285e-02
2.659489789426940434e-02
4.662775068958893016e-02
-4.592951948156300500e-03
-2.935386106913934548e-02
-2.814625941272261376e-03
-1.309962269979368481e-02
-3.587819589751756189e-02
-4.085926007284237590e-03
4.305373372802961951e-02
1.150550132720402387e-02
-3.434081615459266129e-02
4.570154921808473186e-03
-4.422354146847308487e-02
-2.905196776083384183e-02
-2.060217913065225809e-02
2.748366195787125144e-03
1.336277876689773436e-01
2.053190075147938443e-02
-5.251861534097335138e-02
2.631749238635191709e-02
3.057736428486488439e-02
1.846984670003526049e-02
9.955016380075973337e-02
8.190624316543980779e-03
2.351812929459854568e-02
9.267326441671212833e-02
-1.241647771143374566e-02
9.284777958392652353e-02
8.012039759936983446e-03
4.767480920922423371e-02
-1.913232802583390846e-02
-5.026164882569262096e-03
1.304715981665291735e-01
1.259389691705723249e-02
5.062449364484652298e-02
-7.283204242437597842e-02
2.215833767228288925e-02
8.606675732030772200e-03
-2.154838078614385588e-01
-2.911771791904221862e-02
-1.137852273502155398e-01
1.201718899684664360e-01
6.539897745624217995e-02
-3.743171351831308530e-02
-3.384645721347028652e-02
-2.448956425027109390e-02
-9.444589076096356409e-03
7.530137162086870950e-02
-7.054529733403297476e-02
-7.993716544438049867e-03
-1.823726050973449239e-02
-5.927067680544652328e-02
-3.117528760245083519e-02
1.525642765333153962e-04
2.151704868046731486e-02
-7.522267023096343430e-02
-1.986030938572740101e-02
5.221520504616108949e-02
-5.660650937025998308e-01
1.323542791207356524e-02
2.202878799911519529e-03
5.065442408097774185e-02
2.013786756680509618e-02
2.458807254643966683e-02
-7.776756289666436617e-02
4.388088767475684798e-02
-7.593001472730780133e-02
-3.675650184964508044e-02
-4.402116832206817709e-02
5.193665205326819870e-03
-1.134057127334041348e-02
1.808001689981439050e-02
-3.671972385986022741e-02
6.357094699666036852e-02
5.470102192884230413e-04
-6.984513659713121290e-03
-5.987307393388137042e-03
-2.038539786079825167e-02
7.446792559092178798e-02
3.034281933040228543e-02
-6.061086129595319449e-02
2.751437687417673458e-02
-2.470981964661114055e-02
4.955868231342638180e-02
-3.812667199848984723e-02
-3.549809170243852646e-02
3.529457513151460727e-03
4.910669829517483320e-02
7.006941834202613795e-02
-3.203448139240313089e-03
-5.178998755642279933e-02
2.532248891761771856e-02
2.543039310986937654e-02
-6.084393149265546752e-01
4.825781928258635056e-02
8.836755646230275152e-02
6.589361413258152484e-04
-1.838168444674469215e-02
2.384135948913455524e-02
-4.310369358343422996e-02
2.201788648580324179e-02
-1.364869953911676016e-02
-5.847219617755262250e-02
-4.176101759688755771e-02
-4.977473107694789338e-03
9.855554688747372727e-02
1.303119020409503927e-02
-4.333287223873373561e-02
2.407981060264293219e-02
-3.873578918224773043e-02
-2.870239494943153252e-02
-1.443743669586071941e-02
-3.788265805972917261e-02
-1.591685327157207972e-04
1.901315200664766350e-02
-4.579815072393324943e-02
-6.370279813650908673e-02
-9.482430580618496363e-02
-9.506160537426155965e-02
4.301705643756319891e-02
-3.112745217782870652e-02
1.022232694373852446e-01
9.549013863268672768e-04
1.960297065328208549e-02
-4.837092573156300500e-03
4.766066582753166608e-02
4.678278378705111665e-03
-3.618129110091407308e-02
5.778264622528540145e-02
-2.171588110890141591e-03
9.835974031114035759e-03
5.293181063143644061e-02
-3.905678612577004327e-02
-1.105435132669468044e-02
-1.992777630489685203e-02
-2.448684861703843973e-02
-3.750039045348631944e-02
2.386029583354815770e-02
-2.189592336935189745e-02
-4.732678586797978842e-02
2.841295912132607224e-02
3.971889064121583712e-02
-1.277996245851447873e-02
-3.201445400335792280e-02
2.688825937161130539e-02
-2.450323174647492733e-02
4.592398264323159507e-02
-2.602382231432448859e-02
6.449376204753652642e-02
-2.567224851001390432e-02
-8.878039768096876450e-02
-4.226810038414906268e-02
1.342796955663402569e-01
4.329675204288382061e-03
-5.321600359825301441e-02
-4.813243563767330424e-02
5.506327250020373425e-03
1.255488697560472600e-01
-2.396376438324097219e-02
4.574745348964847497e-02
2.231764480613965089e-03
-7.215345732854037616e-03
1.501710095315867896e-02
-3.350821794793967107e-02
-4.258999062807684866e-02
-3.449775441819234040e-02
-1.208216669383166131e-01
3.093480138820052516e-02
6.624164884310386470e-02
-2.640184268318492358e-02
2.850405952085938860e-02
-1.152587117514103643e-01
2.458208580954040004e-02
1.302066793740977273e-02
9.919876865653024303e-03
-6.421010830932834257e-02
7.222536801118144799e-03
-1.453416163958344380e-02
2.577097119827979205e-02
-8.388118418552416647e-03
1.601614701227331225e-02
3.230137559686759724e-02
-1.958131948772710677e-03
-1.242813446963397100e-01
3.208739604192168554e-02
4.611100401612270444e-02
5.506522639181790635e-02
-5.672193807545437838e-02
-3.470144964919735786e-02
-4.976046100901600905e-02
-6.468911872530203055e-02
-1.906765632484233239e-02
4.304734094549150097e-02
-2.703333135746111698e-02
2.102767922815518623e-02
1.295515734612832232e-02
3.148344051032491570e-02
8.219305756290082310e-02
-8.859424037319713063e-02
-7.613922893063612696e-02
-6.650997029798889904e-02
-1.108366863391122698e-01
9.687283366530758527e-03
5.200061155020922754e-02
1.828294876501836141e-02
-3.506643920141568754e-02
-1.754699916550799682e-02
1.904367526941160710e-02
9.794018959433792304e-02
8.141986870575985968e-02
-8.891214487313392478e-02
-4.095187583469989817e-02
3.711038848991458222e-02
3.991612487401540593e-02
1.051795870345638567e-01
-6.279967629911735634e-03
1.146935092155858260e-01
2.277879489864269302e-02
-7.946105906681591446e-02
-7.174952312700827103e-03
1.621503466291429260e-02
2.876539569141009500e-01
-2.682774232959648369e-02
-1.100956510179752551e-03
-3.089774403901613883e-02
-5.191943490608950246e-02
-6.662926325831913799e-02
-8.851949549199686351e-02
-2.064514891038400114e-03
1.548270699050250873e-02
6.720886904504511095e-02
-3.773999960915670748e-02
1.807152957145280736e-01
1.641767255107573487e-01
2.523384915465585673e-02
5.479774301513145457e-02
-9.929977981801671461e-02
-2.301737594675550003e-02
-6.340104450790334800e-02
7.185781225052556564e-02
-6.546744649604832600e-02
1.060414562592305598e-01
-1.472853893526803598e-02
-1.114754448545065002e-01
4.751720178241172071e-02
-1.091819935143921796e-02
-1.831641991912038789e-02
5.259191632388185954e-03
8.035756073611175984e-03
-3.484569979867412765e-02
-2.770368509610587199e-02
-2.995398352990533142e-02
3.493499735557092922e-02
