-3.504291489587217645e-02
1.683935770602087156e-01
-8.291147766149134513e-02
-6.099035346664946622e-02
-1.384396777100817787e-02
2.618932820696841593e-02
-6.510147711955799853e-03
-3.228051639464113443e-02
5.547192158711287437e-03
1.918440706904566140e+00
-2.180493775508379750e-01
8.524266402622478200e-02
1.050566731390056713e-01
-2.472175084618223606e-02
-4.189699997988700908e-02
-3.231580391781895684e-02
-6.662842571314916973e-02
1.133311852872518122e+00
-2.010131559708125404e-01
-3.663487902994089912e-02
1.281486681808343027e-02
-3.871648061917840750e-03
-7.057286645070209863e-02
-5.028498989880931386e-02
7.371302701621554321e-02
4.782349809437397986e-02
-4.047046668762036004e-02
3.534589300120613998e-03
1.361683863539426588e-02
-8.488150191320828833e-03
-1.486742815751600048e-02
4.123112880726136076e-02
-1.341000207036098686e-02
4.290946356898947545e-02
7.918681823347925586e-02
-7.411824490854017344e-02
2.404486541695825125e-02
4.777093095848933962e-02
-3.959840992844244900e-02
-6.030409245079660502e-02
-1.200257038229686490e-02
3.118289683887643174e-02
1.700216368286730853e-02
-2.102870752248185357e-02
-3.339694698375381132e-02
-2.768298851086332794e-04
-9.964686736983383031e-02
3.400290568859216933e-02
2.881239174801519896e-03
-1.085627014402714385e-05
2.602275752928195907e-02
-4.143754261040754477e-03
-2.073546291723281018e-02
-4.084292614557846063e-02
8.462387281454800472e-03
2.014577243899378853e-02
-5.418756099743192271e-03
-2.247252790996659422e-02
1.630259751488042155e-02
-7.322664382990923260e-02
2.660674695747124001e-03
-2.138546118927154085e-02
-2.326670669178342726e-02
1.484837419196859687e-01
2.407951443250718956e-02
-5.774911415047837004e-02
8.960622142079759100e-03
4.706638767341866925e-02
5.471389331144103571e-03
7.046122239412266897e-02
2.040177035019589274e-02
3.224540346339307972e-02
1.245603874975098196e-01
-1.084015726722246595e-02
8.011232007653151799e-02
7.937743520823648674e-03
4.682578004082618012e-02
-4.161787736758628536e-02
2.146122909845276858e-02
1.284995006870341960e-01
-1.311938008531419661e-02
5.857513351194520296e-02
-6.616401117994932801e-02
1.614120598208219903e-02
2.156851833346954891e-02
-1.987741092499323292e-01
-1.270657617364087388e-01
-6.403680306094172714e-02
1.554220351856014093e-01
7.048011324092424978e-02
-3.857910732403368320e-02
-4.296595154078276108e-02
-2.334235238661381412e-02
1.704212528142223793e-02
1.061017405239082778e-01
-7.158214747834182323e-02
-1.333999943611795073e-02
-2.544720775026945020e-02
-4.433259730696637035e-02
-3.131946264634594829e-02
1.930392133075205935e-02
-9.479189480012157470e-03
-8.415989476117261003e-02
-1.075781971314086934e-02
4.973905589942738403e-02
-6.938376670974464311e-01
4.950232420767588376e-02
3.374122231590548360e-02
4.095551549274911024e-02
2.886673535678529329e-02
1.599089355431337553e-02
-8.821009830144201092e-02
1.436650769888554897e-02
-9.772341302121377582e-02
-3.661524242618213049e-02
-5.080409660109618669e-02
2.860186692846543657e-02
-1.606786614781004555e-02
-5.409654871861096191e-03
-2.053906570251482627e-02
5.808518865027149231e-02
-9.085446642271951395e-03
-2.776031886193038728e-02
2.696852450704018481e-02
-4.579017055017648580e-02
7.957270131666657753e-02
1.940606010384049451e-02
-5.416885222507138858e-02
7.567225774541679398e-03
-2.477052933719077130e-02
3.516271738391292534e-02
-1.370579571778473595e-02
-5.101214533295618525e-02
-1.114059630706342764e-02
2.630165067790354860e-02
7.193708788323227576e-02
-1.008139258773254471e-02
-1.677585762349376175e-02
4.592635724374134754e-02
3.146879112388197008e-02
-5.253884999667975952e-01
3.193529826606868183e-02
8.050265774809851893e-02
-9.042897965443328842e-03
-1.862199019475759693e-02
-1.400149458673232220e-02
-8.805336338482790820e-03
1.631181846294293275e-02
-7.033926618991962094e-03
-3.922881377813264292e-02
-4.014373784441101212e-02
-1.030864830249554262e-02
9.423121526518499214e-02
2.347556353486124001e-02
-5.545904169103637454e-02
4.886753289272049994e-02
-5.987162824074546835e-02
-4.279843681959031101e-03
-3.706187103007881761e-02
-3.886634596689848842e-02
-7.270181924192224178e-03
1.917946846195324462e-02
-5.754363441415648317e-02
-7.251911252866899416e-02
-1.243484029647186212e-01
-1.213509688076253173e-01
6.957602135680317212e-02
-3.704803337255898471e-02
1.323256578863354349e-01
1.366986469863716927e-02
3.734276949172238985e-02
-1.227308389771754240e-03
5.274703540907906690e-02
-1.447803078819935758e-02
-2.107088893271534188e-02
4.344816946247873762e-02
2.965989901123900971e-02
2.079451863747899462e-02
5.254349613734810021e-02
-4.364234063009209824e-02
9.052532945796448391e-03
-2.136474211554817079e-02
-4.124207572125821591e-02
-6.987551635313814236e-02
-4.428224499441944101e-02
5.087313430315592178e-04
-5.328002466395343611e-02
1.850606988298389780e-02
4.298134556064801132e-02
-1.001201536672366443e-02
-1.312956004190525550e-02
7.405461986807474611e-03
-2.804694393887055548e-02
7.591284542464588059e-02
-2.211491375438016244e-02
9.413490038003974325e-02
-1.748109553502788863e-02
-5.437036124207612203e-02
-4.873201463682962781e-02
1.845391204046605838e-01
1.959985340463441666e-02
-6.274097178147459986e-02
-6.733280937131261301e-02
3.100336146331901521e-02
1.416530072591932199e-01
-1.414907340371496583e-02
3.485661782429164135e-02
4.229350324074546835e-02
-1.005227314801660290e-02
1.272697147286589977e-03
-5.186292183006502299e-02
-3.714609667117239888e-02
-3.669613086724660134e-02
-1.139680248149604891e-01
4.329679327102350234e-02
9.714622207806139498e-02
-6.476056642331012858e-02
1.211094832270430931e-02
-1.388195997259525361e-01
3.162916129389101161e-02
1.529123759619117374e-02
-2.349231064218223856e-03
-4.840705914879270960e-02
1.679025646935929442e-02
-9.847334646677015010e-03
6.326701477171436591e-03
1.151431407400111892e-02
2.325979783970521381e-02
5.417384056592208091e-02
9.392500845623541483e-03
-1.376446060152526629e-01
1.092840600521213790e-02
3.473409419631683093e-02
7.274360283197288390e-02
-5.384806698998564900e-02
-2.664248904320908745e-02
-7.185591760090974389e-02
-7.619239703425977062e-02
-3.440334973872267998e-02
5.752367107407199004e-02
1.160707476629024501e-02
-1.904415098678161576e-03
3.188907629974612606e-02
4.352216651065796832e-02
1.020405925638124545e-01
-1.235937368307801487e-01
-6.362527990578181747e-02
-9.648392006331441006e-02
-1.412898360918991292e-01
5.688099693348730272e-03
5.461540350968488444e-02
3.383830540554173816e-02
-5.602980266283221628e-02
-2.508553308523055192e-02
1.000052160586105236e-02
1.358537417664441305e-01
9.511534879756243510e-02
-1.020611445281173202e-01
-2.863852873954763137e-02
3.354414294557616499e-02
5.017812467276484140e-02
1.107141500314145766e-01
-1.134005885723416394e-02
1.280166592227318934e-01
2.469980962895044693e-02
-1.380563835757959712e-01
-9.193446715859955598e-03
3.759947886503832177e-03
4.240891050166267218e-01
-5.018839566657642276e-02
2.955993515476148040e-02
-1.488285335451156738e-02
-3.669800897757689168e-02
-9.575942341484096343e-02
-6.372028784562418224e-02
-5.872459418051376515e-03
3.591830386673834641e-02
9.545677079874750892e-02
-9.230621078964558468e-03
1.689657397557836060e-01
1.644405663530742745e-01
2.452721802385719740e-02
4.493831158310304663e-02
-6.006583931508563401e-02
-2.145585665535656647e-02
-9.873012006497453030e-02
7.710991753195092779e-02
-5.801076260477910224e-02
1.250332822101558605e-01
-4.830597540979419957e-02
-1.798228037572342786e-01
7.714709563631116929e-02
2.955290408833242261e-02
-2.896498571818061085e-02
-2.137598084748478997e-02
1.535066494783073401e-02
-4.725969086972400812e-02
-2.544413742647584631e-02
-3.142349449478722134e-02
4.333593678167891455e-02
