-8.588074147701263428e-02
2.014034986495971680e-01
-5.812250077724456787e-02
-6.978208199143409729e-03
-1.998690888285636902e-02
3.496212884783744812e-02
-3.451747819781303406e-02
-2.490267623215913773e-03
-1.683900319039821625e-02
1.067494392395019531e+00
-7.606678456068038940e-02
7.980602234601974487e-02
7.160395383834838867e-02
-1.950991712510585785e-02
-1.631890051066875458e-02
-4.602930322289466858e-02
1.128327194601297379e-02
1.103124499320983887e+00
-1.645018309354782104e-01
-4.969739168882369995e-02
-2.585031837224960327e-02
-3.184780851006507874e-02
-1.034791097044944763e-01
-5.071363877505064011e-03
4.399834200739860535e-02
-4.061741754412651062e-03
-7.057713717222213745e-02
-8.233846165239810944e-03
4.893372952938079834e-02
1.668119058012962341e-02
1.003613695502281189e-02
2.942100167274475098e-02
3.602638468146324158e-02
1.793792471289634705e-02
8.239915221929550171e-02
-9.198153764009475708e-02
5.221448838710784912e-03
2.496391162276268005e-02
1.232310757040977478e-02
-3.678594529628753662e-02
8.697228506207466125e-03
-2.372852154076099396e-02
3.446483984589576721e-02
-2.464659884572029114e-02
-2.677052654325962067e-02
-5.862956400960683823e-03
-8.450172096490859985e-02
-3.044952638447284698e-03
-1.484147924929857254e-02
-2.335445210337638855e-02
5.439613386988639832e-02
6.251790374517440796e-02
1.641823095269501209e-03
-1.738799922168254852e-02
-3.317884355783462524e-02
-1.310922205448150635e-02
-1.026597991585731506e-02
-5.412301421165466309e-02
-3.905738145112991333e-02
-2.869964018464088440e-02
2.406679280102252960e-02
-4.670522641390562057e-03
-4.048935696482658386e-02
1.668732762336730957e-01
-5.544097721576690674e-02
-7.064346224069595337e-02
-5.083347670733928680e-03
1.582859270274639130e-02
-6.608679890632629395e-02
5.187286809086799622e-02
-2.115526236593723297e-02
9.682373702526092529e-02
2.189930714666843414e-02
1.985687948763370514e-02
7.636051625013351440e-02
-1.170475687831640244e-02
1.130295218899846077e-03
1.892638206481933594e-02
5.673154816031455994e-02
4.380106180906295776e-02
1.971586607396602631e-02
6.770963966846466064e-02
-7.069351524114608765e-02
-2.906229533255100250e-02
2.884655259549617767e-02
-2.395717650651931763e-01
1.453802287578582764e-01
-7.043728232383728027e-02
4.790912847965955734e-03
6.638680398464202881e-02
4.441899433732032776e-02
2.637854591012001038e-02
6.669881194829940796e-02
-3.279389068484306335e-02
6.701339781284332275e-02
-7.216896116733551025e-02
7.135399617254734039e-03
-2.180618792772293091e-02
-6.550452113151550293e-02
-4.872786626219749451e-02
6.337356567382812500e-02
5.079287290573120117e-02
-1.152918413281440735e-01
-9.282689541578292847e-03
2.012375742197036743e-02
-4.232103526592254639e-01
2.786854840815067291e-02
-1.331963669508695602e-02
6.385976076126098633e-02
2.598732337355613708e-02
3.108621202409267426e-02
-8.262608945369720459e-02
3.250184655189514160e-02
-3.516754135489463806e-02
-7.393492013216018677e-02
-4.103910550475120544e-02
1.602542027831077576e-02
5.275280680507421494e-03
9.341017343103885651e-03
-1.497748773545026779e-02
3.794369474053382874e-02
1.861628843471407890e-03
-2.252971939742565155e-02
-6.532838940620422363e-02
-6.588976830244064331e-02
5.699453502893447876e-02
-2.437776513397693634e-02
-4.426504299044609070e-02
3.432415425777435303e-02
-3.551339730620384216e-02
2.876625582575798035e-02
1.040815468877553940e-02
-1.220425008796155453e-03
1.896942220628261566e-02
3.021192178130149841e-02
2.911822125315666199e-02
-2.060193940997123718e-02
-1.219981443136930466e-02
4.547546058893203735e-02
-1.256384514272212982e-02
-4.145890176296234131e-01
9.556150436401367188e-02
9.166152775287628174e-02
1.552515104413032532e-02
1.850229874253273010e-02
1.883650757372379303e-02
-4.769654572010040283e-02
2.858112193644046783e-02
7.469904422760009766e-02
-7.738450914621353149e-02
6.856966018676757812e-02
-1.626066863536834717e-02
7.255303859710693359e-02
8.361435495316982269e-03
-1.039242222905158997e-01
-3.207398694939911366e-04
-4.418005421757698059e-02
4.566141590476036072e-02
-2.858378179371356964e-02
1.994491368532180786e-02
5.146430432796478271e-02
-6.174783408641815186e-02
-2.777786925435066223e-02
-2.463691309094429016e-02
-1.170336678624153137e-01
-6.596520543098449707e-02
1.219638809561729431e-02
-5.323772132396697998e-02
4.884188622236251831e-02
5.236736312508583069e-02
8.807416260242462158e-02
-1.485740765929222107e-02
-3.280053660273551941e-02
-2.301785722374916077e-02
-8.121030032634735107e-02
-5.046224594116210938e-02
-7.894514128565788269e-03
-4.479525983333587646e-02
4.506995901465415955e-02
-1.349104791879653931e-01
7.825662381947040558e-03
-3.276288509368896484e-02
-6.613939255475997925e-02
-3.453026339411735535e-02
-4.300054162740707397e-02
-4.382145032286643982e-02
-1.460552308708429337e-02
7.232341170310974121e-02
3.834110870957374573e-02
3.432750527281314135e-04
-1.855044253170490265e-02
3.427761048078536987e-02
1.322569977492094040e-02
3.994849696755409241e-02
5.175921320915222168e-02
3.326016664505004883e-02
-6.962044537067413330e-02
-7.198049873113632202e-02
-1.196256801486015320e-01
2.662383764982223511e-02
4.917682334780693054e-02
-3.143405541777610779e-02
-3.293371060863137245e-03
1.633943989872932434e-02
1.404502838850021362e-01
-1.263317093253135681e-02
3.146520256996154785e-02
-6.293598562479019165e-04
1.819516037357971072e-04
-4.560092836618423462e-02
-2.645861729979515076e-02
-4.355618357658386230e-02
6.889285054057836533e-03
-1.315812170505523682e-01
3.427402675151824951e-02
3.027164377272129059e-02
-3.643024340271949768e-02
5.410568043589591980e-02
-2.653112821280956268e-02
7.745042443275451660e-02
-1.986252330243587494e-02
1.660746335983276367e-02
-7.769591361284255981e-02
-1.941309310495853424e-03
-2.511458285152912140e-02
6.162339076399803162e-02
2.668242901563644409e-02
1.900894194841384888e-02
5.042732506990432739e-02
7.781435549259185791e-02
-3.191720321774482727e-02
-6.880110502243041992e-02
6.902521103620529175e-02
8.103888481855392456e-02
-7.040271908044815063e-02
-3.834280371665954590e-02
-3.499566018581390381e-02
6.735330447554588318e-03
-3.416047990322113037e-02
6.492907647043466568e-03
2.491789683699607849e-02
5.056175868958234787e-03
-9.075210429728031158e-03
3.349325433373451233e-02
2.789785712957382202e-02
-8.577097952365875244e-02
-6.877541542053222656e-02
-9.095036238431930542e-02
-8.537966758012771606e-02
-5.015724152326583862e-02
5.265771597623825073e-02
5.748971179127693176e-02
2.868349663913249969e-02
-5.344965681433677673e-02
4.925033822655677795e-02
1.559991389513015747e-01
8.202774822711944580e-02
-7.886108756065368652e-02
2.588951960206031799e-02
1.717311516404151917e-02
5.012646317481994629e-02
7.923958450555801392e-02
-5.387810524553060532e-04
1.106938794255256653e-01
1.519906427711248398e-02
-2.777737937867641449e-02
1.980953849852085114e-02
-3.752088919281959534e-02
1.891156584024429321e-01
-1.009096354246139526e-01
9.214965254068374634e-02
1.032777316868305206e-02
-3.600195422768592834e-02
-3.116220980882644653e-02
-7.609091699123382568e-02
-3.714693710207939148e-02
-2.135699847713112831e-03
3.574243560433387756e-02
-1.004632487893104553e-01
1.466303616762161255e-01
1.322280317544937134e-01
4.925289377570152283e-02
2.720913477241992950e-02
-9.487952291965484619e-02
-4.946826025843620300e-03
-5.610046908259391785e-02
6.897542625665664673e-02
-1.073228120803833008e-01
1.283216178417205811e-01
6.977584213018417358e-02
-9.635941684246063232e-02
-3.297544270753860474e-02
4.283223301172256470e-02
-6.223827600479125977e-02
-5.125215277075767517e-02
1.815078407526016235e-02
-4.029132425785064697e-02
-5.566213279962539673e-02
-2.764038555324077606e-02
3.237750753760337830e-02
