-1.604989357292652130e-02
1.765656024217605591e-01
-1.014228090643882751e-01
-3.867815062403678894e-02
2.495555207133293152e-02
4.154969379305839539e-02
-8.688486181199550629e-03
-3.694403544068336487e-02
-8.321790024638175964e-03
1.316623330116271973e+00
-1.120706796646118164e-01
1.379362642765045166e-01
8.010275661945343018e-02
-4.036781936883926392e-02
-3.427174314856529236e-02
-2.437447011470794678e-02
-1.582893356680870056e-02
1.223251342773437500e+00
-1.874890923500061035e-01
-7.675648480653762817e-02
-2.355458587408065796e-02
-3.481777012348175049e-02
-9.314092248678207397e-02
1.517913211137056351e-02
6.406264007091522217e-02
8.723167702555656433e-03
-4.864544793963432312e-02
-7.978537119925022125e-03
1.125628314912319183e-02
6.687552481889724731e-02
-1.227716822177171707e-02
1.758123375475406647e-02
-2.707949839532375336e-03
3.885296732187271118e-02
9.424960613250732422e-02
-6.821200251579284668e-02
2.800805866718292236e-02
5.094850063323974609e-02
-2.509864605963230133e-02
-6.450384855270385742e-02
1.252366416156291962e-02
1.819724217057228088e-02
4.916520044207572937e-02
-4.628680646419525146e-02
-4.453546553850173950e-02
-2.429370023310184479e-02
-1.045887172222137451e-01
1.832333207130432129e-02
-5.540059134364128113e-02
-4.314558464102447033e-04
2.889074198901653290e-02
3.060705587267875671e-02
-4.387706518173217773e-03
1.339888479560613632e-02
-3.635257855057716370e-02
2.865970320999622345e-02
1.952613703906536102e-03
3.718354925513267517e-02
7.655376568436622620e-03
-5.098466575145721436e-02
-7.302483543753623962e-03
2.463118359446525574e-02
1.386388856917619705e-02
1.606720387935638428e-01
-5.795350298285484314e-02
-4.787149280309677124e-02
1.796515099704265594e-02
5.281285196542739868e-02
1.411763485521078110e-03
7.636166363954544067e-02
1.676240004599094391e-02
5.333944410085678101e-02
8.586101979017257690e-02
1.499568391591310501e-02
7.744372636079788208e-02
9.620864875614643097e-04
-2.309210976818576455e-04
-5.349480733275413513e-02
1.200681645423173904e-02
1.297538727521896362e-01
-7.837560027837753296e-02
6.769940257072448730e-02
-5.371498689055442810e-02
2.605712972581386566e-02
3.781796991825103760e-02
-1.796795874834060669e-01
7.288987189531326294e-02
-8.823709189891815186e-02
1.157316118478775024e-01
4.257721453905105591e-02
-6.224404275417327881e-02
5.255481600761413574e-02
-1.701623946428298950e-02
-4.911282286047935486e-02
5.038064345717430115e-02
-5.059736222028732300e-02
-4.085759446024894714e-02
5.627168575301766396e-04
-2.122042514383792877e-02
-2.431997843086719513e-02
3.034400381147861481e-02
1.616719923913478851e-02
-8.917156606912612915e-02
-1.840720325708389282e-02
8.145480602979660034e-02
-5.017636418342590332e-01
1.115863844752311707e-01
1.712592691183090210e-02
3.228027746081352234e-02
5.147856846451759338e-02
5.680458154529333115e-03
-1.150453314185142517e-01
4.349567368626594543e-02
-4.755559936165809631e-02
-2.880150824785232544e-02
2.233850024640560150e-02
-3.697931021451950073e-02
5.243973806500434875e-03
-4.480229318141937256e-02
-2.775331772863864899e-02
-1.084503438323736191e-02
-2.384237200021743774e-02
-1.967316493391990662e-02
-6.619004067033529282e-03
-8.390949666500091553e-02
4.644030705094337463e-02
-5.439410451799631119e-03
-8.194221556186676025e-02
4.199555888772010803e-02
-3.082900121808052063e-02
1.822757907211780548e-02
8.253416419029235840e-02
-4.095436632633209229e-02
2.110942080616950989e-02
3.187875449657440186e-02
7.872847467660903931e-02
3.876251634210348129e-03
-6.631176453083753586e-03
5.015712976455688477e-02
-1.349268294870853424e-02
-5.611974000930786133e-01
6.790556758642196655e-02
3.226765245199203491e-02
-8.873890154063701630e-03
3.447816148400306702e-02
-1.505624409765005112e-02
-1.474552322179079056e-02
-2.049110829830169678e-02
4.966840520501136780e-02
-4.603211209177970886e-02
-1.739249564707279205e-02
-1.205214485526084900e-02
4.674648493528366089e-02
1.553907431662082672e-02
-9.348824620246887207e-02
-1.874055899679660797e-02
-8.827289193868637085e-02
6.647798418998718262e-02
-5.024957936257123947e-04
-1.862189546227455139e-02
7.248492538928985596e-02
2.580064162611961365e-02
-3.411426395177841187e-02
-8.632730692625045776e-02
-1.081980764865875244e-01
-8.686028420925140381e-02
2.746589668095111847e-02
-2.385567501187324524e-02
9.893316030502319336e-02
6.301174312829971313e-02
7.772559672594070435e-02
3.780456492677330971e-03
-1.736368797719478607e-02
-8.660448342561721802e-02
-4.753846675157546997e-02
-1.093095284886658192e-03
4.082403331995010376e-02
-4.887427762150764465e-02
3.817157447338104248e-02
-1.262539774179458618e-01
7.537172175943851471e-03
-9.177076630294322968e-03
-6.371080130338668823e-02
-8.772103488445281982e-02
-9.778881072998046875e-02
-1.863088086247444153e-02
-8.059539645910263062e-02
1.723557710647583008e-02
4.571578651666641235e-02
4.313364333938807249e-04
-4.666351526975631714e-02
1.219111774116754532e-02
-3.467438742518424988e-02
5.750498920679092407e-02
4.726216197013854980e-02
5.089140310883522034e-02
-4.003861173987388611e-02
-9.289160370826721191e-02
-1.448770314455032349e-01
1.635116338729858398e-01
1.184389088302850723e-02
-9.385571628808975220e-02
-4.332533851265907288e-02
9.384099394083023071e-02
1.301219463348388672e-01
-8.847483247518539429e-02
1.544404495507478714e-02
1.788745447993278503e-02
-5.628637596964836121e-02
8.849023841321468353e-03
-3.774942085146903992e-02
-4.858554527163505554e-02
-7.686670403927564621e-03
-1.688824743032455444e-01
1.909139938652515411e-02
6.086162477731704712e-02
-7.126304507255554199e-02
8.244460821151733398e-02
-1.329832971096038818e-01
7.083407789468765259e-02
8.149137347936630249e-02
7.044067140668630600e-03
-4.888672381639480591e-02
-3.853512229397892952e-03
2.167164906859397888e-02
3.253062441945075989e-02
1.632601022720336914e-02
-1.057372055947780609e-02
8.721344918012619019e-02
6.179826706647872925e-02
-6.307882070541381836e-02
-6.065624207258224487e-02
7.892522215843200684e-02
4.943472892045974731e-02
-6.967161595821380615e-02
-2.209136076271533966e-02
-6.679118424654006958e-02
-2.725786343216896057e-02
-4.762907326221466064e-02
3.138745576143264771e-02
1.877442561089992523e-02
2.036289311945438385e-02
1.669962331652641296e-02
9.021090716123580933e-02
3.562602400779724121e-02
-1.486324667930603027e-01
-3.048732690513134003e-02
-7.077515125274658203e-02
-8.397024869918823242e-02
-3.514406457543373108e-02
7.484568655490875244e-02
5.311901494860649109e-02
1.865177229046821594e-02
-9.787897765636444092e-02
1.796004921197891235e-02
1.873843222856521606e-01
1.328280121088027954e-01
-2.792477048933506012e-02
8.788352832198143005e-03
-1.604434661567211151e-02
4.294743016362190247e-02
1.273975819349288940e-01
1.021069381386041641e-02
3.530652821063995361e-02
3.368227183818817139e-02
-9.342752397060394287e-02
3.327338397502899170e-02
-1.705256290733814240e-03
3.784778714179992676e-01
-6.447262316942214966e-02
-1.598898321390151978e-03
1.816735370084643364e-03
-5.203033611178398132e-02
-1.220308840274810791e-01
-8.675421029329299927e-02
-4.535299539566040039e-02
5.894566886126995087e-03
4.423803091049194336e-02
-7.307400554418563843e-02
1.411977410316467285e-01
1.756520718336105347e-01
5.635317042469978333e-02
9.800557978451251984e-03
-9.248734265565872192e-02
-8.809549733996391296e-03
-1.146165505051612854e-01
2.093244343996047974e-02
-1.021609380841255188e-01
1.652247458696365356e-01
1.409529475495219231e-03
-6.135218963027000427e-02
2.139143645763397217e-02
1.939230971038341522e-02
-5.096000432968139648e-02
-3.109517320990562439e-02
-1.337446644902229309e-02
-3.811951354146003723e-02
-1.695359311997890472e-02
-3.508128598332405090e-02
5.101919919252395630e-02
