-3.437055304059397076e-03
1.295401427144899364e-01
-7.655184308742657429e-02
-3.059593935055244032e-02
5.700346049024152678e-02
2.461538055294192756e-02
-7.838371738303194849e-03
-2.757127990073102858e-02
-2.294098921555417364e-02
1.968237155039326280e+00
-1.894348906711032232e-01
4.783220413713014374e-02
8.490085520786706808e-02
-4.737524418299929319e-02
-6.690690008415624279e-02
-1.461332928015008845e-02
-5.360203555772638517e-02
9.752374958892471302e-01
-1.670709858498753142e-01
-5.188289250267198727e-02
-1.715830751073434569e-03
-4.625340029197763658e-02
-3.826053744381971433e-02
-3.337315409535176591e-03
6.121468945403493039e-02
2.620601128729937307e-02
-1.332251230585257060e-02
2.504799758878655316e-02
-4.579128182479172415e-03
1.315078489329741737e-02
1.520417528485518664e-02
6.295449778447551048e-02
-3.968653957541632554e-02
2.929239001523833291e-02
8.534819396644255374e-02
-6.908758397782704952e-02
1.134767047884275432e-02
1.437648037950527147e-02
-5.207970103836474102e-02
-3.690117669942517831e-02
-3.602050221463239544e-03
4.969767232903835735e-02
4.881366337739237123e-04
-2.577218100843617701e-02
3.156332279732875293e-03
1.486927783743285762e-02
-7.446070723361179755e-02
-7.591020702778868492e-03
2.908224472724584009e-02
-8.144620815881664297e-03
-3.519787940107473034e-02
3.522912932970749533e-02
-6.164415071989558931e-02
-7.154113826959573007e-03
2.387270632838977072e-02
3.085310895664526015e-02
6.261807040192315064e-03
-3.927681581086883006e-02
7.406764994898670101e-03
-3.336433020564041202e-02
-3.197592857160189150e-03
-1.290028589358060279e-02
-2.300090870117910136e-02
1.473893740037133804e-01
-1.305025884405987702e-03
-5.602262487696288429e-02
2.905432118089653400e-03
4.409891263451296700e-02
1.602429076667823832e-02
1.072328231908120100e-01
1.476349263618581542e-02
4.229332155393307480e-02
1.002813867396249170e-01
1.728964692183831671e-03
7.668881465586147028e-02
-1.225377121426785183e-02
2.092981811988439689e-02
-2.686243374622609981e-02
-7.693502381560361932e-03
1.348213895743315405e-01
-2.317711496537404586e-03
7.556144426447213014e-02
-8.264099382587763998e-02
-1.911992047263380567e-02
2.268638436951899567e-02
-1.779706897614849737e-01
-1.187870181855137097e-01
-8.439972339486521979e-02
1.229440437332715158e-01
5.704657522192355806e-02
-6.809263549355297485e-02
-1.992434742869556713e-02
-2.013304753015122961e-02
3.224489941929906990e-03
1.051035014050781535e-01
-3.421184513067055538e-02
-1.078867098826208869e-02
4.540719506724649572e-03
-3.570454440512268318e-02
-5.507708482252966775e-02
4.696876316725511272e-03
2.030814035394723494e-02
-7.646352613239820739e-02
-3.265107266383633633e-02
5.422455411891722449e-02
-6.897361496177000229e-01
2.614256804437786047e-02
3.172478169119225672e-02
5.438785127667421920e-02
3.778852234815050296e-03
2.242049903968246563e-02
-9.513060810880248630e-02
3.431219192548232849e-02
-9.260036303085805720e-02
-5.412474257837835562e-02
-5.329757400639678622e-02
4.996718512168684886e-03
1.411146706808833959e-02
-1.564789438641019451e-02
-3.748697458726899662e-02
2.688243664444956924e-02
-4.989577885634289243e-03
-1.363131276213185895e-02
-1.015416719181058171e-02
-5.608242616060254288e-03
7.047619413800938759e-02
2.394346694326704439e-02
-7.024123981446801779e-02
3.296907391804414916e-02
-2.033037570853392373e-02
3.851945777743014110e-02
-2.979755630732216359e-02
-5.078251230799358390e-02
-4.472222850154781298e-03
3.666569381228932528e-02
5.287983926956490305e-02
-2.326875663001625946e-02
-1.623704318902497584e-02
3.024617521570033621e-02
8.145002742107639374e-03
-7.385278594853337264e-01
3.743886414903990767e-02
9.255336770569749794e-02
-1.826770423090669400e-03
-1.148309984590386267e-02
-1.315069707814326989e-03
-2.785642546348738105e-02
-2.200069298032576726e-03
1.322424519691362335e-02
-2.748226934537403160e-02
-4.003795184738373480e-02
1.773545184238802669e-02
9.020017582032356651e-02
1.278588532876601992e-02
-6.240760173114077991e-02
3.244063298599374895e-02
-5.671987831600727031e-02
-1.511350098079992932e-02
-3.063259757756762319e-02
-4.004435705684943059e-02
1.329777212853567540e-03
2.153299392978834034e-02
-1.899567011408481026e-02
-3.979593216744009565e-02
-1.093396732179886532e-01
-1.079245322876796198e-01
5.181622212253012005e-02
-4.438212013075619466e-02
1.371098335344937968e-01
9.595504465376613473e-03
3.662122087288981198e-02
7.562395192752913858e-03
5.508113491319460014e-02
1.646754598119673160e-02
-5.261129327994683302e-02
3.584868615058829644e-02
-2.495319736637769629e-03
4.305610983954272360e-05
4.677812343705751996e-02
-7.967631853823912980e-02
1.576229941167705054e-02
-1.879718667856310893e-02
-6.058107328758598198e-02
-7.323956029361052000e-02
-2.348979880291452230e-02
8.047463802002450053e-03
-5.317652179212836727e-02
-6.793980813239649912e-03
4.209472437687838270e-02
-2.216122633034238107e-02
-3.139783276972248072e-02
2.780569841244296542e-03
-4.454563139022234275e-02
3.881898606854451705e-02
-1.843304985137059204e-02
8.063341562451470379e-02
-2.861710207341804438e-02
-7.363313276047328548e-02
-5.999356927674729528e-02
1.386359237546702650e-01
-6.042554623769057567e-03
-4.570872554387543640e-02
-6.676563756063359778e-02
2.416396717121399584e-02
1.566380771896609958e-01
-7.698186971561298518e-03
5.156360440798308381e-02
1.977182170562413657e-03
-1.527229085153388247e-02
-5.780356415293656618e-03
-6.566340627826142140e-02
-3.929042019030502125e-02
-3.303082441932761459e-02
-1.336192620028272826e-01
2.480447919687879532e-02
7.881038417554284137e-02
-4.910443663702737660e-02
3.310172330822538922e-02
-9.040853246695411405e-02
2.285813185410938420e-02
2.660295808630754044e-02
-9.995565775185212554e-03
-3.343019770437292981e-02
6.630664141003959899e-03
-2.018947225141935059e-02
-2.983922975536310550e-03
2.862625269125848582e-02
6.792544436096063787e-02
4.014875840277841446e-02
3.201598008768464371e-02
-1.127353263252610371e-01
3.635906671138061652e-02
4.826862816899076675e-02
5.314095860614648920e-02
-5.321697363380271939e-02
-3.769670951365226841e-02
-4.407255582202495442e-02
-3.767793547003032983e-02
-1.796973040740985905e-02
5.218126999709963437e-02
-4.882974748951472883e-03
4.405950899912303848e-02
1.618099203063481581e-02
3.233379177267080296e-02
1.038522285704171905e-01
-8.776268138696799448e-02
-7.089839378756770949e-02
-8.471309692983858275e-02
-1.053059524128977104e-01
-9.112565722087987916e-03
6.057284821359243399e-02
1.214703370646027722e-02
-2.376309517420456888e-02
-2.649511773167517736e-02
3.319422639771305028e-02
1.666966111696005226e-01
8.881786381875234060e-02
-6.830995318880231371e-02
-3.028684338930998782e-02
4.097097141228338291e-02
6.212719985937800032e-02
1.120650363202139455e-01
-1.534374172140057918e-02
1.151274936426065765e-01
3.635435870400524627e-02
-1.056555715830509029e-01
-7.670067722868460433e-03
1.484954814191118090e-03
2.821054790625656672e-01
-1.669711207839091535e-02
-2.568672543354168919e-02
-1.342742771890615208e-02
-6.555965169791219682e-02
-1.155699972709168799e-01
-6.032697916333619459e-02
-2.438492682574518872e-02
1.638595984865007585e-02
7.385409910568288550e-02
-2.011250045675031309e-02
1.545173283931980668e-01
1.738084811681845920e-01
2.328821981351455669e-02
1.769761048040712284e-02
-7.770247027697338438e-02
-3.873399215046040289e-02
-5.067997543111520120e-02
9.524449237626633757e-02
-6.337794190021832363e-02
1.021673373283760733e-01
-5.768127527827512924e-02
-1.764698903057029811e-01
4.581224818070640803e-02
1.376115652783265093e-02
-2.848268411391010127e-02
-3.233222169347029634e-02
3.279927119064529606e-02
-4.042383003407357123e-02
-2.391901697412623581e-02
-3.838392693507979708e-02
4.679629978007472657e-02
