-3.645943184135150977e-02
1.668142196626360152e-01
-6.868596572609199369e-02
-2.575901785103826974e-02
4.330059162621359425e-02
6.105746661400441450e-02
-1.120498075084876621e-03
4.382174227098025246e-03
-4.863151432105985300e-02
1.333944962249223432e+00
-8.775649574021800181e-02
7.665176244054131005e-02
1.013403978940389943e-01
-1.487262613530088325e-02
-5.168998956573177261e-02
-1.390249372257513528e-02
-1.115057226274439751e-03
1.150560523334179797e+00
-1.564485708242171480e-01
-6.371550468618751573e-02
9.190656802045586368e-03
-5.415731170243548442e-02
-1.009972532403156792e-01
-1.181220028377180480e-02
3.582159055287428145e-02
1.159456692750556774e-02
-5.259283915721269659e-02
5.200443788336817086e-02
2.540606054790514948e-02
1.802572965859477322e-02
1.564253042336238159e-02
4.199143873404260346e-02
-2.858114297511403501e-02
3.304914390392720697e-02
5.716098395591998754e-02
-9.410990365738118590e-02
-6.279911411544204965e-03
4.597474485871540228e-02
-7.315207178818892856e-04
-2.604579282811553959e-02
-6.708644902637914652e-03
5.625185808418471656e-02
8.373373990339183850e-03
-1.375427621669031257e-02
-3.009659758078202241e-02
-1.755766628174691354e-02
-9.514170314667129424e-02
-1.360262368736081529e-02
9.205525261083719740e-04
-9.582349031995370317e-03
6.967663077982458320e-02
3.810646894870436258e-02
-5.074881460333603711e-02
4.806979677671611821e-03
-2.867015073984562762e-02
1.891321762492430281e-02
-3.444603118178122397e-02
-5.150374118764467976e-03
-1.208991733890906091e-02
-2.234238209521082971e-02
1.416212235678940105e-02
3.388384625486536017e-02
-1.429132144581689128e-02
1.951797824263542536e-01
-5.375704622150378337e-02
-5.926993335162675236e-02
5.909087977381698078e-04
1.449918269095763941e-02
-2.953541657255425931e-02
1.039371563879637056e-01
2.933797962799552031e-03
6.512884573826453749e-02
2.744358625585430200e-02
-1.043861775019046256e-02
4.331237634392520047e-02
2.127168820864736454e-03
-2.010673625338194048e-02
4.167456646546450864e-03
2.330599142106888969e-02
2.822448953429313595e-02
-1.992745688329003104e-02
6.440881427063595288e-02
-4.283529796802660466e-02
1.259458917110063345e-02
4.334577989020287070e-02
-2.397136726609657986e-01
1.119368001852132227e-01
-8.936025703675938917e-03
6.664089989725976992e-02
1.029343346181457730e-01
8.581663272070225515e-03
2.762935950140313866e-03
4.967338995860783556e-03
-1.447214365531782933e-02
1.079740827397638325e-01
-6.132634513085796074e-02
6.324450466833159493e-03
1.277964643901027472e-02
-5.123793046507198190e-02
-2.746311855508048322e-02
4.408977186846808893e-02
2.955389726099314288e-02
-1.346310092808062076e-01
5.080362117143089225e-03
2.884715519680583484e-02
-5.689941377634740727e-01
2.704224531808569962e-02
5.087263760048152741e-03
8.168410874836397328e-02
3.470354228679113640e-02
4.063167439005238753e-03
-7.621659588141714570e-02
3.480739183279287635e-02
-5.814785748776640090e-02
-4.567311617734318846e-02
-3.600824073689710969e-02
2.734640168071535843e-02
-1.774487088642290669e-02
-1.574705958177768234e-02
1.011677834948098743e-02
3.570451308152788915e-05
3.254595410371818182e-02
-1.365462596002288073e-02
-1.285589060569423785e-02
-7.532864530172539430e-02
5.579001256476968928e-02
6.572693208515351798e-03
-3.966384729417158500e-02
4.839866718514973520e-02
4.209500808896156354e-03
2.003055289412445511e-02
4.211567665245111863e-03
-2.790661930853934394e-02
1.847913725335935398e-02
6.244034672232423588e-02
8.446862149840791978e-02
-4.276876272043669824e-02
-3.752618725474814870e-02
4.580567636706159296e-02
-9.409300038512324188e-03
-5.105937887641381900e-01
6.787259605112470895e-02
3.199707765708327545e-02
-1.420139083896583380e-02
-1.930607771515317544e-03
6.005530299515540044e-02
-2.241693915388569269e-02
-2.602208747020960666e-02
7.806138350888094934e-02
-1.335427185000170880e-02
-2.091394410913295296e-02
-1.222441382785487141e-02
1.084858571178283354e-01
2.388740818698599500e-02
-1.128547967873991531e-01
4.474118394377185615e-02
-4.984125780166435288e-02
7.266348679913217645e-02
-2.622818172307509951e-02
-8.529987690287659657e-03
8.133349551190638405e-02
3.869653169605466632e-03
2.582603180807387013e-03
-8.322671327380239473e-03
-1.137785450567482537e-01
-5.343776669421870795e-02
2.295270027324139081e-02
-1.824616552184008195e-03
9.364592630113204030e-02
6.015167918921295043e-02
3.905724671527343456e-02
-9.590122844164501725e-03
-6.052121188142202401e-02
-1.247156382431421039e-02
-8.993578621303061071e-02
8.281666256641792914e-03
2.855622862249345556e-02
-3.807172346598553837e-03
6.052027234706784664e-02
-1.408949277430358860e-01
5.162366893258824377e-03
4.553274998328868742e-03
-4.822248780150563408e-02
-4.732830386444882714e-02
-3.345167952878069090e-02
-3.310431173967347956e-02
-2.813798083555947224e-02
7.666976620798822417e-02
5.357773823615235437e-02
-2.991274453837710831e-02
-6.826074773886034799e-03
6.218605230036735850e-04
-9.312599538180234282e-03
2.758478825394722680e-02
1.089855558563761206e-02
5.840059699825164707e-02
-4.566021546451036472e-02
-7.484265327248686150e-02
-1.380111581961428746e-01
9.450383085832958496e-02
-1.491034343195092940e-02
-4.568848734091442154e-02
-2.571981971470815170e-02
6.034095482329657895e-02
1.414458859498007592e-01
-3.898108720206554939e-02
-2.453239852113286469e-03
3.877994577370167534e-02
-5.448217120532661967e-02
-3.006649671237375879e-02
-4.379272162861880258e-02
-4.547049152469428285e-02
-1.075075538562076348e-02
-1.586545402573206198e-01
1.467670937640405508e-02
5.004258999842501471e-02
-5.576709174189554974e-02
6.921809509209382594e-02
-4.005025106647164268e-02
5.804228625698364813e-02
3.874521161785641349e-02
5.401178880015530120e-02
-3.722022813076883430e-02
-6.901239906825662289e-03
1.204217754761273927e-02
4.594125069744926099e-02
1.069056914873647152e-02
3.295596486896958111e-03
7.642702773070461642e-02
9.019781614443944662e-02
-5.630145786734973290e-02
-1.529974942189545051e-02
6.340026944891435923e-02
6.685661603113828011e-02
-7.951330269999853928e-02
-1.519043555362820097e-02
-2.830904762616964082e-02
-2.648411421960158996e-02
-2.248865853265832881e-02
2.709483778047532682e-02
4.590437993555996493e-02
3.816385923627322457e-02
-7.292238812883367755e-03
2.101706873522689659e-02
3.953639969748710958e-02
-6.485644277528032631e-02
-6.398309551636273407e-02
-7.795554043313278336e-02
-9.625782226734191926e-02
-4.312417855128342775e-02
6.179679430496815701e-02
3.715790886474795718e-02
3.626928105724760987e-02
-4.318364106056240409e-02
1.057109090182783637e-02
1.477602912682405012e-01
8.683419731068449388e-02
-4.846497351066349213e-02
2.461150540607113385e-02
3.624375147654738949e-02
3.935869178206374136e-02
7.990431114447607563e-02
1.779987179982199085e-03
6.308696097244877177e-02
2.950919068720575869e-02
-6.499814077120490141e-02
2.369918654829462207e-02
2.800366796119557310e-03
2.495702369557148692e-01
-5.875158223308296623e-02
1.945382068465098882e-02
-3.982216658281760059e-03
-1.340091353071401654e-02
-7.437476039489362978e-02
-8.698400773268250008e-02
-4.361829254501523728e-02
-1.395117781743556058e-02
4.024175869079769929e-02
-6.195894267302846231e-02
1.553099314943056364e-01
1.900483796284991589e-01
9.138530529925609214e-03
1.710715836661351463e-02
-9.857190015090543100e-02
-2.213924713710051576e-02
-4.638727674756060876e-02
5.771121247356712780e-02
-7.324506810279150792e-02
1.434649118924713196e-01
-2.616443407868326507e-02
-1.278383571300374943e-01
2.215180685142408012e-02
1.023695483852943202e-03
-4.681061566608388236e-02
-2.942944472813824666e-02
2.485098174376965813e-02
-1.544248114407012484e-02
-1.977390620841248947e-02
-6.204834628218339199e-02
6.909926426543178644e-03
