-8.081240729941359391e-02
1.695644796407082822e-01
-5.798601384376479706e-02
-4.645924920399187308e-02
-2.725594654278114259e-02
3.451701292508050928e-03
-2.602318607799447917e-02
-1.951906216952300696e-02
2.772196048855237252e-02
1.198468853557411951e+00
-9.651708118662477576e-02
9.963754607588992673e-02
7.753279596421971953e-02
-4.160545037691080333e-02
1.960181284079694306e-03
-6.769172870368072269e-03
-2.714610134381251552e-02
1.061747419177496488e+00
-1.816175393327275900e-01
-6.303181294429470449e-02
-5.398934498028114259e-02
-1.530805582263478765e-02
-1.089027430067727453e-01
-1.523322034380583494e-02
3.746422392667753121e-02
1.587143353284440174e-03
-3.743593354501359438e-02
8.552087212013757345e-04
9.104178129963119703e-02
1.099756989797208775e-02
4.987047531360715505e-03
1.836340865365342773e-02
-1.195544426696384943e-02
1.642889349024746759e-02
6.635271899052043454e-02
-2.839827323086240030e-02
-3.171441636689102672e-02
3.471315208360375992e-02
-3.061115299903696338e-02
2.443677160842317939e-02
-9.553304529837419040e-03
1.421160593296876690e-02
1.480859524877878655e-02
-2.186154715548787458e-02
-6.487490539797781397e-03
-3.602145920148168423e-02
-7.510562438438220245e-02
7.002990936101737007e-02
4.975440757286242466e-02
-3.036966879166157554e-02
2.210934524812260479e-02
2.897065200247583502e-02
-1.799713852930460078e-03
-6.633731363245040646e-02
-7.743568758870384219e-03
2.083225150337205886e-02
4.079726187879869313e-03
-4.458009378388284177e-02
-3.551084913021318457e-02
-1.619205102314245567e-02
3.162672662298803006e-02
3.087218844012950061e-02
-1.337673115660743947e-03
1.584646134302032661e-01
-4.048880425668684863e-02
-8.771669209470396578e-02
4.333203235357840910e-02
-3.681063707016515862e-02
-3.049394626098090449e-02
4.530611415844570250e-02
-6.954994875667874082e-03
8.236801291699753780e-02
3.783810585261632858e-02
9.930859768709054958e-03
8.821698594482536848e-02
-6.969627076397691412e-02
6.328893552883000165e-03
-2.246592038021795815e-02
3.764595365072089233e-03
2.584855597958153270e-02
3.277657936163417413e-03
5.819116385049363793e-02
-5.607192793000664172e-02
-1.912642500307808885e-02
1.611214038853595737e-02
-2.655416052639616442e-01
1.420726860883740894e-01
-1.164209231188819971e-01
-2.109350318617999893e-03
5.253415381306025811e-02
3.427850250733014553e-02
4.971164763779339912e-02
5.429350852660471197e-03
-5.596433276336987978e-02
6.683982209600201896e-02
-7.569480849275765644e-02
-1.326759433567204459e-02
1.095250307391326672e-02
-6.332062985335888683e-02
-2.309405223135203161e-02
2.414052791492639349e-02
9.662512747821953851e-02
-8.442517255194095793e-02
-1.178017569624463523e-02
7.465827247148114354e-02
-4.623732853374158402e-01
3.650000537994474523e-03
1.584820991827077391e-02
7.816602627304032602e-02
3.604760207921330756e-02
3.452140906323015318e-02
-6.871854503268023939e-02
3.717721151744536601e-02
-3.870867635731792961e-02
-3.139197014277560899e-02
-2.326391009880426908e-02
1.373566164566328296e-02
-1.893587876875009457e-02
4.232430867672716535e-02
-1.575766429240222505e-02
1.726270476748259161e-02
1.464683805696707572e-02
2.940241400618767362e-02
-6.545108797321441685e-02
-1.161381460646274538e-01
3.893893277286662041e-02
3.861879903019915274e-03
-2.864928512278473033e-02
-2.786647147148401185e-02
-1.135638014917755324e-02
5.505292612920528739e-02
-3.201650231500923621e-02
-2.149158740686991226e-02
3.822905968915596420e-02
4.408141801832154982e-02
2.069202061508330567e-02
-1.703978006457783009e-02
-4.221424164358497655e-02
4.419846071093833789e-02
1.433344322637888912e-02
-4.414715102583876560e-01
7.386428508878258026e-02
6.866648297554327207e-02
-5.448345636790990001e-03
3.040598528285728681e-04
5.982785265474436370e-02
-8.543100970624055435e-02
7.879999105803224199e-03
4.917112537199540279e-02
-4.117153527680848801e-02
1.267763660391819230e-02
-2.483790185465598044e-02
1.257830783609868164e-01
-3.818835451642148618e-03
-1.037848011960165184e-01
-2.995213213734862490e-02
-6.667610474760625461e-02
2.776423574391445256e-02
-2.603272494745773741e-02
-4.251811717831345538e-02
4.874272443563596596e-02
-4.393646150289006597e-02
-1.917350790830253671e-02
-7.757720008198693007e-02
-1.018927905787570809e-01
-7.925892681592933142e-02
-3.693315058497410441e-03
-3.132754502480605829e-02
4.852203112353587616e-02
3.610010780469740527e-02
8.375927483087212966e-02
4.069604304653736369e-03
-2.378270566466201066e-02
2.809850209438303527e-03
-6.926710552500267570e-02
-6.524328527716640597e-03
2.188360753876483072e-02
-2.400320324072659911e-02
9.580435594925400256e-02
-6.317002122688331056e-02
-5.224283334689442532e-03
-1.518770705517080710e-02
-4.077133524278248045e-02
-3.719214710903020332e-02
-3.711086632217522330e-02
-4.351385062487592159e-02
-3.455793899991219109e-02
7.627401565578088849e-02
5.304502113740398178e-02
-1.989023134547220995e-04
-4.579471604271337370e-02
1.636037469290693713e-02
-2.697008804408205021e-02
4.219427656796420623e-02
1.583169352518019879e-02
2.921742294696237988e-02
-5.812584393921895604e-02
-7.672066664725959995e-02
-5.684174098024487309e-02
4.539859477483659811e-02
-1.480805441147117936e-03
-3.068891053725298843e-02
-3.770030768362590129e-02
3.983387893852221445e-02
1.271315616982651997e-01
-1.538473122019741804e-02
5.446637793277453454e-02
2.444733576188190191e-02
-1.689660567914573128e-02
-1.829883067516091880e-02
-5.628268530811431775e-03
-4.328376198307194028e-02
-8.528700018039032243e-03
-1.207625273448834080e-01
-3.924962364993586292e-03
-1.999129865707034714e-02
-3.470682514927538737e-02
6.448242202413222157e-02
-5.086370147476253212e-02
3.700271190972274915e-02
-4.931312510819542243e-04
1.067718076638211368e-02
-1.159801106537192844e-01
-5.642792890306453507e-02
-2.481776714113777607e-02
9.042476911946611962e-02
3.674864653564665490e-02
2.647728063128025611e-02
8.289159376288501857e-02
7.773585439159781674e-02
-8.906560791541316691e-02
3.053618236913588271e-03
4.651929729137715269e-02
5.022522916849601893e-02
-6.553152989134584938e-02
-4.740039280233037527e-02
-4.291827247267420570e-02
-1.524472403023494592e-02
-1.390747594139414046e-02
2.496421684289720083e-02
-1.772315794569296471e-02
2.683961226697196070e-02
1.505461307556684586e-03
3.972963924677969799e-02
6.312779443949192992e-02
-7.365060099090603440e-02
-2.105910770436124693e-02
-8.046938828589099424e-02
-1.501904895640853443e-01
-1.280829506799474604e-02
2.155137824117996440e-02
4.937208476341187896e-02
1.540214333866948317e-02
-1.928819058357703412e-02
3.726562455260334916e-02
1.267268466863537002e-01
9.176870392411007327e-02
-1.193842697603767350e-01
5.256338745600003248e-02
4.179679819690797909e-02
2.360736345991039722e-02
7.504216116921567925e-02
-8.534328827174133755e-03
1.066832082133912646e-01
3.313834196470839821e-02
1.898502645612995402e-03
3.494253607567994468e-02
-1.555955985087494053e-02
2.622908510128583170e-01
-7.069740279681367701e-02
8.239774242456057718e-02
-4.799236475109713851e-03
-5.323566057936792578e-02
-5.265040983322961943e-02
-3.025728834499507441e-02
-2.235793187735748283e-02
-2.361852041393376969e-02
5.415913573823549765e-02
-9.464343620195317386e-02
1.635864848748911915e-01
1.758549064022341679e-01
6.041583997707420522e-02
1.726809589714601439e-02
-1.095002561494968218e-01
5.009531543343072151e-03
-3.135097369617877855e-02
6.803622039785135744e-02
-1.113542678777316303e-01
1.593199016109142774e-01
3.409168830674564471e-02
-6.465263408060106798e-02
4.041255202179143760e-03
-1.136425619441544001e-02
-3.594078612841310194e-02
-2.407193082317166458e-02
3.510234243167120044e-02
-5.961728169190858712e-02
-7.561667066738696208e-02
-2.715457391792049091e-02
1.847560454920074702e-02
