-3.898774832487106323e-02
1.820089668035507202e-01
-8.333762735128402710e-02
5.207279697060585022e-03
2.964081615209579468e-02
8.528003469109535217e-03
-8.841578848659992218e-03
1.620025001466274261e-02
1.460631750524044037e-02
1.311362385749816895e+00
-6.570193171501159668e-02
1.184545904397964478e-01
6.823854148387908936e-02
-3.385959565639495850e-02
-5.801895260810852051e-02
-7.977686822414398193e-03
-3.912818431854248047e-02
1.267883539199829102e+00
-2.039490491151809692e-01
-6.730967015027999878e-02
-1.816384610719978809e-03
-3.891986608505249023e-02
-9.892324358224868774e-02
1.120796427130699158e-02
3.511732816696166992e-02
6.997684016823768616e-03
-1.309966109693050385e-02
-2.002435177564620972e-02
-1.160892285406589508e-02
6.420235335826873779e-02
-1.465605851262807846e-02
9.488952159881591797e-02
-4.518646374344825745e-02
4.057602211833000183e-02
1.125986278057098389e-01
-6.859920173883438110e-02
-2.269854582846164703e-02
2.757988125085830688e-02
-1.850718818604946136e-02
-5.500046908855438232e-02
1.034364849328994751e-02
4.979312419891357422e-02
4.185510799288749695e-03
-1.859963685274124146e-02
-1.922522671520709991e-02
-9.648378938436508179e-03
-8.993241190910339355e-02
4.013291746377944946e-02
-5.922446027398109436e-02
-8.120663464069366455e-03
2.654733322560787201e-02
5.289868451654911041e-03
-3.342882171273231506e-02
-1.007723808288574219e-02
-5.633682385087013245e-02
8.482366055250167847e-02
-1.606069877743721008e-02
3.606322407722473145e-02
4.222519695758819580e-03
-6.763142533600330353e-03
3.419011458754539490e-02
-2.266978990519419312e-04
-2.792239561676979065e-02
1.598449051380157471e-01
-5.750021710991859436e-02
-8.282817155122756958e-02
-5.385110853239893913e-04
2.908051200211048126e-02
-5.354436114430427551e-02
8.612334728240966797e-02
3.055807948112487793e-02
4.985916987061500549e-02
7.002109289169311523e-02
2.328452840447425842e-02
9.142217785120010376e-02
2.847466617822647095e-02
1.492278091609477997e-02
-3.514112532138824463e-02
5.249652266502380371e-02
9.437904506921768188e-02
-1.874184794723987579e-02
5.593437701463699341e-02
-3.304757177829742432e-02
-1.977519877254962921e-02
5.794699490070343018e-02
-1.673415750265121460e-01
5.113473162055015564e-02
-4.943216964602470398e-02
8.875689655542373657e-02
3.758858889341354370e-02
-3.887215256690979004e-02
3.095615096390247345e-02
-8.066913112998008728e-03
-5.906455963850021362e-02
5.039123073220252991e-02
-8.897852897644042969e-02
5.149421747773885727e-03
3.036266937851905823e-02
-9.496636688709259033e-03
-2.232836745679378510e-02
4.276121035218238831e-02
1.616805605590343475e-02
-1.066033542156219482e-01
1.317132543772459030e-02
6.765121221542358398e-02
-5.252784490585327148e-01
6.905993074178695679e-02
5.996523424983024597e-02
6.703560054302215576e-02
3.132880106568336487e-02
2.968561835587024689e-02
-1.391119509935379028e-01
6.773003190755844116e-02
-2.132576704025268555e-02
-7.343595847487449646e-03
6.840643007308244705e-03
-3.298735246062278748e-02
2.779251523315906525e-02
-2.819325216114521027e-02
1.923832111060619354e-02
-3.850899869576096535e-03
-2.483522519469261169e-02
-4.009944573044776917e-02
-1.002862304449081421e-02
-4.629241675138473511e-02
3.146434575319290161e-02
-6.929639726877212524e-03
-5.172159895300865173e-02
1.080709742382168770e-03
-2.159038744866847992e-02
4.610751569271087646e-02
8.860939741134643555e-02
-1.900245435535907745e-02
5.966855678707361221e-03
6.603954732418060303e-02
4.698207601904869080e-02
6.090756040066480637e-03
1.442207209765911102e-02
4.489486664533615112e-02
-2.818376012146472931e-02
-5.469974279403686523e-01
3.896168619394302368e-02
2.456179261207580566e-02
-8.435129188001155853e-03
4.996969830244779587e-03
1.577259600162506104e-02
-5.609025806188583374e-02
-3.956015035510063171e-02
7.089890539646148682e-02
-4.792805761098861694e-02
-3.279562294483184814e-02
-4.928289726376533508e-02
1.677123829722404480e-02
-6.418210454285144806e-03
-8.404087275266647339e-02
-1.836117170751094818e-02
-7.105169445276260376e-02
8.852523565292358398e-02
-1.098130177706480026e-02
-7.257623597979545593e-03
5.180272459983825684e-02
-3.659009700641036034e-03
-4.172125458717346191e-02
-7.240484654903411865e-02
-1.220100969076156616e-01
-1.073256582021713257e-01
3.354755043983459473e-02
-2.224404737353324890e-02
8.822113275527954102e-02
8.619508147239685059e-02
7.742515951395034790e-02
-3.919919207692146301e-02
-2.931339666247367859e-02
-5.008907243609428406e-02
-8.655223250389099121e-02
-8.073278702795505524e-03
2.886585146188735962e-02
-2.665504999458789825e-02
8.037446439266204834e-02
-1.197510063648223877e-01
7.806834299117326736e-03
-3.389088669791817665e-03
-6.644748151302337646e-02
-5.267937481403350830e-02
-9.513518959283828735e-02
-2.776668220758438110e-02
-8.018706738948822021e-02
2.933580800890922546e-02
4.835630580782890320e-02
-2.153292857110500336e-02
-3.500840440392494202e-02
1.858050376176834106e-02
-3.356611356139183044e-02
3.880227357149124146e-02
-8.339546620845794678e-03
3.580527752637863159e-02
-6.574954092502593994e-02
-8.879029750823974609e-02
-1.752384752035140991e-01
1.293431371450424194e-01
1.156115788035094738e-03
-7.524015754461288452e-02
-2.190756797790527344e-02
6.996592879295349121e-02
1.460425704717636108e-01
-5.185220018029212952e-02
-1.292901579290628433e-04
1.043229456990957260e-02
-6.418848782777786255e-02
-3.034674748778343201e-02
-5.137896910309791565e-02
-7.540076971054077148e-02
-2.640635333955287933e-02
-1.527286320924758911e-01
1.644075475633144379e-02
7.450951635837554932e-02
-8.304237574338912964e-02
7.572151720523834229e-02
-1.115156412124633789e-01
3.985025361180305481e-02
4.104658588767051697e-02
-6.937484140507876873e-04
-2.800102904438972473e-02
-2.499703131616115570e-02
1.106439717113971710e-02
8.624762296676635742e-03
7.164418697357177734e-02
-6.681095343083143234e-03
1.218252554535865784e-01
9.407137334346771240e-02
-7.867768406867980957e-02
-5.035505071282386780e-02
8.498108386993408203e-02
7.033997774124145508e-02
-3.282515332102775574e-02
-3.825444355607032776e-02
-5.051421001553535461e-02
-2.969904057681560516e-02
-2.597718499600887299e-02
5.499051883816719055e-02
2.878830768167972565e-02
1.589463464915752411e-02
1.363991387188434601e-02
8.609706163406372070e-02
3.325068857520818710e-03
-1.490891277790069580e-01
-4.708605259656906128e-02
-8.451426774263381958e-02
-9.710200130939483643e-02
-4.636266455054283142e-02
5.910980328917503357e-02
6.882525235414505005e-02
5.583897233009338379e-02
-7.765382528305053711e-02
-3.119225613772869110e-02
2.110407650470733643e-01
1.251395493745803833e-01
-6.376098096370697021e-02
2.602666057646274567e-02
3.495017299428582191e-03
5.009519308805465698e-02
9.623862802982330322e-02
5.326343234628438950e-03
6.805899739265441895e-02
3.502043709158897400e-02
-5.151223018765449524e-02
2.453880943357944489e-02
2.127549052238464355e-02
3.078850805759429932e-01
-9.357475489377975464e-02
5.919814482331275940e-02
2.032227255403995514e-02
-6.505126506090164185e-02
-8.589644730091094971e-02
-7.394126802682876587e-02
-4.904502630233764648e-02
1.632061041891574860e-02
6.679261475801467896e-02
-9.502043575048446655e-02
1.557063460350036621e-01
1.698875427246093750e-01
6.590863317251205444e-02
5.086969118565320969e-03
-6.797309964895248413e-02
1.659638620913028717e-02
-9.346823394298553467e-02
4.880242049694061279e-02
-9.605203568935394287e-02
1.400683373212814331e-01
-1.617684774100780487e-02
-1.268143355846405029e-01
3.300945460796356201e-02
3.184320032596588135e-02
-4.892544075846672058e-02
-5.871866270899772644e-02
-3.288320498540997505e-03
-3.520646691322326660e-02
-2.954574115574359894e-02
1.495880912989377975e-02
4.402139037847518921e-02
