-5.990604927433453714e-02
1.162512767973450101e-01
-1.626444900068345703e-02
-2.425678108609858816e-02
3.434641140606520954e-02
5.916351119069018782e-03
-1.483247822113139061e-02
-1.341825003709206689e-02
-2.922625193762533671e-02
1.854574590139348444e+00
-2.068052997199749665e-01
3.039256814897459830e-02
8.798969898381125976e-02
-7.704409095242788219e-02
-3.947678123607373940e-02
-3.593580273661792918e-02
-6.251721115456224109e-02
9.621357612524210623e-01
-1.516362221581852021e-01
-3.189697495776593061e-02
1.548766122160916830e-02
-4.764029170701711974e-02
-1.819488314592689060e-02
-1.738553100876765595e-02
4.995344075124693445e-02
1.495327956144053283e-02
-3.433030916372251107e-02
2.656504045512636525e-02
-1.121411647933610346e-02
5.151830001430120209e-02
2.117385237879329876e-02
7.110571118750320940e-02
-2.561591620955491755e-02
5.181686102954724538e-02
7.341493510093327624e-02
-6.367956457394202685e-02
-1.194694111962339017e-02
-1.390080155857654348e-02
-4.137494185115395129e-02
-2.177328847893598984e-02
1.892256389811652548e-02
6.025161142939169934e-02
1.388093215311819728e-02
-2.601578367906175540e-02
-5.413592418510267731e-04
-4.174395697658272314e-03
-5.091226902488302231e-02
6.790844526121385914e-03
1.177789372861515020e-02
1.477513202876268913e-03
-3.627170689392900799e-02
4.359409280033594430e-02
-6.862510384439864108e-02
-2.505835305327974369e-02
6.047575711170095382e-03
2.612644265713645955e-02
1.735934289594509919e-02
-5.034338868710685339e-02
2.597616412851584677e-02
-5.758752723655793937e-02
-1.774618169301587015e-02
-6.482503637399462774e-03
-1.623985730299961142e-02
1.187363783733695610e-01
-1.753496634564397083e-02
-1.381213670361857923e-02
6.656578794565382907e-03
3.053137885141533545e-02
-1.717689963609601855e-02
5.653572190403090281e-02
1.963172790852694277e-02
3.415877299708191400e-02
5.932541865160559369e-02
1.094054783477398790e-02
9.106378777766827026e-02
-1.563057385311862613e-02
-1.917927707694153452e-02
-2.493021301559313063e-02
-1.489435343069487813e-02
1.726159040073359241e-01
-1.944735555987329306e-02
4.846276562339312671e-02
-5.946442602904376123e-02
8.624612910128464163e-03
2.282604370985486658e-02
-1.833210329163310059e-01
-1.197117691925338040e-01
-1.090988097195678963e-01
1.007518809829371087e-01
3.007780864617434768e-02
-3.718930874044443918e-02
-1.754874614918724290e-02
4.798350526968477373e-03
3.926559570379453343e-03
1.187463711370687208e-01
-7.702757862179267223e-02
-2.846570135341857516e-02
-8.012557702770416526e-03
-1.126872517543075006e-02
-6.039550638974469643e-02
7.293158746416665561e-03
4.474223540500788660e-02
-7.382467188919407397e-02
-1.176801499456875746e-02
7.032964001679721522e-02
-6.638973264787549899e-01
3.020240225704561715e-02
2.856730700474992626e-02
4.569069430324760456e-02
4.539204541193888123e-03
7.791420206392583869e-03
-7.416379816880346032e-02
-2.232283189834791820e-03
-1.007343643544426903e-01
-6.569099324924369820e-02
-3.560645580741263194e-02
1.868752053789122028e-02
-6.930463374495708304e-03
-2.914086360443305171e-02
-4.627842196418165133e-02
2.530768464283954244e-02
5.386569561553013891e-02
-4.020742048237363475e-02
1.641111833387252916e-02
-6.628490152658630952e-02
8.073564717757486520e-02
3.580516032343211696e-02
-4.186187148361843191e-02
2.359539654634017908e-02
-1.447701117843775212e-02
2.662214315757138738e-02
-3.864190842571087886e-02
-3.593954793071790776e-02
-3.281572546995783352e-02
1.611498646407345456e-02
3.038795047110942962e-02
-3.870486534776022836e-02
2.079703145286816712e-02
4.566056118289683191e-02
-1.706808291690680573e-02
-6.561242619080266403e-01
2.549518077629278623e-02
9.701565861050168160e-02
-8.538881441834282604e-03
1.284516524817405289e-02
1.616129296453194808e-02
-7.262036497288931747e-03
-1.186880046931508559e-02
9.855976238446556570e-03
-9.320415574436949693e-03
-3.343745698257503257e-02
-1.286549495681786962e-02
8.159790384289888898e-02
7.011963191914358066e-03
-6.696876560009341894e-02
7.061988209810945993e-02
-6.734412610954827738e-02
3.413074471766107398e-02
-3.661689243728896009e-02
1.502329272209444559e-02
3.633116551176876485e-02
1.188875042783088878e-02
-1.521438968183040467e-02
-3.076862539006929020e-02
-1.641249673268429798e-01
-1.171219109806446307e-01
3.625419863458341496e-02
-5.625293673432331387e-02
1.182097078377011834e-01
7.512076849139999978e-03
4.165861415063717987e-02
7.461801018314509742e-04
2.499238951451437929e-02
1.738701234810999252e-02
-2.392297758514303277e-02
1.323405239442017496e-02
1.295204764784067993e-02
8.407629649999517549e-03
5.614731389155511176e-02
-5.580883622097981139e-02
-1.364124574604534288e-03
6.929215848248718515e-03
-6.239018421366959027e-02
-9.627474623401693909e-02
-4.515409795707068380e-02
7.286182537797753801e-03
-4.222617216289872161e-02
9.930095512743602679e-03
1.850331347992689723e-02
-3.489603642467819372e-02
-2.743144194140685263e-02
-8.182334255870187326e-03
1.055662045535132702e-02
4.742810867681213072e-02
-3.034213356585730229e-02
5.617265567420256372e-02
-1.192012845906964026e-02
-4.727339240702611856e-02
-6.513629024958006442e-02
1.129984397228459281e-01
2.549280393802598466e-02
-1.913314632860840109e-02
-3.583172818638268725e-02
1.433968286148295385e-02
1.903930138898411173e-01
-1.750707929560958373e-02
5.505957980311476652e-02
-1.300643769992222698e-02
-2.857546064799440511e-02
-7.071968419786863781e-03
-4.731247633204711811e-02
-3.244905632155956759e-02
-8.883234254885975442e-03
-1.349411762657902469e-01
2.937128719450598016e-02
8.581759520475892855e-02
-8.312090480809608550e-02
2.750102932161420377e-02
-1.223408368666763779e-01
2.382049945004649158e-02
3.350383270192010959e-02
-7.153960970842689233e-03
-2.761463424007593037e-02
-2.669870831561305460e-02
-4.979209402330292411e-04
1.850035707810384136e-02
4.815341677530937670e-02
5.591391925364867788e-02
8.418916807179095685e-02
7.177546906066280263e-02
-1.154123867955453159e-01
5.241377383131867046e-02
1.693109459662309538e-02
2.373643762694324991e-02
-6.333320316517190851e-02
-4.626369226224653908e-02
-5.853903250497060479e-02
-3.798956675125979288e-02
-1.057359308917200924e-02
2.752394823567630086e-02
6.412753581861791591e-03
2.991014739544054293e-02
3.045335746147781117e-02
2.844017544949694123e-02
8.880651117100595016e-02
-1.077214737897005670e-01
-6.775110526327066118e-03
-5.856466720782698560e-02
-9.585669888097114733e-02
-5.096836324489441988e-02
7.479658114244638889e-02
4.684692987483502630e-02
1.635958843840252738e-02
-6.510771797548549344e-02
4.080770186654782833e-02
1.674021753627256137e-01
7.521484609336166749e-02
-4.191365559198403923e-02
-3.307435936843858976e-02
3.426995295467108460e-02
8.493537811948305427e-02
1.112157691770006701e-01
-4.737129471000162823e-02
1.605839971965360158e-01
1.443020252904965092e-02
-1.534409788877842962e-01
1.559021781747596189e-03
-1.053630225428714602e-02
2.689875064007249961e-01
-2.666490532350174886e-02
9.095082257601998753e-04
-5.561200011743589258e-03
-5.060523006187545719e-02
-8.627350458709699688e-02
-1.331982780074569828e-02
-1.098395024058959439e-02
2.273032366243593963e-02
4.936471297702809541e-02
-2.157027385127071803e-02
1.407015442351695900e-01
1.809862579915328396e-01
2.720944817648968117e-02
3.389322827395745835e-02
-4.350743444880919575e-02
-1.158305157477921600e-02
-3.264841781576195701e-02
4.191635045790625957e-02
-6.378008642050031485e-02
1.163233686453387788e-01
-2.156218506892964779e-02
-1.729744885579675429e-01
5.764980625755231763e-02
3.770123702045447001e-02
-2.775281725635466226e-02
-1.835202646887265990e-02
2.314914725403540222e-02
-3.739706030634565997e-02
-4.962451646405738326e-02
-2.633771345011933634e-02
7.565184119935125517e-02
