-8.098109483338578052e-02
1.694809759830835927e-01
-5.462283488149556610e-02
-6.706340231285061459e-02
-1.811078437639026054e-02
3.268907836931281979e-02
-9.985784594942995630e-04
-1.790146781182860511e-02
-1.002922675268591579e-02
1.268709428135070816e+00
-9.766384768782755688e-02
9.550041402630236875e-02
1.196144261378432883e-01
-4.355650056051226654e-02
-1.217826706086763168e-02
8.086410156716246356e-03
-2.788087579956922274e-02
1.047231381362645042e+00
-1.769987132462646218e-01
-5.919797281396824845e-02
-4.847642728870756035e-02
-4.867915730298443141e-04
-1.010301638167460520e-01
-1.815376111614844939e-02
4.651792986509727806e-02
-5.662125857849952155e-03
-5.373886986417495543e-02
1.276078957503133139e-02
1.012195232051400356e-01
-1.703693908665577291e-03
1.360616877573677004e-02
2.827984448073438128e-02
-3.734394963798978034e-02
2.409824717421114523e-02
6.628597446905619417e-02
-4.034540985636915489e-02
-1.234872759815915967e-02
3.292286356833027533e-02
-1.274456633923775825e-02
2.700953385843352095e-02
-1.422798044895574529e-02
2.580251809521282242e-04
1.269869145774897221e-02
-2.743411162196584055e-02
-2.064554178486704972e-02
-3.363318909947753121e-02
-6.473097043051953547e-02
5.323854039791284937e-02
5.707174345085667261e-02
-3.781845544283520683e-02
3.733784340701260668e-02
1.987627986601281371e-02
-3.236671970707554261e-03
-4.942965630391497195e-02
-2.367194483091043800e-02
1.834349535559806968e-02
1.724139219056874603e-02
-4.088420195497726589e-02
-3.198971226443565047e-02
-2.901152460099529207e-02
3.067965948286385455e-02
4.432171594235234657e-02
6.595999048053161236e-03
1.531059771698911609e-01
-3.484653560694017660e-02
-1.047926723448062564e-01
3.624419227232283242e-02
-2.927792846466432952e-02
-3.390242752589953112e-02
5.227033853347204384e-02
-8.544231778180236617e-03
9.168551642066971596e-02
1.964809756439957200e-02
1.246784579302567418e-03
6.343419770790155454e-02
-9.055658690076390238e-02
2.977808176417590796e-03
-1.347574445048774390e-02
1.354873973962458962e-02
1.004031797287839416e-02
4.410738922189673568e-03
6.070104342427218302e-02
-6.168927266666847375e-02
-1.586895253719115828e-02
2.523731754104997782e-02
-2.979511589684675221e-01
1.362819518271411456e-01
-9.870827014995822712e-02
-7.693111925619038755e-03
6.424948153463036493e-02
5.235370646789787308e-02
3.894900887579481885e-02
1.193802859562007046e-02
-3.850262882118132834e-02
8.156257226810458005e-02
-7.611730834244349875e-02
-3.178861990554367883e-02
8.226315697005310776e-03
-1.019571347141896012e-01
-2.587160791319214476e-02
2.667911920990489322e-02
8.971170705994531425e-02
-1.210514487868791927e-01
-1.444003355867983646e-02
5.777095855566195121e-02
-4.981123825399580984e-01
-1.142737681742626854e-02
1.869286713595864208e-02
9.667871262234291330e-02
4.086825952633492409e-02
2.606222298639443782e-02
-5.968489241419720065e-02
2.990428735934634596e-02
-6.922274042856639553e-02
-5.393736873060417381e-02
-3.213535050920827280e-02
2.437295339270988126e-02
-3.582348222993006481e-02
3.552669821144706364e-02
-3.495490862344562133e-02
3.353441650859519813e-02
3.903718497040441215e-02
2.569777504096181636e-02
-5.952216731918477666e-02
-1.184301935038900161e-01
6.278807104942273065e-02
2.557922938803453700e-02
-2.450074448863513027e-02
-2.882490705601189335e-02
4.318336812410311643e-03
5.965537057558133183e-02
-6.723264955131891263e-02
-2.501453680341176808e-02
1.730762691508357792e-02
3.734018788181295290e-02
4.103803129136872341e-02
-2.207048575271405855e-02
-5.148098963137077988e-02
5.562126325155437867e-02
2.475438752166771519e-02
-4.260338704711422730e-01
7.914293122144880344e-02
8.638744312648520551e-02
-1.227141821047727371e-02
-2.100372720100247836e-02
9.838003308141364534e-02
-5.696747392753285372e-02
-1.406013857080561785e-02
2.840802764702172328e-02
-3.684492618989328172e-02
-2.099455659575943413e-03
-2.553002190846797442e-02
1.513961901102985064e-01
1.629469061706534383e-02
-1.040112125341800531e-01
2.472100061103636032e-02
-5.899584994581375669e-02
-6.705649604640485408e-03
-3.774225603813789048e-02
-1.263860005194826323e-02
4.264675426776006611e-02
-3.171919166196465051e-02
-2.779318979291224914e-02
-5.110935991058930539e-02
-8.056660228518104649e-02
-8.257765303205601148e-02
1.090753257871586099e-02
-2.894998544889131747e-02
7.113675376082367885e-02
3.579352858409107913e-02
7.795562030532829367e-02
1.590890795094958288e-02
-3.842501478423159672e-02
4.167215211957052412e-02
-7.175979595217232831e-02
-1.305989952444620156e-02
1.908857342083383063e-02
-1.077761489844487539e-02
8.934240856834384237e-02
-7.145072794538515071e-02
-1.996221745078478535e-02
-2.276512582025358444e-02
-3.215699120372128572e-02
-2.799386623932551346e-02
-7.988407136375720932e-03
-6.469248395605692314e-02
-2.695153923433278240e-02
9.177282095346087076e-02
5.233423010774856249e-02
-1.509024384190977078e-02
-1.360664694263107738e-02
-5.203674821064385248e-04
-1.116452542913266670e-02
4.757169313869236832e-02
4.842255735078098387e-03
3.283108996323608891e-02
-4.506037120628478970e-02
-6.667378503964616066e-02
-5.617824688513872733e-02
6.371806194830401116e-02
-4.306874648620183377e-02
-1.643459880647847593e-02
-3.181361968937515550e-02
2.822864485986854161e-02
1.323118579370978487e-01
-2.666040314836315428e-02
6.817633112338458701e-02
3.381823306476442609e-02
-2.649853636954882172e-02
-2.055700673394622244e-02
-2.331354748484955330e-02
-2.339701078774183637e-02
-1.285925089383565395e-02
-1.140262048809665835e-01
-2.627371779322115828e-03
-2.711630680400177809e-02
-2.622994962764759949e-02
5.186669679745060241e-02
-4.813174975619581575e-02
3.036127980497699622e-02
-5.718053502896489060e-03
8.771233895021105648e-03
-1.034470868621078787e-01
-4.603990072524116045e-02
-9.731528786399388023e-03
8.372860207121658738e-02
1.874157260651428472e-02
2.194888036148802749e-02
9.304485615553011180e-02
8.893447525133194032e-02
-9.584863608681734592e-02
-7.922027372318153626e-03
3.444365946777444565e-02
5.338385015130100997e-02
-7.794049910514708190e-02
-4.162261879774357271e-02
-5.248457849511441869e-02
-2.003274905453821669e-02
-1.850004534240755078e-03
3.635596146588369187e-02
-1.146838923168789744e-03
3.315693487274710277e-02
2.059732209743740921e-03
2.142141989108158062e-02
5.970703379315910747e-02
-6.557133086567779046e-02
-5.083568949960123179e-02
-8.152755614617128443e-02
-1.439381747001106659e-01
-2.591702184709306772e-02
3.779816580159697098e-02
3.955623314733233004e-02
3.003651582087093455e-04
-1.848429762438421470e-02
4.989672866662506895e-02
1.079980488883342943e-01
9.478558498423919620e-02
-1.181854144399895890e-01
3.068409146742993171e-02
4.948635285722229743e-02
1.318565410624403245e-03
4.966716087312416511e-02
-1.124621779258536819e-02
1.377284159543560593e-01
1.891427695189156627e-02
-5.061609334023348811e-04
2.242152118298945326e-02
-1.835593564222227220e-02
2.655454838919693028e-01
-6.515675884375102256e-02
5.439830572197235092e-02
-2.127764927877703188e-02
-4.282628010761292681e-02
-5.549849754398648166e-02
-2.901864809561464573e-02
-2.012624856396282372e-02
-2.065087712074037754e-02
5.912509541085243792e-02
-1.006567114986056666e-01
1.817277281993619764e-01
2.120789969644852890e-01
3.526156592733075551e-02
2.909290569236997956e-02
-1.325695859194435666e-01
1.891721781074776326e-03
-1.327403617024992127e-02
7.388691012272267933e-02
-1.291056018843791675e-01
1.600003649433316411e-01
1.648768725280493411e-02
-7.120690786439740072e-02
-3.272702707158959157e-03
-2.122119379575990866e-02
-2.635378823046311339e-02
-5.148154594742510026e-02
5.488368883024175721e-02
-5.087541046587962246e-02
-6.849129078209940935e-02
-4.044253734120514809e-02
8.480056085347402461e-03
