-5.816527518155438503e-02
1.532401627656144460e-01
-8.456963478973469894e-02
-3.697579110978474470e-02
2.374066439115949181e-02
-7.638607342588896003e-03
1.562406739870570577e-02
-2.770424688037370284e-02
-1.599303265867776241e-02
1.780314591905668431e+00
-1.374255358349198430e-01
7.955847116240864769e-02
1.002052082693606766e-01
-3.947593624773537008e-02
-1.000266286157342061e-01
-4.015501392844531003e-02
-6.956493160044217861e-02
1.000183857397285436e+00
-1.793552180571761911e-01
-5.765029934402444295e-02
2.499739561342734836e-03
-6.418938775294785737e-02
-5.751494321147822969e-02
-6.179174779198396729e-03
6.579505729710434514e-02
3.477230914239544390e-02
-4.783346523694190222e-02
-1.742148846525133632e-02
4.452509962940643523e-02
-2.722605331768562439e-02
3.098940016164289640e-03
2.792400492941257695e-02
-5.567215304113185687e-02
6.692773305556408425e-02
5.799907423578271742e-02
-9.221734324141743488e-02
-1.980339115421374946e-02
3.319919667943560526e-02
-3.774556801476233042e-02
-4.523988904263648997e-02
-8.934736471463719173e-03
1.472383876445142181e-02
4.966417357251427800e-02
-1.861546401682352692e-02
-1.444201924793112393e-02
-2.476920254552773468e-03
-1.058177407994534136e-01
2.222861632195003920e-02
3.491384263399711224e-02
5.415248747855316847e-03
-1.972182602493781703e-02
1.261832491373288123e-02
-3.963268823312657285e-02
-5.352597657449486949e-03
-6.478179198828916581e-03
3.323359497347693620e-02
-4.324475575202089452e-03
-2.189340763036986409e-02
-1.783768653225373257e-02
-5.403426527091138160e-02
-9.481327043062549517e-03
-1.322985197368421045e-02
4.605280400523168241e-03
1.552140149043480799e-01
-5.344921314239736536e-03
-3.159436677631578816e-02
1.584273841247390083e-02
-1.146006484307828671e-02
1.149154313547872015e-02
6.944632630657741890e-02
3.187579046206166083e-02
6.197574013157895051e-02
1.009876937411717801e-01
-1.820859196276407993e-02
9.215204315850887562e-02
-4.784941241920254162e-02
6.708534717237686282e-03
-2.673905551898452318e-02
-4.955283267297564721e-03
9.984208151331143422e-02
-2.861123012689614775e-02
4.450155969319996574e-02
-6.609976302930971326e-02
-3.539452813133329122e-03
3.012268594930295543e-02
-2.093975503592704068e-01
-3.205508081185131503e-02
-1.391954391658478118e-01
1.189357405921820238e-01
7.207088225641773704e-02
-3.257466268021095429e-02
-8.819300072832861673e-03
3.968292725493996476e-03
-1.397894672069796736e-02
1.120880721074126452e-01
-1.057965338658416743e-01
-1.483048217226171431e-02
1.803715525538521908e-02
-2.668272160286034450e-02
-2.016160151212153737e-02
1.256157492548785545e-02
4.204539075454461622e-02
-6.175050042605784856e-02
-9.493882675278664945e-03
4.603691229925382239e-02
-5.681365822483571693e-01
4.080461421133237121e-02
1.601264127560185491e-02
7.323045051779462911e-02
3.679662970486857754e-02
3.601698401899219859e-02
-3.558554046973837898e-02
3.684955407864030225e-02
-6.597586799691396164e-02
-2.602669506732481833e-02
-2.857570131617330825e-02
2.164686953033839040e-02
-2.175642619267410989e-03
2.913961023383283139e-02
-1.461086956104526262e-02
5.725631577987778942e-02
1.187651555207117939e-02
-2.629178173747159786e-02
1.018496347441541841e-02
-7.812376452818890760e-02
5.402110089894368583e-02
4.084906870614675098e-03
-8.241011402805072106e-02
-1.452238489001182221e-02
-1.887122467402736065e-02
5.415664295200516010e-02
-1.536248660472674639e-03
-3.017871099747436101e-02
-4.196565484324141920e-02
4.706763464483663950e-02
6.231493711808328007e-02
9.412265911827375874e-05
-1.746715294277390376e-02
5.277444386975679858e-02
-1.962842345640391974e-03
-6.008887720321808290e-01
5.494889224958545565e-02
9.052029076529202745e-02
-8.087844534704522262e-03
6.289855960779647259e-03
3.162928084985107413e-02
-3.084981508705398126e-02
-3.182387665625192180e-02
2.329100363012804806e-02
-3.736239183024473581e-02
-4.275087214713965689e-02
-2.418823354639424578e-02
1.131800972448258891e-01
1.875863031036971093e-02
-4.607689720490695806e-02
3.661254740373395822e-02
-7.874653228251857207e-02
-1.068686265247881240e-02
-6.342943015002226216e-03
-4.884608132331265395e-02
-1.111432765264194246e-02
-5.549822496136451629e-04
1.045294521935981845e-03
-7.747376841452742469e-02
-1.649207330881901357e-01
-9.197423117668734882e-02
2.549027539746207688e-02
-2.597668844615549921e-02
1.251152347348461480e-01
2.909683352173278795e-02
6.096484830805134342e-02
-9.213728196921252764e-03
4.509597756767026733e-02
3.413044555191764584e-02
-5.456436064453724921e-02
1.877495832981483648e-02
5.373526909775532684e-02
-8.079133258949133464e-03
2.120726646943898661e-02
-4.797468386315482253e-02
-1.274611078271817299e-02
-6.467808132667122317e-03
-3.445787556903672638e-02
-4.195113205202511547e-02
-3.294587997739206742e-02
2.704080151653565078e-02
-4.555546212883068019e-02
6.977062566211693351e-02
3.313510507987624948e-02
-9.993237441129168216e-03
-4.427710865050973194e-02
1.294491828853328551e-02
-5.162851977522569386e-02
1.082488374570103745e-01
3.188433755800720252e-03
8.279871189469077686e-02
-5.303103217312534617e-02
-7.118041894729165708e-02
-8.341716749255358165e-02
1.305555328985751884e-01
-7.139512715523859548e-03
-4.005946577719093210e-02
-6.032553362786341467e-02
3.761726786564208169e-02
1.267100249301418569e-01
-2.634953104848615155e-02
3.759196768197660410e-02
1.104318756645158994e-02
-2.510266111032211436e-02
5.533895349060369978e-02
-2.285307235450700046e-03
-1.830461391146057104e-02
-5.714433465404869690e-03
-1.054223298455444352e-01
4.197699599467235448e-02
9.276204836908125140e-02
-5.598212452212430329e-02
4.720340160174722050e-02
-1.010522501420192815e-01
5.126285010632254668e-02
4.743677383045200729e-02
2.513822440630181926e-02
-8.163697256149050896e-02
-8.227891411863599846e-03
-1.164187786437542206e-02
6.429684981076889960e-02
4.323631541512122422e-05
1.602649535270680992e-02
6.057647234654240515e-02
1.295852047332724313e-02
-8.257416789174291949e-02
1.809900831196646978e-02
2.991444597605631694e-02
5.460477136814469168e-02
-8.952337896502486625e-02
-5.105219616509550085e-02
-3.537264348745624426e-02
-2.844386567854510772e-02
-4.749796566971688228e-02
2.350377016817770115e-02
1.340028560989605690e-02
2.669302219914941945e-02
1.997525218018792598e-02
1.124550657103075280e-02
8.333855310177792908e-02
-7.919234568837130173e-02
-2.551624729395688893e-02
-7.593499427124915380e-02
-1.419483582378861519e-01
1.636857560655668661e-02
5.168466777083461500e-02
4.855970075673247954e-02
-2.141627561384956691e-02
-3.989519600580360148e-02
5.909504193767080825e-03
1.709796907626051632e-01
1.024158991547933495e-01
-1.030617150555794420e-01
2.542783009407818123e-02
5.405322316603206056e-02
6.912124728436098986e-02
9.290783404279003010e-02
-1.271461674704830146e-02
1.027872364006939820e-01
3.549595976728029192e-03
-6.483810641274642683e-02
5.104872364966529796e-02
2.391721391270804076e-02
3.144164206918258486e-01
-7.842839229372658427e-02
9.386377885726293960e-03
-1.712861267550896613e-02
-4.765085080826245503e-03
-6.847680479641343743e-02
-1.537301023066618526e-02
-1.134234716973799365e-02
3.498246304739797627e-04
4.941469822821347585e-02
-7.319022571470244765e-02
1.570470472463612321e-01
2.065676481990419422e-01
2.701969354061751691e-02
2.863857843494749256e-02
-8.157106074011238883e-02
-1.592543855650832216e-02
-3.249508270224314016e-02
4.583720067996530090e-02
-2.677368471431093924e-02
1.174640417728612662e-01
-4.671988831334827896e-02
-1.555870194374500970e-01
4.772311241498034678e-02
-6.309211186033746900e-03
-2.561528295423140533e-02
-3.576195804769544823e-02
-6.086961952026269558e-03
-7.663307032977261825e-03
-4.065277712472363525e-02
-6.163137260558366505e-03
1.992708077442731721e-02
