-2.093157615253352609e-03
1.136946632769452320e-01
-8.210741239682266268e-02
-3.594482686643497849e-02
6.935806037894223786e-02
6.075791421389409308e-02
1.880727530985723539e-02
-7.822938297450622580e-02
-1.226605590404438850e-03
1.402220897416937895e+00
-1.105158473413520026e-01
6.852836683687162089e-02
7.241041325195536615e-02
-3.140847598097210036e-02
-5.276479930740412411e-02
-4.183706257890636160e-02
-5.259935376374785115e-02
1.160646419397066476e+00
-1.428187380527895511e-01
-6.701811662668287484e-02
-6.302838699137061629e-02
-2.324119154253891442e-02
-8.048349359369351419e-02
4.730447924219254550e-03
6.657561090811123239e-02
2.874952095622870796e-02
-2.383813217945189231e-02
-4.542442700459813770e-02
2.902430519183317459e-02
-6.275952795381941306e-03
-1.637537531870638871e-02
-2.509667312979942458e-02
6.437597306434650855e-03
1.892301658548383239e-02
4.538696359934876051e-02
-4.018215516379659846e-02
2.616904705848724366e-02
7.052706411167526668e-02
-1.929296637510680493e-02
-6.117752146903447652e-02
1.550051334065228291e-02
3.801307534889962481e-02
3.428629559966096113e-02
-4.466973515704591308e-02
-5.452927006652097397e-02
9.033223183219543651e-03
-4.962798260910644688e-02
3.204582991862203745e-02
-3.994511514851512013e-02
4.393792305192004144e-02
-1.439166287111664361e-02
4.088636448440084725e-02
-1.131781159839640415e-02
-6.940258294025641872e-03
1.096556285321722245e-03
-3.948258263494357038e-03
6.882283353470715695e-03
-1.404296409649306507e-02
-4.599827795638685921e-03
-5.789212417807300393e-02
-3.528200166439361685e-02
2.255207937517800937e-02
-3.142616733060978051e-02
1.196931941808526967e-01
2.341237373698473040e-02
-2.593970572217036037e-03
4.624892145616298078e-02
7.639981125803783912e-02
8.329430404974490221e-03
7.357488115264221307e-02
3.668470237581747395e-02
4.671953542638875023e-02
1.196437814256137294e-01
-3.782817333228580964e-02
8.940084846589602119e-02
1.643606079332900552e-02
2.896685577663029795e-02
-4.708091500740795715e-02
-2.074108157000723041e-02
1.485212096362296952e-01
-5.662037422154852367e-02
5.537015342066778367e-02
-8.468754129318796509e-02
5.782778677027876173e-03
-2.890578652140707305e-03
-1.319085963944756634e-01
7.020373096148685432e-02
-9.985173178067523192e-02
1.535202635301302354e-01
1.791468320294099803e-02
-6.853116963874922307e-02
4.636166469657508615e-02
1.623994857211579195e-03
-1.834468061580509651e-02
9.518963457967728747e-02
-6.041040422308215085e-02
-5.470250354821880323e-02
4.244053484071013543e-03
2.347450072898523213e-02
8.962997350774548622e-03
-2.055540096017145855e-03
-2.691823493059663369e-02
-9.091563985698949968e-02
2.186090121120408750e-02
6.186616561127268599e-02
-5.595604385071258902e-01
1.069916128186379212e-01
4.983772205037409475e-02
5.304628833719478298e-02
2.929195137570930058e-02
6.019740465253130279e-03
-9.499865893418558971e-02
6.797314997103913459e-02
-6.132005785154238942e-02
-6.087005303329061368e-02
-1.341130669319358197e-02
-4.274748376856781634e-02
2.176756496680798056e-02
-4.911676010480681837e-02
-2.468270624599477533e-02
1.846379969560288034e-02
-2.788164993629295429e-02
-7.356444285519159708e-03
-1.472593911728087030e-03
-8.499827253264430338e-02
5.642509809378663116e-02
6.267902094664355023e-03
-6.129521240360073092e-02
3.892318363033619305e-02
-5.190416261865051645e-02
1.625362994936299784e-03
9.348588406276359120e-02
-7.367213409870791707e-02
9.402815936534638167e-03
3.400105167117169203e-02
5.666930023065989974e-02
2.880029499596738901e-02
-4.447857363871978061e-03
4.502012283375508156e-02
3.255633835030590645e-02
-6.226085467399520290e-01
5.913933892045142998e-02
7.817890044755824996e-02
-4.312638554157321308e-03
-2.297484011673434599e-03
-3.067472758905293116e-03
-1.333829611126858064e-02
-3.408626701108180557e-02
3.252458752598261227e-02
-3.627057235182720718e-02
-7.866890536722438709e-03
2.757683720881669992e-02
5.515010672898386368e-02
4.208082610937893819e-02
-6.161275273998488566e-02
-3.648096702826662124e-02
-8.348370579360971100e-02
2.149262160266179889e-02
1.855478377945380883e-02
-3.201528793632992670e-02
1.015070336741026938e-02
4.074917963486723166e-02
-3.204169257653746022e-02
-8.467710032130806863e-02
-1.258764960543396205e-01
-9.751437687595167214e-02
2.942215863927092473e-02
-4.978058019453755756e-02
9.608211302334943027e-02
1.216575410860801579e-02
7.178945891460448980e-02
3.116517245233439704e-02
-6.259791887895455736e-03
-6.218892643359678896e-02
-3.994828167277377634e-02
4.923420499188000538e-02
2.766627547254811581e-02
-3.460914200372177535e-02
-7.845424898773921754e-03
-7.321022807019345047e-02
1.461992006066718114e-02
-7.306271190038012009e-02
-6.820484112777558394e-02
-1.045082768665034495e-01
-9.453017380966073635e-02
1.425895367897058244e-02
-5.504199560007175251e-02
4.175212805406985916e-02
3.661489910319754015e-03
1.437865845877904329e-02
-5.278531752878284911e-02
3.743652723518956643e-02
-3.942677866235060752e-02
9.995706150314392913e-02
4.361497769397613966e-02
5.303648922834029028e-02
-4.219790994850033256e-02
-1.120253059204760759e-01
-4.620105986990206970e-02
1.573322773402839325e-01
3.430578684019904186e-03
-8.106508033215298337e-02
-6.340834315811670618e-02
5.765786022037639597e-02
1.153461875390252717e-01
-3.490788110232015407e-02
-2.053107736024160218e-02
2.749789507706892032e-03
-2.799214130725760641e-02
9.642334479144415785e-03
-1.067521377355038284e-02
-6.532760453466814055e-02
-3.445039323096388273e-02
-1.449057021913032484e-01
4.614717012006090691e-02
5.386347089912857378e-02
-4.789679244785675916e-02
7.165796792499205814e-02
-1.735610030042612772e-01
3.002273115113597915e-02
6.595084283461774555e-02
1.965601078834814872e-02
-1.440744467825374889e-03
5.921012571443633882e-02
3.007339019041594189e-02
7.597171001552795004e-03
4.485454356863518427e-02
6.068414810569960904e-02
4.781362304634011184e-02
3.347170188526295970e-02
-5.241947699973709129e-02
-5.292239807557483355e-02
1.013922137393604844e-01
7.116928551060118513e-02
-1.070038937978573107e-01
-4.052610281481755505e-02
-4.615116571739404094e-02
-2.597691873397909787e-02
-4.530515280790255173e-02
3.465829533932131973e-02
2.985823235544217760e-02
3.971538167400615743e-02
3.149833145567002696e-02
4.689334123595090276e-02
8.476542067360358368e-02
-1.753453929125998179e-01
-3.349259987559839030e-02
-7.552362543749384372e-02
-7.209815758781371042e-02
4.031531299145312344e-03
4.292818693122377877e-02
2.610119411341428608e-02
-2.998782182584185108e-02
-6.132176948627679480e-02
7.237326542936015246e-03
1.869290842343378500e-01
1.090825030193236650e-01
-5.644891656088763671e-02
-7.905582006463389693e-04
-7.081953568527350404e-03
6.440233758811494957e-02
1.229279377813927571e-01
2.737282906948004801e-02
5.559261244755551307e-02
2.422603942442516298e-02
-6.157681375942083979e-02
1.422300132626017413e-02
-8.641879296631092833e-03
4.261512626387108926e-01
-7.191297475612627721e-02
2.770943273771867693e-02
-2.692921613718957802e-02
-1.028927223409240900e-02
-1.260947615761280338e-01
-3.766053743105535201e-02
-3.899751939196572509e-02
3.478855609146839362e-02
6.974491657321141291e-02
-2.189574635019567520e-02
9.343708107739875923e-02
1.968738959955962931e-01
2.441077295199480662e-02
7.924682680036587712e-02
-9.580022817802644197e-02
-1.260364376225530519e-02
-1.479490315399509259e-01
1.265410355655446559e-02
-9.944888784821497019e-02
1.635349206862696803e-01
-7.213687797482117026e-02
-9.849625614134542573e-02
1.658110044163599306e-02
-2.098479161189435380e-02
1.240938107603586438e-03
-6.126635531175030069e-02
-7.450350183350312912e-03
-5.155233075013419125e-02
-8.301200600509929528e-02
-6.137287782967454364e-02
5.195607863968856183e-02
