8.068964841032671975e-03
1.270562540785803718e-01
-5.099341834619983832e-02
-7.340529189592291670e-02
4.499433061800637429e-02
2.470425375229394135e-02
2.191098260247381635e-03
-2.884295177834385673e-02
-3.243725896004067549e-02
1.578027900802300154e+00
-1.526304151953412347e-01
8.016496951830516526e-02
1.063712070755295086e-01
-6.789813440143831202e-02
-6.363496979987214031e-02
-9.697497697775952705e-03
-3.786693701408994084e-02
9.771595358451314883e-01
-1.195542541249561136e-01
-6.670604247893216487e-02
-8.386788633052142446e-04
-3.751627550251422638e-02
-5.791134475763708850e-02
1.832354152709088357e-02
7.420704607884869020e-02
1.526675584851862680e-02
-5.597104942908156383e-02
1.319086664682930787e-02
1.068949316677335858e-02
4.426733854722209038e-02
2.882548323931204831e-02
6.515757942051861318e-02
-5.762028654822082957e-02
4.460956340142837456e-02
6.205229428427332800e-02
-6.974644169741819888e-02
-1.928462819547455478e-02
2.485967522595749352e-02
-3.762003215453389032e-02
-1.058484448704295061e-02
-2.361904017443073808e-02
4.466090796652334022e-02
3.233897254866967969e-02
-4.128364414738208699e-02
-8.718692593204877689e-03
-1.350126398466536606e-02
-6.290333562658588507e-02
4.678309607520488023e-02
1.576364358890642789e-02
2.292689136918564172e-02
6.672184099328338364e-03
2.660831965438896496e-02
-3.637508819671262522e-02
-2.532343339683427487e-03
4.323414482288402173e-03
3.328177224461875694e-02
3.480371547285032036e-02
-9.279082516616592516e-03
1.699040247410411875e-02
-2.325529666806898030e-02
6.181756079103341989e-03
-1.117343558751846683e-02
-1.256132071833945124e-02
1.750694135042831223e-01
-3.676436811920717057e-02
-3.462219147299275962e-02
1.208706444074174715e-03
3.384734045763327943e-03
-9.481937543580769984e-03
9.824979860715445101e-02
-2.621576033718265621e-03
4.935206471402733830e-02
5.029469295950073082e-02
-9.138137285946992816e-03
9.103632715970147449e-02
-1.669648136523542437e-02
1.742225387320211344e-02
-1.319910759186329434e-02
-1.806089233800375546e-02
1.042321780012554627e-01
-6.599582101434707526e-03
7.353663589995428074e-02
-3.474407335171524058e-02
7.108407081191906243e-03
1.723731380348944228e-02
-1.872732713030256790e-01
2.343165289179629726e-02
-1.226746527823785460e-01
9.226904961002974082e-02
5.462318989704586375e-02
-1.526831507737294764e-02
-3.118224147804440211e-02
1.796221450196185815e-02
-4.269344258994408475e-02
1.423131725516923740e-01
-7.227236009227115676e-02
-1.373939737318720551e-02
1.111027630544591908e-02
-3.858392996373583017e-02
-3.362545281041102313e-02
1.499425472690902456e-02
1.473064315071783044e-02
-1.046739638231991287e-01
3.705515863943734632e-03
1.710883593382513806e-02
-3.972797887502401704e-01
1.357965728848523589e-02
2.992886086285369632e-02
9.224174693050596341e-02
1.100348045112618453e-02
3.634018023288072829e-02
-7.437806307597008559e-02
4.893879789951040282e-02
-8.532923253125393459e-02
-5.318335203717843712e-02
-2.773463120523913389e-02
8.876815220589088368e-03
-3.033761497145407923e-02
-3.169228399879754632e-02
-4.698073641977660447e-02
5.431536189015907096e-02
2.596763672353767302e-02
-2.014990477964071977e-02
2.811299329083880374e-02
-8.186879258700419104e-02
8.230191530755394391e-02
3.180061805502646527e-02
-2.449524591769300721e-02
5.532429294600207936e-02
-1.064678986739851958e-02
2.915616915301342746e-02
-1.164721552393609139e-02
-3.517492516219085374e-02
-3.364376242724806398e-02
2.059476377048813714e-02
4.602481591006585271e-02
-4.272353780952698778e-03
-1.608655438528133405e-02
2.918106505604839071e-02
3.471474238071498280e-03
-5.604958539263685813e-01
4.946975737829682057e-02
8.006149753877342401e-02
7.115509134092024707e-04
6.685775188805145701e-03
5.811813991062732970e-02
-1.583470172379025653e-02
-2.713372963711814523e-02
3.449781547508629087e-02
-4.010597347432109244e-02
-7.669532947683200749e-03
-4.221993196016986943e-02
8.989402057343598429e-02
2.936040225361234018e-02
-6.824707170351329566e-02
3.218847138016675546e-02
-7.146725453778297876e-02
-1.851939619878379545e-02
-6.711560289000544945e-03
4.940105102635301143e-02
3.900954121250190670e-02
-1.504001259442845281e-02
-2.440881385100386949e-02
-5.165682169999370743e-02
-1.137676647042553113e-01
-8.757975617335581053e-02
3.878497343850411533e-02
-2.634512214727111751e-02
1.323168593192041997e-01
5.186208997327598075e-02
4.558971989158843580e-02
5.865197846343935852e-03
1.085407187504140725e-02
1.587654857951534011e-03
-3.595680079468136642e-02
1.925926161236012762e-02
2.426972222642042112e-02
-1.135831823749635684e-02
3.609204934067781340e-02
-1.059876367773666533e-01
1.943343750362310288e-02
-2.801102231169794871e-02
-5.820290114390722080e-02
-8.276641023023896537e-02
-3.816261144669109290e-02
-2.451325792238357934e-02
-4.474185847036259156e-02
3.918306203355118728e-02
6.807755570678278301e-02
-2.710934970296755009e-02
-6.177225419410564689e-02
2.786592345063634152e-02
1.159620455941290894e-03
6.220522163875288890e-02
-2.856431240621335604e-02
6.704907929671195810e-02
-3.802934266845157951e-02
-8.302103683103000120e-02
-7.221217127056267504e-02
1.345695374144533218e-01
1.059288001499758200e-02
-1.492563248274574213e-02
-3.554416802343299958e-02
3.709090363743117874e-02
1.493049358896853807e-01
-2.925600832340947630e-02
3.633429915807335348e-02
-1.544733040093066237e-02
-4.634048858494378698e-02
-1.650454579262344151e-02
-4.070053946212841278e-03
-2.405024620805894242e-02
-7.771202271034294458e-03
-1.107601386882954286e-01
2.605024673858494233e-02
7.854587533373967589e-02
-5.889435767742031563e-02
5.800169592340716218e-02
-8.091470627389178716e-02
8.114996220584533293e-02
4.093964009012627386e-02
8.178314660457148069e-03
-2.569376076320797550e-02
-4.171629052675176336e-03
2.951235913370124642e-02
3.654082257823421109e-02
1.227701134958154167e-02
5.722077459073413030e-02
4.313843097737692089e-02
3.415782594689315693e-02
-8.908137766784704481e-02
6.936817504180027225e-03
1.926712892475371253e-02
2.859593369677556132e-02
-7.497069943719732177e-02
-2.892804620783120603e-02
-5.240570120320191261e-02
-1.985814135883391673e-02
-8.078824052113077817e-03
4.936839779802207340e-02
5.057149328266094361e-03
1.663345552339158887e-02
2.077706738477285917e-02
3.690573388877939343e-02
7.176009195024876663e-02
-1.089860726832007215e-01
-4.375607646365135828e-02
-8.361015360513379679e-02
-1.172013971932741871e-01
-3.862960372347473692e-02
6.980236043180779171e-02
5.270804926469613988e-02
-1.205608123709139660e-02
-3.113940797335548391e-02
2.491365948139505002e-02
1.797244686044547068e-01
8.612162487122451693e-02
-5.430235106349500657e-02
-9.105864968814388061e-03
3.342742751099767734e-02
7.031789583761204054e-02
1.052436517000019944e-01
-6.834179323895595362e-03
1.200597030669268150e-01
1.503746833406761560e-02
-1.361251172850650171e-01
4.652878811350544090e-03
-5.772497485565552394e-02
2.210054342425185891e-01
-5.555157157846443011e-02
-1.944783934358043989e-02
-1.228967280546496704e-02
-3.840219569442696046e-02
-6.284535948648810322e-02
-5.153970161561471225e-02
-1.070916387394329518e-02
9.330207107516346604e-03
4.558118295186529972e-02
-4.582447764668810819e-02
9.427542777475966806e-02
2.024455773489310384e-01
1.096968206301427405e-02
5.667710836725939338e-02
-8.900967255003611189e-02
-1.615589316303638404e-02
-3.978663564116111800e-02
6.242388892845548987e-02
-6.393133326929065219e-02
9.944068067158691460e-02
-4.286343088421137870e-02
-1.336167774163414812e-01
2.208365911080322624e-02
-1.478112884597707066e-02
-1.512784052678281532e-02
-6.042855476229122558e-02
2.996886058232189898e-02
-1.827302995251455994e-02
-4.503906301758633934e-02
-2.475536055116320244e-02
-4.031312204173526613e-03
