-3.101633817679859753e-02
1.644829573218987429e-01
-7.553289135672508481e-02
-4.183097440972082665e-02
3.439398893336465673e-02
4.149280671842967699e-02
-3.572467286118013140e-03
-3.675474692910997432e-02
4.058571074962252084e-03
1.240208701812919534e+00
-1.142054258514390852e-01
1.299055611420689704e-01
7.054357831154278724e-02
-2.915075324895360226e-02
-2.146433008998020406e-02
-3.716972563606694979e-02
-2.922950496521008190e-02
1.155424610960927856e+00
-1.774395259049523776e-01
-6.178632269201973781e-02
-1.395712118466605617e-02
-3.889700068477534162e-02
-8.777689160356454134e-02
4.291167168936008657e-03
5.466182190596484414e-02
1.906983432707671719e-02
-7.036099543347017204e-02
1.450779651068805336e-03
2.784760592427241999e-02
6.195467049445773505e-02
-1.663492488512230069e-02
-6.367112325453731965e-03
9.752855877087143743e-03
5.041179065847720825e-02
7.554538937038982049e-02
-6.689519368888682815e-02
-9.841647529379704811e-04
5.305465193439221072e-02
-5.608090462301084170e-03
-2.591319850304121125e-02
4.849895114333615392e-03
1.862008371225492079e-02
3.322519157536328593e-02
-4.634095158335259368e-02
-1.659650956337995267e-02
-1.211816507333267172e-02
-7.460506963793112067e-02
3.478788736285650524e-02
-5.802731568221902031e-02
-8.144077651105941298e-03
2.365395313300815150e-02
1.868397839636637414e-02
-3.597297090356428671e-03
-5.391902918217002932e-03
-4.445256894389144897e-02
1.236862217579239899e-02
1.419595616487807563e-02
1.113983238941843902e-02
-5.681458022494108480e-03
-5.976314109952214626e-02
8.291286292622200918e-03
2.205740426492091080e-02
-1.594841615867254384e-02
1.615402762058075758e-01
-8.503094992990513357e-02
-3.608692756643937932e-02
2.071856129814939398e-02
5.597376985393134191e-02
-2.942774593578531203e-02
8.232120195423986431e-02
2.419121069804060914e-02
5.764911214739015799e-02
8.162659307229067074e-02
2.510317559266591475e-02
7.248017668805523117e-02
4.858514180294391804e-03
-5.952008491151464936e-03
-3.038073051836912702e-02
2.554466412248261598e-02
1.089246691377828979e-01
-3.246985912878864317e-02
6.716076298513687370e-02
-5.959072052466887065e-02
1.788029895170174799e-02
3.603962206948813085e-02
-1.676465986089058224e-01
1.030307688043926168e-01
-8.507039203192205690e-02
7.670777333857579927e-02
4.786816763476303693e-02
-3.123979353418820590e-02
5.309031568127688117e-02
-1.535265542602416364e-02
-5.120774778315562853e-02
4.442921674639224716e-02
-5.529071685034117611e-02
-5.252487747530349554e-02
-5.953100901945384063e-03
-3.245313377363503310e-02
-2.052814201339339673e-02
1.689538113455701929e-02
4.948028872364533537e-02
-1.005900102724152784e-01
-6.961907001392162245e-03
7.318514905836716322e-02
-4.597557482815451957e-01
9.231188933929934670e-02
1.312601554334827392e-02
6.269460982408449345e-02
4.879880594556467582e-02
1.366978463729046946e-02
-1.139764967860624340e-01
3.034655357876376788e-02
-4.839089570687783726e-02
-4.001107323029304275e-02
1.130645417053465634e-02
-1.697226698128228434e-02
1.137755885789137195e-03
-1.477371450740769601e-02
-3.876953517556377266e-02
-1.092423552000844171e-02
-7.116574214078579159e-03
-2.049751034857122053e-02
-1.553799355917049457e-02
-9.904837268109097093e-02
3.378136054387587128e-02
-6.085162387618960229e-03
-6.575075936105639896e-02
4.219232255509607066e-02
-4.052071690765440826e-02
1.124303791450812981e-02
6.309391326419734602e-02
-4.552168151681271896e-02
7.499385992756235630e-03
4.586534009043242988e-02
7.084941407820224968e-02
1.243293149757745616e-02
-1.111474681016538790e-02
5.223675090821843642e-02
-1.900694495531295115e-03
-5.066768736558869834e-01
6.327691323342092555e-02
7.542587558129748571e-02
-1.094800112844256275e-02
3.352226106742045575e-02
-1.191539621029213784e-02
-3.350395812632527004e-02
2.798219878521073650e-02
3.843963079601640104e-02
-3.309997590488955588e-02
2.061317953864262240e-02
1.334825397596801173e-03
6.404837974710575477e-02
1.459939126086282069e-02
-7.650928211330998430e-02
-1.214193313524415153e-02
-7.520407141417022323e-02
5.851254971333963439e-02
1.524805632579478466e-02
-2.279846974065527498e-02
5.074377067986995948e-02
2.832728282917579624e-02
-3.262335848625236290e-02
-9.013902109315331812e-02
-1.230129777568135241e-01
-6.853447477212887273e-02
2.877886251136843251e-02
-2.329476159423111634e-02
9.772778358586746428e-02
6.848029708509617564e-02
7.977857994928799767e-02
-8.772817413039341039e-03
-1.580020281817793443e-02
-4.400119290031957037e-02
-5.698614821641224959e-02
-4.467689037878863623e-03
3.075304570753733396e-02
-4.274969372751437346e-02
4.151932880867618969e-02
-1.245731636369688811e-01
-1.242669230465452516e-02
-1.847048415705269953e-02
-6.106833217084305099e-02
-7.883144936368181865e-02
-8.557273661414158128e-02
2.388615544386585039e-03
-5.411842083362643913e-02
1.979959540588131089e-02
6.082294517934487554e-02
1.224836620979908620e-02
-1.707498671785497024e-02
1.069326025451471270e-02
-1.526023906761893485e-02
6.320147861855328342e-02
3.745746946068406746e-02
3.971826788188512203e-02
-4.740240439996030314e-02
-1.002608615638943546e-01
-1.125812729095901771e-01
1.262904113237126591e-01
1.664079728318012055e-02
-9.682697465279173354e-02
-3.631328538754421964e-02
5.984090651788047388e-02
1.482260789490543462e-01
-7.284267796778902404e-02
1.084207837717821726e-02
2.409841037042875778e-02
-6.337034165123658913e-02
1.293746090138481360e-02
-2.957511896028459930e-02
-5.005578127983428133e-02
-3.492817597148281834e-03
-1.236430798120502911e-01
2.752785403403495285e-02
6.305481955596535515e-02
-6.083776418259084773e-02
5.609025114500844345e-02
-1.081061302074958763e-01
7.002249406925825648e-02
7.775474082485830940e-02
1.558158817161685479e-02
-5.609254759981609217e-02
1.550612905072730886e-05
1.995673971064591042e-03
1.636537482185791703e-02
-8.935681080211515387e-03
-2.826778354975227961e-02
7.523432769695652389e-02
6.312575940031203703e-02
-4.332880270932989997e-02
-7.491554247679835243e-02
8.034957773495599032e-02
3.832111557220901910e-02
-7.380113380488252661e-02
-2.051357203809932306e-02
-9.004069553452988262e-02
-2.721600970132426536e-02
-7.013960345053915635e-02
1.360884884687349299e-02
3.782181330191416654e-03
9.037791741029930007e-03
8.365612549093100550e-03
6.890794800261033914e-02
4.821775871663584734e-02
-1.192548392779977512e-01
-3.741171456142345503e-02
-6.719276614380251256e-02
-8.821100007348654792e-02
-3.492399647280243491e-02
7.728242680550810595e-02
8.180685005382733188e-02
2.414472220904977443e-02
-8.103298403928578530e-02
2.269724907874869427e-02
1.905714984913273180e-01
1.078389857787816070e-01
-4.823933950348213012e-02
-2.266083364773827796e-03
-8.615624345412241022e-03
2.227314343601770677e-02
1.208564398559663494e-01
5.349264548571157525e-03
4.483101291950144368e-02
4.882607941325226714e-03
-1.001354888708696766e-01
1.379458321661323691e-02
1.086064752056681293e-02
3.389442070612412872e-01
-6.787100542481508403e-02
1.598747061126680816e-02
1.108219897952614393e-02
-3.254111301823722768e-02
-9.479866529261465891e-02
-7.108953590728886440e-02
-3.291071466144682156e-02
2.110410318375783786e-02
4.656415423257426883e-02
-7.884058120641053435e-02
1.412044917242834818e-01
1.721361481300498486e-01
2.911331563793865748e-02
8.505548470349117221e-03
-8.531808529213731618e-02
5.627057069021774820e-03
-9.056370821001828719e-02
3.199298164155143370e-02
-9.000445276698858244e-02
1.563356656154530344e-01
2.117824481605750167e-02
-8.205771320678990899e-02
3.337499599592494860e-03
1.526752098841927321e-02
-3.453546870524857454e-02
-2.834040647956696801e-02
-2.983707857797080268e-03
-3.121724853073998968e-02
-4.379330485677031259e-02
-2.307938308430603630e-02
3.627257729121025759e-02
