1.516443664957089306e-03
9.738173965452298630e-02
-2.406571468972800928e-02
-2.127803063652779908e-02
4.474404191860006930e-02
5.057627121610593426e-03
-2.504287372922241704e-03
-2.298146373820754776e-02
-1.242213046916544432e-02
1.819904134005593477e+00
-1.524730376890731376e-01
3.246920050662617518e-02
7.718853457078179992e-02
-5.326833104018542653e-02
-3.981493194336052643e-02
-1.770394705005576275e-02
-4.127649878321089372e-02
8.448816230994209420e-01
-1.554589543707163013e-01
-5.990457656877781756e-02
4.090110384221008408e-03
-5.968351616199974591e-02
-2.383478027709186667e-02
-9.513010208418985758e-03
5.796938201330897877e-02
1.747152324208748470e-02
-2.402001345345920053e-02
3.605708534233810492e-02
-2.513926940261625165e-02
3.402504042115551269e-02
7.240524709720095112e-03
7.026556541456996374e-02
-5.552365783914996189e-02
5.640826490305077268e-02
8.717252247705518930e-02
-6.928012183893331177e-02
-2.247534340287351759e-02
4.075094117764043768e-03
-3.042186974925035342e-02
-2.262660778723485366e-02
2.496871620671382158e-02
7.873890495443042203e-02
4.641885374654258246e-03
-3.924779328110228338e-02
1.568398197850400660e-02
6.345540563329656568e-03
-5.903418788097746644e-02
2.331159260122060359e-02
1.173480277261122751e-02
8.855403101204294483e-03
-1.496226385522810096e-03
2.396703954426109007e-02
-6.734575913299621630e-02
-5.932437714761430204e-03
7.595946246248695168e-03
2.680311031328780347e-02
2.473377641454041487e-02
-4.993208549620622994e-02
9.302580526112035411e-03
-5.516620776781670094e-02
-2.366254655280015246e-02
1.134987401855218694e-02
-8.177163240574962175e-03
1.096154285565693054e-01
-1.739524792924282068e-02
-3.405406860394837726e-02
-9.069090460145694255e-03
1.367185456439011515e-02
-7.383928596844288074e-03
5.218552741068263612e-02
2.982761663896014645e-02
7.959006080322409771e-05
5.700278728255357003e-02
1.840419155467503710e-03
6.669609426545820841e-02
-2.938340658481703241e-02
-6.655469427019734905e-04
-1.863360261280379640e-02
-3.110010119521679564e-02
1.465012524095747892e-01
-1.447768235218812802e-02
6.375210664691820239e-02
-7.755050932656230855e-02
-5.915167821267405465e-03
1.012469669708229193e-02
-1.523434422637570396e-01
-1.398765277565781617e-01
-1.044339964998079739e-01
8.450459350196458386e-02
3.296747116357535284e-02
-6.713296432936886882e-02
-9.420208497651664029e-03
-8.193712478296900914e-03
1.435343985456692846e-02
1.072944048781118292e-01
-4.380208051241777506e-02
-1.402704710187854462e-02
1.622278486451604260e-02
-2.310204104909131806e-02
-6.757832118185488901e-02
2.721920577660933913e-02
1.065288148061754002e-02
-7.025800664310227761e-02
-3.464709798183494838e-02
5.404526407770217367e-02
-6.303118352897152388e-01
3.448327892043664272e-02
4.300341360274205493e-02
5.347241306143400014e-02
-2.688823544730693793e-02
1.422134827960822761e-03
-6.905760449337998430e-02
2.728128435105811947e-02
-8.687123907844074289e-02
-6.193575598177709224e-02
-3.299979549003304036e-02
4.522135630839872354e-04
3.193151797287366311e-02
-1.009740794531896295e-02
-2.977185627424961539e-02
2.400324513397836083e-03
7.647514305696259326e-03
-4.909740863772550645e-02
3.378568413305776258e-02
-3.422868728412302441e-02
7.007728372604581091e-02
1.513566090666482872e-02
-3.777239033126575385e-02
2.167282257759261740e-02
-6.123771521726486741e-03
2.031925673388446790e-02
-2.896011297843753551e-02
-2.544087255842064979e-02
-2.486138838360307454e-02
2.394243506996075743e-02
5.602839336139067011e-02
-2.406145446611454575e-02
2.160649099209856552e-02
2.831142180760576332e-02
-1.943225028896433323e-02
-7.359789212983023354e-01
9.059083021776031391e-03
7.369405970575491904e-02
-1.824496960392960792e-03
1.954777429425693346e-03
1.829792007228108960e-02
-1.704741393932376154e-04
-2.390057091997134509e-02
3.066540692271142732e-02
-1.267992208156795350e-02
-3.573435657429245571e-02
-3.871513670528653906e-03
8.337168175702623640e-02
1.089856439311643298e-02
-5.291726649589356679e-02
2.942293626690087316e-02
-5.564381441688905777e-02
-2.438790251515908850e-02
-4.386322385719068628e-02
-5.777611523806783743e-03
1.908995352288372872e-03
-7.606112210856796159e-04
-1.285105949549412638e-02
-1.419427770803277818e-02
-1.041169320019842831e-01
-1.132347722105555982e-01
2.661144112190171052e-02
-4.291302569813044282e-02
1.253021873738281444e-01
-8.961012680204573410e-04
3.435198132902666374e-02
-8.376197666182187695e-03
3.697761580422558730e-02
1.562481728160574311e-02
-3.257247005803290407e-02
1.989735395107178340e-02
1.274773344563654614e-03
-7.842925617880521644e-03
3.528382109784289344e-02
-7.100157434015194613e-02
-1.018525582383146381e-02
-3.865089075409535325e-03
-2.781145619713091405e-02
-7.026676750926900972e-02
-3.203890349652996350e-02
2.979609771595083043e-02
-3.091995528361587628e-02
5.003262689369344235e-03
1.438756852516790037e-02
-3.705383341652469797e-02
-6.150310767444951837e-02
-3.628064851027961932e-03
-2.525112671855304913e-02
5.392954082521320136e-02
-2.221397676083600864e-02
7.892813389357741793e-02
-3.895766291710570095e-02
-5.744873075725272921e-02
-6.360445095084343858e-02
1.052308025668895475e-01
1.251434074934082950e-02
-1.996833043048299935e-02
-6.323173908521093067e-02
1.340545114556355132e-02
1.621057783326604051e-01
-7.835261062079323935e-03
5.670047489087672726e-02
-1.120680431375433231e-02
-3.364152653255726017e-02
-6.809961435648043473e-03
-6.360500391440501722e-02
-2.388034447456498319e-03
-2.185266315713997251e-02
-1.281924269341838396e-01
2.167332505317682428e-02
1.186757124709496986e-01
-4.944859339148727911e-02
2.223209954051901666e-02
-6.520580938324732623e-02
1.797498334185249763e-02
2.693581916387447275e-02
-4.348348048887787191e-04
-2.416483461023358550e-02
-8.089709048076402717e-03
-1.238337132978369753e-02
6.979357014355280255e-03
3.984733560806835023e-02
7.205863390957970016e-02
9.572578208088786123e-02
5.380740800378884525e-02
-1.031967525517489270e-01
6.098920738222318727e-02
1.922729674905894123e-02
4.831154163240536370e-02
-8.481089684804229978e-02
-5.043394560792679310e-02
-5.422686211969954956e-02
-2.570043125003077314e-02
-2.393369824568800097e-02
2.671615078275790811e-02
4.889213353748812253e-03
3.344131285205026449e-02
1.728852836604979903e-02
8.240030990193677671e-03
7.774018544493736804e-02
-7.582004111510073918e-02
-3.580461660526303158e-02
-5.151861008002373010e-02
-9.536673081941544894e-02
-3.924541072940875008e-02
2.930089720886305121e-02
4.038069300509364995e-02
1.792338823527420480e-02
-5.237014030618525329e-02
3.791423269737587143e-02
1.572541625942903976e-01
7.750578178699973897e-02
-2.916227405235701300e-02
-2.529415930458994710e-02
2.609536503827008039e-02
8.075508703396423738e-02
1.091223870115610312e-01
-3.417460023523358204e-02
1.253585223398048232e-01
2.503907240526032085e-02
-1.056321194779808598e-01
2.286032504909931752e-04
-1.601033866835141831e-02
2.380755475550971056e-01
-3.576014390977665797e-02
-8.099190570015226895e-03
-1.986783050526290395e-02
-7.433396837271537272e-02
-7.592919612215405512e-02
-1.941483554305907175e-02
-1.426211191190065314e-02
3.094350672295983345e-02
5.254379009803245709e-02
-9.414038145561397578e-03
1.364163318239896283e-01
1.801325058408339008e-01
5.294076504307076297e-02
1.909988793400042503e-02
-6.717611472068626965e-02
-4.477665234359613083e-02
-2.303889501454976785e-02
7.205774435950240697e-02
-5.283334586076288836e-02
1.035789128817160426e-01
-5.461120545364014922e-02
-1.648231085915035365e-01
3.620317831530409092e-02
3.448278365742062784e-02
-2.268966967514746830e-02
-3.779486228956995680e-02
3.052054970309607193e-02
-2.232296828301025271e-02
-1.134465452336887517e-02
-3.506648237625310111e-02
5.552185469710137211e-02
