-3.362537058755440955e-02
1.666570207568530138e-01
-8.012996282059912934e-02
-3.840109685157503533e-02
3.391743932694104430e-02
4.630300219926743871e-02
6.248603427180307764e-03
-3.437777570357323370e-02
-4.034873498007332873e-03
1.326682063485084884e+00
-1.213993671996933393e-01
1.175410533642643612e-01
9.172820156047349627e-02
-2.484380549260430462e-02
-3.735166408259325832e-02
-2.947197657293303911e-03
-2.183990200113415311e-02
1.134180988409795310e+00
-1.711757609850025341e-01
-5.608739486244532224e-02
-3.232297085821582856e-05
-3.378113628846227817e-02
-6.769752640803949895e-02
9.185609215627816779e-03
5.567599824003648806e-02
2.662435063992740422e-02
-6.150926380870666565e-02
-7.852251810454265527e-03
5.085319181438361508e-02
5.131417220576597882e-02
-2.507347725288381138e-02
1.056216391016904371e-02
-1.190870885904972941e-02
4.694096857757578539e-02
7.717299056235024657e-02
-6.445481553871919289e-02
1.829995685745188644e-02
6.476503744387626660e-02
-2.713224750585967529e-02
-2.007999350146182777e-02
-9.367193870379236786e-03
-1.247148114848610143e-02
4.639619113361708597e-02
-3.532986832646155262e-02
-3.523476881501973190e-02
-1.186654601837451410e-02
-7.134647641497768311e-02
2.379585932433750731e-02
-4.451436393325053364e-02
-5.856073082707980923e-03
6.388766529067906388e-03
4.419239144229765437e-02
-1.495852657711484179e-02
4.536006196516721711e-03
-2.628992183034831176e-02
2.146674744418452987e-03
2.321250036547837202e-03
1.224762564641907261e-02
-1.070030297767840576e-04
-6.242251429197533813e-02
-2.060460925864800175e-02
4.377355846207044848e-03
1.128065208999745389e-03
1.459911455700028671e-01
-5.647388958118089441e-02
-3.639930043683091421e-02
5.615810969456011721e-03
4.194331214725165180e-02
-3.038004072491674173e-02
8.458063068965564202e-02
2.968625168474258585e-02
3.672224431669863370e-02
8.094127113570541432e-02
1.600987394828097890e-02
9.620457635164098020e-02
2.316223031828668674e-03
8.218243380429989670e-03
-3.058215402067854249e-02
6.099900421365970875e-03
1.376121272614363178e-01
-4.980227781147644750e-02
5.616939404051075890e-02
-6.562591342758732071e-02
3.642198317301086757e-02
3.349633954896297922e-02
-1.793979080340067367e-01
9.448478862920688115e-02
-1.211665666010859344e-01
1.079637060764766648e-01
5.842056906688960355e-02
-4.323710557960640244e-02
4.068062731072492194e-02
-2.021475895472456263e-02
-5.857480523276582113e-02
6.092932315938866944e-02
-4.778403218665504965e-02
-5.029289361494581473e-02
-2.383143577249483350e-02
-3.271130971905843871e-02
-3.102226833415538260e-02
3.070893100764436959e-02
3.917235013261551740e-02
-8.907735098013892794e-02
-1.302334409639406727e-02
5.383030563394407969e-02
-4.558285739212151744e-01
7.892873040821261899e-02
5.782481651375752721e-03
3.650219521014459040e-02
5.208558917388879383e-02
2.157478259564735504e-02
-1.274714710052538003e-01
3.590058078108857020e-02
-8.014003091786012223e-02
-3.146007761150557136e-02
8.208512720064132726e-03
-1.402796417234315578e-02
-9.014416678058571886e-03
-1.367284236382265185e-02
-6.094942178638357300e-02
-7.750076857793643682e-04
-1.051822734553606829e-02
-1.742969033366490242e-02
-6.055452250744609985e-04
-8.660069565614626763e-02
4.593840398203765524e-02
-1.579181592066287998e-02
-7.496335448735738649e-02
5.278244533431063201e-02
-3.473652948694522236e-02
2.043935641545168228e-02
5.182355567241322264e-02
-5.226752334081191664e-02
-1.482895349277535586e-02
2.694489556485073906e-02
8.422240285166296414e-02
6.418855434874823872e-03
-2.188471201077204706e-02
4.462617294406448498e-02
-1.709809686610830326e-03
-5.647913615467894388e-01
5.221650127222967480e-02
5.874173922279956467e-02
2.011272991165577277e-03
2.519379262518959758e-02
-2.207676257606243711e-02
-1.554506569422729224e-02
-5.185705047706036692e-03
1.630305495480905559e-02
-3.580401076930052329e-02
7.957862850146525668e-03
1.638176294916164708e-03
5.540309162286221473e-02
-1.617859138957860547e-03
-7.244783287319195297e-02
4.687364756902464603e-03
-6.959127861486337496e-02
4.069767760123568084e-02
5.810651929906121733e-03
7.335658732848598755e-03
5.152383120768393859e-02
2.923932959867748399e-02
-4.680825323793442322e-02
-9.024540053252291805e-02
-1.087378332733397873e-01
-7.507929324275680605e-02
3.948943347825668859e-02
-3.952593301422259453e-02
1.078155826839374831e-01
5.379392953413861950e-02
7.051069553936492595e-02
4.246915857637448451e-04
1.691594299623654920e-03
-5.202200345088863614e-02
-3.726584643373826583e-02
5.562095778775266036e-03
3.630567679252489494e-02
-3.733611112637664348e-02
5.084269974074542148e-02
-1.039259160637543700e-01
-7.799097113860777204e-03
-1.462212010557376735e-02
-3.882802227964735065e-02
-7.682662332933987148e-02
-6.364756988332856413e-02
-7.839664676331925888e-03
-4.250928572667533184e-02
2.290344540163164258e-02
5.571347453170682335e-02
2.963081677342427594e-03
-2.658105406495240783e-02
3.143855276017852324e-03
-1.980501530350783565e-02
5.310018074488635081e-02
4.971484207556164936e-02
4.047905337731639436e-02
-5.258051450939471572e-02
-9.166944594809962876e-02
-1.007740542085247687e-01
1.435570166866797781e-01
-9.174043784072672889e-03
-8.716351624668890186e-02
-4.532223750302257631e-02
5.799287887130146618e-02
1.362768807463289322e-01
-5.659756188037193964e-02
6.870167806388514497e-04
2.042409863266222980e-02
-6.044755719194456339e-02
8.709250288690345912e-03
-4.277385235283490128e-02
-5.023301097675914040e-02
-5.769162621323792317e-03
-1.323965630736024801e-01
3.617199274736349057e-02
5.080000156280913004e-02
-5.924470400910344936e-02
6.927193316741223073e-02
-1.177470200149480090e-01
8.160280845386999604e-02
6.745690639700710478e-02
4.569761625883073108e-03
-4.564227526633015536e-02
-1.329575998774568633e-03
2.445726247276246851e-02
1.813559892641882290e-02
-1.848970641170781179e-02
-2.352363965623007966e-02
7.711307572342605832e-02
5.401732215060396636e-02
-7.562476836936152247e-02
-7.131688393720736485e-02
6.373550473067475519e-02
3.332373822912773620e-02
-6.495336882398441980e-02
-1.688518525427763067e-02
-8.781888175683101594e-02
-2.034982226480924750e-02
-6.077135170796146152e-02
3.110774519187174333e-02
9.257574509715864319e-03
9.354170013754437019e-03
1.885122576883768979e-03
7.558851570571652190e-02
5.070713463583455954e-02
-1.209586035046767427e-01
-4.727439648089731827e-02
-6.901977455877261747e-02
-9.986001480718713352e-02
-2.671326492637279837e-02
7.964765480740695902e-02
4.732654557529236694e-02
1.512626499859368620e-04
-7.718185649874426124e-02
3.068394591873255250e-02
1.709832542425974433e-01
1.068354995699698773e-01
-3.923729633677540407e-02
6.935068812117368975e-03
-2.182982048689919435e-02
4.868589970921446269e-02
1.257620519202974352e-01
1.009870137860373503e-02
7.308307292239124564e-02
5.845655473275276556e-03
-9.773155679145326125e-02
8.414693371482477591e-03
1.275769606213316906e-02
3.295720796764744498e-01
-4.132491308376931571e-02
-1.523209733450023133e-02
1.117018293174577154e-02
-2.234555689071739473e-02
-1.015508862673385887e-01
-7.540777296608119906e-02
-2.825404338220747005e-02
7.260515628477679992e-03
4.161913122238464907e-02
-6.684458253933470151e-02
1.441999795460915390e-01
1.705558645872260470e-01
2.401323576967834272e-02
2.594199822835835736e-02
-1.002838623814325952e-01
-1.049854464473398523e-02
-8.481878197747906578e-02
2.899758256183228647e-02
-9.126305117358378405e-02
1.545413000648479807e-01
1.760343880477388415e-03
-8.823763088097096030e-02
4.492211516383392070e-03
8.135888652554558106e-03
-2.660754185494795809e-02
-2.174916568962473318e-02
-7.853436193830750809e-04
-1.757299166576218458e-02
-3.136639493251412031e-02
-2.531794256865368964e-02
5.116171244724231071e-02
