-1.228734153705958974e-02
7.076205605362591300e-02
-4.232429246424867370e-02
-1.607390149295140347e-02
2.364995589584884331e-02
5.143497855243169166e-03
-1.118137880073019619e-02
-8.151727908217909838e-03
-4.643221229286716677e-03
1.145757528973313955e+00
-9.354192745428606404e-02
3.328095573137445501e-02
5.322984906280527756e-02
-2.902319719323038019e-02
-3.499762988097594729e-02
-1.174225324604938683e-02
-3.167910812449702823e-02
5.689327239218656684e-01
-1.027666983198060047e-01
-2.177135205077914901e-02
2.775926417058509430e-03
-2.338322504763436574e-02
-2.823400925292853317e-02
-8.168679243567074366e-03
3.845864413793362996e-02
2.114186430714725187e-02
-2.471137015725123447e-03
1.229097891917058614e-02
1.270694014524043590e-03
-1.112044477042710075e-02
-3.682143344408569940e-03
4.071022779232599809e-02
-1.801845206331309165e-02
1.959355198856667715e-02
4.526866817970555401e-02
-4.708556891194608240e-02
1.377744628593153631e-03
3.129028542526918200e-03
-2.652665024769332303e-02
-2.820558471923965624e-02
-9.818132743610378382e-03
2.939432574106270665e-02
7.676822075018612662e-03
-8.501770776793860646e-03
-2.860948910579052141e-03
8.756654391997480483e-03
-5.356880012232698857e-02
1.153017768882682280e-02
4.176034589146196581e-03
-4.535185490895878480e-04
-2.840062331238918641e-03
1.833515226253824848e-02
-2.745618314109240024e-02
2.397414361778168676e-03
2.013764005202931667e-02
1.736257701415905297e-02
-1.875776127195928058e-03
-1.798463974930498629e-02
1.531387775040721905e-02
-2.466527721331696413e-02
-1.497263835517270020e-02
1.778002571097518983e-03
-7.483560146557038419e-03
6.827193493968644611e-02
8.092016845210365725e-03
-3.131154341263249485e-02
1.364127034849474352e-03
1.921880286917037120e-02
2.585662281926859752e-03
2.821450061311427115e-02
1.367466344948659214e-02
2.073151465180381181e-02
5.682793652014683783e-02
-7.720320416086590663e-03
4.729006081114520144e-02
-5.263491539856865291e-03
1.377458113832417431e-02
-2.246242733472945952e-02
-9.942965764446849361e-03
8.001356409417779980e-02
-4.794888085800494068e-03
3.633869547196484640e-02
-4.789178593637705844e-02
-1.085013537701618944e-02
1.522946148723850791e-02
-1.040928487529532709e-01
-8.386904624218376181e-02
-5.548493351361412362e-02
7.336236189799413832e-02
3.521305704101020118e-02
-3.713042600750315197e-02
-1.218653709186681526e-02
-3.822847360283509067e-03
2.016543419020501784e-02
5.521678847813176610e-02
-2.693384372283415609e-02
4.149821955714160307e-03
-1.878536602881623625e-03
-1.297714132075492022e-02
-3.643341029650039309e-02
-2.533893939720471746e-03
6.772486090280975708e-03
-4.733207457077966834e-02
-1.604918893817591785e-02
3.437629735396610653e-02
-4.326255801655986555e-01
7.608679997352002337e-03
2.175145466706509753e-02
2.415543643676652114e-02
1.657119634813055895e-02
6.382499260672142537e-03
-4.897578884500514151e-02
1.675261787286600260e-02
-5.011900690550374904e-02
-2.292271482130792126e-02
-2.608354734280390191e-02
1.046959712549059944e-02
5.194249422019772168e-03
-2.587658797050031503e-03
-1.513973204055295632e-02
2.694569936111852401e-02
-1.025978468816031788e-02
-1.428710109580559433e-02
1.319899010975001015e-02
3.418759896369029296e-03
4.779873115335953049e-02
9.216313059051552126e-03
-3.014762736611811475e-02
8.007019567510350114e-03
-3.978822970129809733e-03
2.177183535400591466e-02
-7.604350756165301553e-03
-4.105326381477305414e-02
-1.148872918383583852e-02
9.494004383921693380e-03
4.202518660379611637e-02
-4.291312915321374502e-03
-6.429689092799329569e-03
3.102630625346969664e-02
2.197374893555616420e-03
-3.720464541311448436e-01
1.955184712273366765e-02
5.896493108079176038e-02
-1.542122885300427305e-03
-3.701484404082246507e-03
-1.457340572470402704e-02
-1.566887237573912767e-02
-1.740776665385590895e-03
-1.438997796624791759e-03
-2.046588909705576026e-02
-2.455698997338285131e-02
3.873046542991696525e-03
4.775944910761547452e-02
1.283229009039770808e-02
-4.003166165667537690e-02
2.037678269126905889e-02
-3.071148673419216851e-02
-1.648572627379566585e-02
-2.327555769662153703e-02
-1.725869308688443918e-02
-6.617123540071233323e-03
8.461324075339223677e-03
-1.888744387294561539e-02
-3.381719747201648862e-02
-6.056614829215600793e-02
-5.686551229536856988e-02
2.567951425050243527e-02
-3.361409454426472765e-02
6.413159807246233968e-02
2.352392564886694303e-03
2.467178289501288993e-02
1.059726482481796253e-02
4.357355986060963693e-02
2.289601231802918923e-03
-1.512824728496217283e-02
2.221583342052403653e-02
4.086513698309585454e-03
9.685002010499396772e-04
3.357135793110849892e-02
-4.872959418129139270e-02
2.717488227657975913e-03
-4.881524391834753812e-03
-2.549958886445158335e-02
-3.914328308369446896e-02
-2.024784999827860046e-02
-3.490767874520159502e-04
-3.137876458752027892e-02
7.578553395777566995e-03
1.961815842676411376e-02
-1.830780990781364888e-03
-2.914246592300392957e-02
6.951990161997189874e-03
-2.594401559991866418e-02
4.006063883709746337e-02
-8.992070868424789989e-03
4.686359404384836391e-02
-2.331216686538974819e-02
-3.895924541757937037e-02
-2.442142972223058928e-02
9.663335342978193743e-02
2.747013589511724998e-03
-3.122189696802284142e-02
-3.641449002583176109e-02
2.712161333038722727e-02
8.067946348265044032e-02
-7.718789605648774393e-03
9.846639228715965350e-03
-1.390288579978463633e-03
-4.488516391729049058e-03
-6.650416303110569770e-03
-2.493191560352284522e-02
-1.255415643800915707e-02
-9.181119128210410776e-03
-6.093839264004664857e-02
3.197305524833347207e-02
4.505461948452676307e-02
-2.816436735927016835e-02
2.806185244091832440e-02
-6.645190744570059205e-02
1.118652492943604700e-02
1.547415265765334468e-02
-6.675059514379607165e-03
-2.196201517373767495e-02
7.284657754241368084e-03
-7.846861283434161238e-04
1.490764983106072743e-02
9.086160550743106745e-03
2.312597114530122455e-02
2.858530345659812677e-02
1.562666844679152719e-02
-8.021555122187125353e-02
2.185214353974712642e-02
1.557970503171948566e-02
3.751988435554010765e-02
-2.018080323281612465e-02
-2.101979872261360016e-02
-3.315269335894632796e-02
-2.784751166248509990e-02
-1.548741407793208236e-02
2.930825784164948697e-02
4.325065867085325748e-03
9.137053431180579971e-03
1.472188593189872538e-02
1.633323675113719856e-02
6.320294563146332256e-02
-5.829782133293382601e-02
-3.484604287456050803e-02
-5.939262081538414922e-02
-6.938997500338900393e-02
-9.646298483971076088e-03
3.450815508213767729e-02
1.191291812201175637e-02
-2.159583733200211644e-02
-1.423563350479194710e-02
8.977457249770301115e-03
7.178763390609332884e-02
5.474587462451962344e-02
-4.777897455797674997e-02
-1.162060162123605168e-02
2.586934104874681964e-02
3.593481367458654235e-02
6.556836190498732675e-02
-8.827343267537300989e-03
8.150790405023905505e-02
1.739721409563022708e-02
-6.488543763502231665e-02
-3.729636554376471094e-03
-3.594919194558278148e-03
1.970905515580821943e-01
-2.042348239088475487e-02
1.181183210015643303e-02
-2.565276604354899907e-03
-4.753320436057520415e-02
-6.423734481847837019e-02
-4.315930595572128881e-02
-4.282964377408614992e-03
2.186444886016422270e-02
3.796659522408324383e-02
-1.292886878433386136e-02
9.946450170579983208e-02
9.607184753829038637e-02
1.509476592859847893e-02
1.790859723986956004e-02
-4.832116092830799486e-02
-1.868009628207183484e-02
-4.361515335656864639e-02
4.422920061276461312e-02
-2.842054748791254457e-02
6.470663225166653487e-02
-3.377341019967164404e-02
-9.844578255651571796e-02
3.259127572282662783e-02
1.373295086929355972e-02
-9.032060007802784202e-03
-2.206395433085416025e-02
1.029042926471474169e-02
-1.975421879169015488e-02
-1.943717817888789001e-02
-7.953209531835678942e-03
3.499740714122796109e-02
