-2.994608857334890226e-02
1.664994580074589114e-01
-7.355675391728221102e-02
-3.120265697982294029e-02
2.858206752898924743e-02
5.062869437504526060e-02
-6.477749664507748834e-03
-1.300465629865486285e-02
1.183375545669943484e-02
1.330098124411615679e+00
-1.050662158737055568e-01
1.204312659542689512e-01
8.639372420160765231e-02
-1.813738718860887986e-02
-1.543945913613856830e-02
-2.532978166978962914e-02
-1.684697960795495525e-02
1.225375660800926969e+00
-1.823813811418277808e-01
-7.280628801868346822e-02
-1.204266550573901071e-02
-5.003708518900716606e-02
-9.243732291892968467e-02
1.182758807272713854e-03
5.499322650762183962e-02
1.785610479917988311e-02
-4.873287674139148429e-02
6.461426439823269316e-04
2.232887808958378476e-02
6.755869134260264475e-02
-2.467629134814704195e-02
-9.338332496724282552e-04
5.504541468228374423e-03
5.191724203870663745e-02
7.093077035357375770e-02
-7.056234413471286493e-02
-6.401490857836148601e-03
4.744999015587660074e-02
-1.664464114775689868e-02
-3.500403382757621973e-02
9.978470576820370683e-03
1.588381841100007172e-02
3.494268131856941018e-02
-2.915276325675284289e-02
-2.482330258176279961e-02
-2.468550606997700625e-02
-6.226969560160040829e-02
2.091680329631037671e-02
-6.630663482601925618e-02
-8.159516841654446129e-03
1.801557323348903020e-02
3.321889893479795797e-02
-2.777043299150463301e-02
6.257190382517742455e-03
-4.105302135382721263e-02
1.170707336332962173e-02
1.704236989915996689e-02
1.440863196669744418e-02
-8.749498600324064415e-03
-5.938084141230356994e-02
6.832546952649766470e-03
3.475706443148490060e-02
-2.410366675209555526e-03
1.742185802737345190e-01
-6.204922118274314169e-02
-4.207935254521507490e-02
9.540803113571765318e-03
4.531498931856035861e-02
-2.235608202757259633e-02
8.265596287973422940e-02
3.499614509219530628e-02
4.986496507599210565e-02
8.613233160891448081e-02
3.434942790933449147e-02
7.893193524150915463e-02
-7.741837298138895193e-03
4.813752473760319305e-03
-4.554737286371206978e-02
2.337577975075132153e-02
1.233279982710551032e-01
-3.305268034547215877e-02
6.312147393683467667e-02
-5.701250585555615868e-02
2.310338500649485732e-02
5.716833931901296045e-02
-1.752482246632630913e-01
4.189339974156347512e-02
-8.051570760011586558e-02
8.822732655107176636e-02
6.377365418386558849e-02
-4.485869439767543182e-02
5.028966615975088983e-02
-1.144072158131698505e-02
-4.819827082880730196e-02
4.831021237281845487e-02
-6.403495484149829275e-02
-3.809094796079549872e-02
-1.645141309845481181e-02
-2.468707603793269048e-02
-2.251287727320044896e-02
2.404923942831667730e-02
4.329815332165616593e-02
-8.496279034506480643e-02
-1.657629803819067171e-03
6.956371014827286703e-02
-5.404912557028025422e-01
8.639701264800130065e-02
3.458996892312079380e-02
4.890115326168621712e-02
4.276253965937069912e-02
8.053113501045513004e-03
-1.129930972327829741e-01
3.222499606800818123e-02
-5.230772206418821124e-02
-2.326333609987146084e-02
5.964407270620609818e-03
-3.459255371270548302e-02
1.241468249590393924e-02
-1.628845113184788918e-02
-2.461076640178054206e-02
-7.655084192713990966e-03
-1.484689523985715902e-02
-3.383118997347744211e-02
-6.135547479649820606e-03
-1.027875629684444903e-01
4.381360491798826778e-02
-1.360634386569673816e-02
-6.961185583224709095e-02
3.698752568524150963e-02
-3.896658344422115894e-02
1.984481750749058498e-02
7.806990968299659661e-02
-4.141423067044137929e-02
-1.199948519902101912e-02
5.137336129290680231e-02
6.752100503973858248e-02
3.359774519717100352e-03
-1.655099600676528853e-03
5.558780943926967810e-02
-1.196931547134115481e-02
-5.066837637591425914e-01
5.700275720318270789e-02
5.245400842521182050e-02
-9.870269198586519716e-03
3.786741493319574492e-02
-2.827008059734593265e-02
-2.715368487037439493e-02
5.549280693014971982e-03
4.190341359122673470e-02
-3.112278309209573490e-02
7.555509682317691246e-03
-6.209512771760039053e-03
6.035797673844955913e-02
1.008616012428488733e-03
-7.558181456613440041e-02
-6.478538184449452939e-03
-7.317829970490259683e-02
7.808330391411398563e-02
-1.539608346741708385e-02
-3.111223884785285082e-02
5.990863352252154272e-02
2.935509464502317201e-02
-2.752385785538416854e-02
-8.755568435893258672e-02
-1.286119163679484423e-01
-6.689867539964877707e-02
4.971459114074154584e-02
-2.337882244765641937e-02
1.037812324616192300e-01
5.942992766266565197e-02
8.319009850912448267e-02
-2.955848107651146747e-03
-1.543711656007857279e-02
-5.409891406306575196e-02
-6.643070472608443577e-02
3.541089464765393140e-03
3.832217524576363166e-02
-3.807250790924397027e-02
4.298484217154573128e-02
-1.126668550628213417e-01
-1.105798885266176014e-02
-2.074092798967159049e-02
-5.432067557276957365e-02
-7.193573371533058813e-02
-8.052303411724237581e-02
-7.656504324200928864e-04
-5.880580175293286666e-02
2.239985549222879915e-02
4.855996103650699058e-02
-4.246315578693017623e-03
-3.009553608606705885e-02
-6.753421805270792659e-03
-3.559338353270512234e-02
5.824469025522304583e-02
4.236068090217430526e-02
5.460640620473966589e-02
-5.705424437300854468e-02
-8.863449986195597041e-02
-1.369272870048519053e-01
1.240071720662249272e-01
3.590423232597966200e-03
-9.539828248334419891e-02
-3.640974211791223047e-02
7.768791243482511821e-02
1.467230667046853509e-01
-6.066895768837352737e-02
1.946317562368745160e-02
2.497742640669128877e-02
-6.627346041304583990e-02
1.066535454119595973e-02
-3.684212685114780089e-02
-5.251344797776812123e-02
-1.904195216038905708e-02
-1.441789124167209835e-01
1.715021856499836933e-02
6.535359355764357170e-02
-6.645424717349192323e-02
7.334997075050692095e-02
-9.433072548926424439e-02
5.693855824326526233e-02
7.560531458197553012e-02
1.001139393635944001e-02
-5.493648135953001915e-02
-1.289427234672586679e-02
2.634120976797995023e-04
2.480156877987182290e-02
1.805726224744731712e-02
-1.921486256132775780e-02
9.488749128738503680e-02
6.199733444900065032e-02
-5.965425628213483905e-02
-7.355151361883553729e-02
6.950529602523716766e-02
2.707581587415815866e-02
-8.910648031854224993e-02
-1.328438109600170100e-02
-7.224242907705119565e-02
-2.755024144975649902e-02
-6.128326069049171154e-02
1.825148036663136464e-02
2.465307818737440173e-03
2.094022198498262169e-02
1.197680375881444992e-02
5.812978557349373493e-02
4.023605104687160566e-02
-1.230289547351365032e-01
-2.053218766689749591e-02
-6.470876104352234204e-02
-9.224747701906364783e-02
-4.256257736688934951e-02
6.153983022847418077e-02
5.776455233000217515e-02
2.157004256451861002e-02
-8.514673118527771312e-02
3.112450864246143686e-02
1.952070858452820690e-01
1.102591748361575752e-01
-2.670109740760102240e-02
8.744162830853066670e-03
-1.623757745175247874e-02
3.938511073507314220e-02
1.072342143258020186e-01
7.646479424650590162e-03
5.795963145638714092e-02
8.660112969802302024e-03
-9.056011506309291637e-02
3.163681676691831174e-02
1.937874211055742521e-02
3.675610957980302573e-01
-6.876593305317184324e-02
5.885465993362571334e-03
1.457162398899721281e-02
-2.986772100622782367e-02
-1.111968841652183349e-01
-6.754454748714606993e-02
-4.482865638464950120e-02
1.103877000506915847e-02
5.787459506141828108e-02
-7.177914709157071083e-02
1.328241121053298501e-01
1.660433328128394503e-01
4.019285571230719195e-02
2.052404257413643213e-03
-8.847497131626112787e-02
1.543238499843286064e-03
-8.658922057172858955e-02
2.774380541562567956e-02
-8.833788199724816603e-02
1.586374969449272088e-01
1.156654664544522508e-03
-1.042069271512238438e-01
2.010995645389782038e-02
2.829059802766764262e-02
-3.263279878046020793e-02
-1.624094368935114635e-02
-1.698213652271616386e-02
-2.826290082271978518e-02
-1.633661095967756452e-02
-4.042166439799225325e-02
4.880499272440075309e-02
