-5.560814961791038513e-02
1.862593740224838257e-01
-5.613191053271293640e-02
3.434536047279834747e-03
-2.176898345351219177e-02
5.888721346855163574e-02
-1.931835897266864777e-02
-2.391823753714561462e-02
-2.245209738612174988e-02
1.480417609214782715e+00
-7.158243656158447266e-02
8.310768008232116699e-02
1.091508865356445312e-01
-1.022498589009046555e-02
-7.277958095073699951e-02
-4.871647059917449951e-02
3.587885946035385132e-02
1.223360776901245117e+00
-1.881776601076126099e-01
-1.116752251982688904e-01
1.558688748627901077e-02
-6.775320321321487427e-02
-1.242755204439163208e-01
-3.289787471294403076e-02
1.540257595479488373e-02
4.258048906922340393e-02
-6.963647902011871338e-02
-1.182688865810632706e-03
-6.917676073499023914e-04
4.639960452914237976e-02
1.181110553443431854e-02
2.068483456969261169e-02
-2.827965188771486282e-03
6.777393072843551636e-02
5.652341246604919434e-02
-7.728387415409088135e-02
-4.036922007799148560e-02
3.486606106162071228e-02
1.568408310413360596e-02
-5.371293425559997559e-02
8.195471600629389286e-04
5.007721856236457825e-02
9.841406717896461487e-03
-4.064691811800003052e-02
-2.087359130382537842e-02
7.502478547394275665e-03
-8.913011848926544189e-02
-2.089095860719680786e-02
-5.000559613108634949e-02
-1.360339671373367310e-02
4.696634411811828613e-02
3.804577887058258057e-02
-3.841129690408706665e-02
2.719842270016670227e-02
-2.395128458738327026e-02
1.107314834371209145e-03
3.569590672850608826e-02
-5.569583270698785782e-03
2.925853012129664421e-03
-6.028626486659049988e-02
5.518285185098648071e-02
5.318933352828025818e-02
-9.383521042764186859e-03
1.779173910617828369e-01
-5.003168061375617981e-02
-6.112385913729667664e-02
-1.635456271469593048e-02
3.104070760309696198e-02
-9.101982228457927704e-03
8.155481517314910889e-02
5.240245908498764038e-02
3.459045663475990295e-02
5.051761865615844727e-02
3.190585970878601074e-02
7.313419133424758911e-02
-4.050392284989356995e-02
-4.306677728891372681e-03
-5.960299447178840637e-02
3.080132231116294861e-02
9.989008307456970215e-02
-1.570219360291957855e-02
4.168658703565597534e-02
-6.749307364225387573e-02
1.964422315359115601e-02
7.485793530941009521e-02
-2.363454699516296387e-01
7.806267123669385910e-03
-1.023304183036088943e-02
7.551679015159606934e-02
7.062757015228271484e-02
-2.642881870269775391e-02
7.264619320631027222e-02
-2.363301441073417664e-02
-1.279499661177396774e-02
3.865826874971389771e-02
-7.782219350337982178e-02
3.507443703711032867e-03
-1.005505397915840149e-02
-3.210419788956642151e-02
-1.763784140348434448e-02
3.132530674338340759e-02
4.050389677286148071e-02
-1.076701655983924866e-01
-3.047026693820953369e-03
7.395133376121520996e-02
-7.230623364448547363e-01
7.495986670255661011e-02
1.794820092618465424e-02
2.442532591521739960e-02
3.088266402482986450e-02
-1.296646893024444580e-03
-8.465526998043060303e-02
4.150667041540145874e-02
-4.647457227110862732e-02
-2.184320613741874695e-02
4.026540555059909821e-03
-3.242244943976402283e-02
4.782652109861373901e-02
-2.512555755674839020e-02
2.318212948739528656e-02
-5.959580186754465103e-03
-1.235013268887996674e-02
-1.855621673166751862e-02
-4.995592869818210602e-03
-4.427103325724601746e-02
1.896872371435165405e-02
-2.241224795579910278e-02
-7.844191044569015503e-02
1.451656804420053959e-03
-2.580794692039489746e-02
-5.751701071858406067e-03
7.744741439819335938e-02
-5.454922467470169067e-02
-3.400575742125511169e-02
5.522591993212699890e-02
4.123112559318542480e-02
-1.056767906993627548e-02
1.105451490730047226e-02
4.109140112996101379e-02
-1.475285831838846207e-02
-5.617572069168090820e-01
7.846998423337936401e-02
5.345772579312324524e-02
8.189605548977851868e-03
1.755436882376670837e-02
-2.994654141366481781e-02
-1.763300597667694092e-02
1.620593946427106857e-03
7.786277681589126587e-02
-6.261762231588363647e-02
-3.329627215862274170e-03
-5.187879782170057297e-03
7.614456117153167725e-02
4.241726826876401901e-03
-1.152645647525787354e-01
2.548309788107872009e-02
-6.672500073909759521e-02
7.364384084939956665e-02
-5.320700258016586304e-02
-4.796997085213661194e-02
4.799235612154006958e-02
1.481825392693281174e-02
-1.028440147638320923e-02
-3.661262243986129761e-02
-1.131462603807449341e-01
-7.429499179124832153e-02
8.234965056180953979e-02
-3.496860340237617493e-02
9.530384838581085205e-02
6.139503046870231628e-02
6.717246025800704956e-02
-2.781623974442481995e-02
1.431222166866064072e-02
-7.373139262199401855e-02
-7.757278531789779663e-02
1.240104902535676956e-02
1.543577201664447784e-02
-1.940372772514820099e-02
3.600613400340080261e-02
-1.201260760426521301e-01
4.382872022688388824e-03
-3.226428851485252380e-02
-4.604452848434448242e-02
-5.284682661294937134e-02
-5.622860044240951538e-02
-4.142582789063453674e-02
-5.077990144491195679e-02
1.203177776187658310e-02
3.277224302291870117e-02
-2.086279354989528656e-02
-2.152669616043567657e-02
4.851818375755101442e-04
-4.952719435095787048e-02
4.191941395401954651e-02
3.308987617492675781e-02
9.349507838487625122e-02
-8.467046171426773071e-02
-5.851842463016510010e-02
-1.554043889045715332e-01
1.022290289402008057e-01
-2.868433855473995209e-02
-5.986525863409042358e-02
-1.307040546089410782e-02
8.155050873756408691e-02
1.793417781591415405e-01
-4.108783975243568420e-02
2.548814564943313599e-02
3.284127451479434967e-03
-3.038187325000762939e-02
9.462243877351284027e-03
-4.622681066393852234e-02
-8.597708493471145630e-02
-3.802335634827613831e-02
-1.492994129657745361e-01
9.574037045240402222e-03
4.851812124252319336e-02
-6.667127460241317749e-02
8.917688578367233276e-02
-6.045483797788619995e-02
2.335883490741252899e-02
7.342717051506042480e-02
-8.834770414978265762e-04
-4.039353877305984497e-02
-1.100412663072347641e-02
-5.213423166424036026e-03
3.224007785320281982e-02
2.231615409255027771e-02
-1.232220511883497238e-02
9.264370799064636230e-02
7.509520649909973145e-02
-3.363327682018280029e-02
-5.088360607624053955e-02
5.725432932376861572e-02
5.385544896125793457e-02
-1.083695739507675171e-01
-3.805639222264289856e-02
-4.439500719308853149e-02
-3.060726635158061981e-02
-7.430404424667358398e-02
4.156723245978355408e-02
5.713994055986404419e-02
2.326655574142932892e-02
3.210783749818801880e-02
4.383514076471328735e-02
4.093638435006141663e-02
-1.017526388168334961e-01
-5.354555696249008179e-02
-7.987808436155319214e-02
-8.237949013710021973e-02
-4.121341183781623840e-02
3.587296977639198303e-02
-5.116675165481865406e-04
1.760609261691570282e-02
-7.341270148754119873e-02
4.726024717092514038e-02
1.923330873250961304e-01
1.204992309212684631e-01
-3.050648793578147888e-02
2.002814784646034241e-02
1.752624846994876862e-02
4.818460345268249512e-02
1.048875674605369568e-01
-3.309229761362075806e-02
8.191561698913574219e-02
2.772173285484313965e-02
-4.793376475572586060e-02
2.385679073631763458e-02
1.373158302158117294e-02
3.257824778556823730e-01
-6.514475494623184204e-02
3.676573187112808228e-02
2.723857015371322632e-02
-2.016094513237476349e-02
-1.207886859774589539e-01
-6.326480954885482788e-02
-3.681920841336250305e-02
5.100806243717670441e-03
8.917895704507827759e-02
-5.423119291663169861e-02
1.583354622125625610e-01
1.814519613981246948e-01
4.587276652455329895e-02
-1.583030261099338531e-02
-9.284877032041549683e-02
-1.701826788485050201e-02
-6.552305072546005249e-02
6.610395014286041260e-02
-1.004624217748641968e-01
1.606888025999069214e-01
-1.201931294053792953e-02
-1.525443792343139648e-01
2.968012727797031403e-02
6.271004676818847656e-02
-3.507125005125999451e-02
-1.246149931102991104e-02
1.274214941076934338e-03
-1.863051950931549072e-02
-3.609866648912429810e-02
-3.816298395395278931e-02
7.747157663106918335e-02
