-7.865940635870451170e-02
2.027235815122496454e-01
-1.012207747808075431e-01
-2.689531568204863929e-02
-3.578942858155895884e-02
4.619664176830821922e-02
1.067701720652329024e-02
-2.989304800132313797e-02
-4.042536453581712882e-04
1.214143752377911278e+00
-8.987818459640052604e-02
1.046801579336460869e-01
1.109064305726349953e-01
-8.311683880160916638e-03
1.745380217392042757e-02
-1.030241573887434765e-02
-4.998968720329188126e-03
1.130398070834578883e+00
-1.794220550418512417e-01
-4.698946020034751314e-02
-3.611967228455274792e-02
-3.636041257609316096e-02
-9.848005956879976597e-02
-6.376541668064397315e-04
4.955922323299963295e-02
1.260045895412032629e-02
-6.947398772106082310e-02
1.562167264930734885e-02
9.180556658406255344e-02
1.240032196148590539e-02
-4.292018245665195526e-03
2.829071798800683601e-02
-1.876374165979478523e-02
4.641889088062545882e-02
8.837464007553265388e-02
-4.904659891282747014e-02
-8.636330302540374051e-03
3.786586128369839876e-02
-1.667782783275046157e-02
1.477136370131226784e-02
-1.362430101750185078e-02
-1.879078675104288443e-02
2.026969958806933841e-02
-2.658637631220361203e-02
-1.314476028319224409e-02
-2.930273020834748762e-02
-5.401053175827853076e-02
5.247668611953759665e-02
5.279470852646785117e-02
-2.279983629567288242e-02
3.418869423691978798e-02
8.859281044639764208e-03
3.483961758304005788e-03
-4.248112227750393960e-02
1.222392178444829149e-02
-2.954289990734638646e-02
3.271700005902315744e-02
-5.317285878115912690e-02
-3.551501006047538128e-02
-6.259971436402764211e-02
3.481374187476220933e-02
2.792963243118494823e-02
-1.830407587455647753e-03
1.554094906471655269e-01
-4.852407547553978795e-02
-1.206916414933622284e-01
2.466275127833960495e-02
-2.286787613884963544e-02
-2.224223966277396811e-02
2.183042444813351052e-02
2.103340121349906236e-03
1.179202867888346912e-01
5.374160353170774618e-02
-4.626028025302886433e-03
7.429636385523956388e-02
-8.184887270022012107e-02
-1.317772278400965082e-03
-1.999706250997873580e-02
8.540792543220659602e-03
4.262624187476220933e-02
1.210569965420499675e-02
7.631149766794848022e-02
-9.046029514549419615e-02
-6.406962212283355378e-03
1.547017203603979346e-02
-2.711697794657172977e-01
1.191205746434831625e-01
-1.098357335728795819e-01
-1.610623343689278342e-02
5.551113706407791171e-02
3.763381921101754263e-02
8.046295649526455374e-02
1.477244351452309222e-02
-2.870421512368535530e-02
8.245750253290010101e-02
-6.418919277556593694e-02
-2.329320477626827673e-02
-9.743255781933649051e-03
-1.075993359152070811e-01
-1.250372112589426439e-02
2.157836021682304345e-02
8.409241603425550438e-02
-1.386311638856428385e-01
-1.826538878795740811e-02
9.345109576060887935e-02
-4.918861209813299995e-01
2.040759057400229684e-02
2.026202478664616141e-02
1.170379914845299935e-01
4.252943023441958792e-02
5.698249618472633893e-02
-5.333592218688854025e-02
2.695685176547171075e-02
-4.144857867786436167e-02
-3.424404171344640896e-02
-5.610617883251352300e-02
1.376053579223510126e-02
-2.143750181793437765e-02
4.592383550289425714e-02
-3.921631449871932490e-02
4.228202528929837778e-02
1.409095531734924113e-02
2.459208073815460568e-02
-4.121396562134820724e-02
-8.994856652291627341e-02
3.978946475447216885e-02
8.388378816016761261e-03
-1.663669872618267140e-02
-3.509509375870485670e-02
-6.477439514005897507e-03
4.330195282245325600e-02
-4.293535706672758911e-02
-9.552570057617637903e-03
1.102611617322531330e-02
3.217489401840673002e-02
2.966296651115410063e-02
-1.634347387301868931e-02
-6.447506627366021703e-02
5.326567627371116970e-02
4.756420135601715647e-04
-3.640900317536076569e-01
6.628929843338111916e-02
4.757233375109553436e-02
-3.712836378899774664e-02
-2.323072323427351552e-02
7.580304663508574681e-02
-3.769264332116918637e-02
4.152183264212902687e-03
3.097795673624038557e-02
5.881244120242904057e-03
-2.028308694970462969e-02
-2.808457816279180327e-02
1.263638090613704856e-01
3.391299520001630347e-02
-1.250941344997554272e-01
1.167573826978507076e-02
-4.978182067215907586e-02
4.686281104857180704e-03
-3.585507989781775567e-02
-4.006521023495461520e-02
4.650451957063415215e-02
-3.127980433744811158e-03
-4.494280446711858279e-02
-6.016075635411854278e-02
-1.237261322466845087e-01
-8.370033934067315495e-02
1.724234124151595091e-02
-2.494902120555429065e-02
7.637966357226812220e-02
4.757552177105130869e-02
9.184942922699200485e-02
2.931281509977885433e-02
-4.343454924038474274e-02
6.248598067395100264e-02
-5.830119526133244884e-02
-2.432365841485464170e-02
1.097307677670309421e-02
-4.654784479500706507e-02
9.026241232513859680e-02
-8.493125341824740715e-02
-2.963097020264899434e-02
-3.097406874520171327e-02
-6.982587081445158772e-02
-3.500734193365797470e-02
3.181136561226649562e-03
-4.702493314247764566e-02
-1.920233989120206930e-02
9.614882412289045555e-02
5.005027119334626295e-02
-2.873226372797884481e-02
-6.771280988615537705e-03
-2.157463146091223583e-02
4.059547399228580038e-03
4.337474318027794568e-02
8.153396698917795421e-03
5.944948621193643645e-02
-6.967129994887491518e-02
-7.157358913430442171e-02
-1.027870380376627174e-01
5.172082350675666351e-02
-4.793314064644366157e-02
-1.441176268031785918e-02
-5.477520869886641497e-03
3.249385193171318298e-02
1.144771190798502536e-01
-2.983540156763798620e-02
6.785954256843289290e-02
1.961186278348098916e-02
-1.496517773241110016e-02
-4.025737386030111414e-02
-3.216667018753226887e-02
-6.334876967509239787e-02
-2.379013946024811921e-02
-1.333572433724216633e-01
1.867664336225184629e-02
-2.322433890086572986e-02
-7.267866101728741313e-03
6.576217708177636845e-02
-2.576946029748094363e-02
3.442605409939159672e-02
8.485800857682862172e-03
1.454081114055663475e-02
-1.215352293920020643e-01
-4.659719939114856727e-03
-3.292285790536592788e-02
7.198665169077982096e-02
5.079769434435042058e-02
-1.788128380296372805e-02
9.816310868158409364e-02
7.328993149917112371e-02
-9.637600620677297392e-02
8.329917961000557827e-03
5.038226648274655300e-02
7.367792115780498474e-02
-8.755789656553183975e-02
-4.600665103897736558e-02
-6.051713783987145573e-02
-2.632209244352885433e-02
-2.187808965909033166e-03
5.205646129970683406e-02
-1.685496696030331851e-02
1.491754652478887583e-02
1.172659398874653473e-02
3.647876740227633946e-02
4.502235236568198629e-02
-6.531608650586324949e-02
-5.072187188429932991e-02
-9.183298820004008600e-02
-1.251844473564421023e-01
-1.099811152446191279e-02
4.025647484530837927e-02
5.181350166857182776e-02
2.167800325678299195e-02
-2.688956165435531578e-02
3.650764203879561937e-02
8.916199143484862533e-02
6.828564913579911189e-02
-1.137949292528942641e-01
3.782575725326622895e-02
-2.189313198790089014e-03
2.567349459375509527e-02
6.339488151420293038e-02
-1.190307544204733010e-02
1.247637348790322648e-01
-1.969875374361785766e-02
-7.128522095254028607e-03
1.878514219749996550e-02
-2.451282477065895235e-02
2.822662120468380498e-01
-7.158913446366212130e-02
7.670046264174049111e-02
6.046352702145809874e-03
-1.640623241778796371e-02
-3.798724489470949039e-02
-5.718236944418023104e-02
-2.519500962151721007e-02
-2.287978725815368805e-02
5.297630623760089114e-02
-8.713158431945879079e-02
2.042865141010136720e-01
1.769955107371185277e-01
4.737166431600232236e-02
5.578812656899679451e-02
-1.063790773216057028e-01
-1.546230648420302521e-02
7.552516309127187827e-03
8.367382669188384858e-02
-1.285440298928920699e-01
1.473295552499184757e-01
5.508300024883142770e-02
-2.992247996078994249e-02
-9.467014350375880377e-03
-3.629284131545413000e-03
-4.401433097573341502e-02
-4.493547965123685650e-02
5.142990756294670701e-02
-4.427799449088920536e-02
-6.297913849974182132e-02
-4.345686538007514227e-02
3.295664560905950391e-02
