-3.431554964863263446e-02
1.652311893642705309e-01
-1.010191491910136796e-01
-5.496215243106162412e-02
1.031303662533655623e-02
3.759636330780420643e-02
5.518497648648803752e-03
-1.082312540983008074e-02
4.655760747685220376e-04
1.500020860916100096e+00
-1.381713433943213831e-01
1.161418465804786304e-01
9.747813906373427317e-02
-3.610931952300124731e-02
-2.764033627188310083e-02
-9.325292619981559797e-03
-4.775874772094491905e-02
1.217115807985002407e+00
-1.806253720196704660e-01
-4.828666471153525430e-02
-2.616034119505930219e-02
-6.349627715222071200e-02
-8.740357150183297730e-02
3.336311029913858507e-03
3.085964554000567364e-02
2.666359721465048210e-02
-3.552797631382049320e-02
-3.275315938574337171e-03
2.496036045663849873e-02
2.754064662581635556e-02
-1.796830290276170763e-02
-7.421693281863658322e-03
1.118484704015761111e-02
4.382182022271113864e-02
6.234033250388013037e-02
-5.987511547386266397e-02
1.603482464835449123e-02
3.599068121147683957e-02
-2.844670303216892404e-02
-4.662585873091921324e-02
-7.989025995569836933e-03
2.365183504786884730e-02
3.246957587497635578e-02
-3.507227394763631767e-02
-3.320429571026551480e-02
-3.869004029459785499e-02
-9.748341948312212735e-02
1.373360619918628442e-02
-1.368560028763726559e-02
-2.412934087414887394e-02
1.849985697234398860e-02
1.729490275249357528e-02
-2.099789463377271098e-02
-4.794769859222715487e-03
-3.063530648771014067e-02
2.801624563398409998e-02
3.186921880997513334e-03
-4.008501423605413151e-03
-3.001297415884440160e-03
-3.430545329119196601e-02
2.580747085414934229e-03
2.476487628868309296e-02
-5.258899437933037962e-03
1.619904677782289804e-01
-4.700597287142165709e-02
-5.723519913656668207e-02
2.625170820480691308e-02
4.218209517566977318e-02
-8.041060128287680006e-03
8.071810422426597964e-02
3.362251361783218789e-02
6.757240237265106642e-02
1.056440903458461811e-01
-2.216808133918910916e-03
9.105726860376497922e-02
-1.119952098338706202e-02
2.812201428138316056e-02
-3.219587685297087276e-02
6.722738509372809361e-03
1.204539500492317616e-01
-4.659099275187469913e-02
8.697154410241041134e-02
-4.887204157441506214e-02
2.317027383776882818e-02
5.278163801303946412e-02
-2.043535123872119719e-01
2.362120644240718256e-02
-7.838738034526207543e-02
1.134835248307484307e-01
5.217729075458105853e-02
-5.987060104123785587e-02
3.319878984087293317e-02
-2.009011339907071717e-02
-3.175779761486715452e-02
5.643737231380936692e-02
-5.971913123324173317e-02
-5.851847142854162825e-02
2.821509253815461526e-02
-2.313177892852771866e-02
5.736767546073071565e-03
1.916105973410328622e-02
2.659220561857483789e-02
-1.099489794144479921e-01
1.131361294617153589e-02
7.934281030265016854e-02
-6.316349012861449674e-01
7.148821362586364747e-02
2.790843163895178128e-02
3.440458067037944351e-02
3.175240854487461351e-02
-5.558339146321768752e-03
-1.120870060135067542e-01
3.462980794136830826e-02
-4.414144857158353724e-02
-3.517056471716770161e-02
-2.201312724211387795e-02
-1.968162515315389355e-02
6.185846299768930218e-03
-2.571654150261874078e-02
-2.167644618083563318e-02
-4.936229551195643259e-03
-6.286131486962622493e-03
-9.750293720612184661e-03
4.486379378206496911e-03
-9.186660695808902821e-02
5.310519951380158338e-02
-2.969542986438318544e-02
-8.601021984971796153e-02
3.981158616149408497e-02
-2.572237060756027427e-02
3.173025740284376311e-02
4.797491896403299760e-02
-3.850457099612960427e-02
2.683229629228507662e-02
3.969009577159660768e-02
8.483600016966878765e-02
-5.770646162747480358e-03
-1.797289610707491006e-02
7.330807865921329380e-02
1.603780846558574766e-02
-5.264732848154782818e-01
7.016652791260111210e-02
3.368364588056012993e-02
-1.278786787573639103e-02
2.099353502825958631e-02
-1.636536423420272349e-02
-2.312858460074988104e-02
-2.169645147342388891e-02
4.283845891112276344e-02
-6.362278584192223967e-03
-2.817635044878784301e-02
9.008684078853220270e-03
7.198771305079772198e-02
2.756509572813636844e-02
-8.785184216665646584e-02
-1.144324466169156958e-02
-6.270554521394955394e-02
6.999174168483884850e-02
-7.972953175805022955e-03
-2.776522742570732352e-02
4.396058605875407393e-02
5.015114168316996829e-02
-4.367807004017812411e-02
-8.526878812332416846e-02
-1.454676552365071485e-01
-8.846120365052125012e-02
4.535616776453032378e-02
-1.677015156889734640e-02
1.097859057218711354e-01
4.054808515043501621e-02
7.796349630866089564e-02
3.349225851946775658e-03
-5.044365423644353412e-03
-4.496407489486098363e-02
-7.486831764012973067e-02
2.428095192793109855e-02
5.549211748555033658e-02
-3.440156833236446277e-02
4.414834245245102123e-02
-1.034131240195369367e-01
2.861805997522070839e-03
-8.426482529895430382e-03
-7.415363569261022858e-02
-8.430698037544086254e-02
-7.384846330669161962e-02
-1.693899868298083186e-02
-5.673641680562354489e-02
1.128496925144427052e-02
5.844042769919393504e-02
4.557109563726100682e-03
-3.301190808454373266e-02
4.152920825956681571e-03
-3.207579077213899149e-02
6.725301848763921841e-02
3.755181112735172383e-02
5.163245143231050271e-02
-3.607410857828684259e-02
-9.553338016029527813e-02
-1.245247948502742480e-01
1.776926966280415188e-01
-2.247258314715689948e-03
-9.727375641125488026e-02
-5.546844251878873394e-02
8.271537939748110912e-02
1.185013357070738016e-01
-6.684274837180549655e-02
1.647068198159232916e-02
3.866829659233458893e-02
-4.787550366074309199e-02
1.276916639040439651e-02
-5.179607381044102482e-02
-6.209209303481826037e-02
-2.594553894959029244e-02
-1.378011707841479416e-01
1.128736567634392937e-02
7.904353221203591628e-02
-5.383302818448838095e-02
6.723973051868581408e-02
-9.890674240454044863e-02
6.104927539607925974e-02
9.431023511295490158e-02
2.239541303657752863e-02
-4.491166184315929094e-02
-1.791579070738323620e-02
6.656228890545641715e-04
1.645346357701433018e-02
2.351968297785318393e-03
-2.034785979604282480e-02
8.039932335011014397e-02
6.015929656295546102e-02
-5.673515645860915946e-02
-3.162936445133009145e-02
6.260203921539313210e-02
3.416677165936766319e-02
-8.434823501004105883e-02
-1.413858774683678966e-02
-5.330052070584995888e-02
-3.843237810184438330e-02
-5.815633353058488608e-02
2.212836750597665242e-02
1.427229453909891962e-02
2.472511559989736332e-02
1.060715924475834696e-02
6.846823204083732350e-02
4.792300027258263734e-02
-1.297450869934969608e-01
3.174660320725285461e-03
-7.263899193795128606e-02
-8.289093704453666389e-02
-1.739557840279786632e-02
5.966009049465404585e-02
4.979386589977303351e-02
1.553884142861463973e-02
-6.070648817081752274e-02
-7.354359785873126540e-03
1.981174892009990862e-01
1.321510133885359650e-01
-5.932392552374806532e-02
7.659647613059211366e-03
2.958839136304182785e-03
4.557687517036414920e-02
1.264975312844205113e-01
-3.445431888000696947e-03
6.176082277365349538e-02
1.222700666367196667e-02
-8.380833385775358912e-02
4.843583655924221798e-02
5.390421606068022953e-02
4.038560360365371915e-01
-6.015039264590124612e-02
1.748269989016727755e-02
-6.387057712723976863e-03
-2.566798826364860217e-02
-1.341588874282384491e-01
-8.164532305214672325e-02
-5.725276250681456819e-02
1.350419452178435939e-02
8.241414559598246592e-02
-7.097556747776226360e-02
1.600386900457271278e-01
1.992185544289115651e-01
3.454958848366172786e-02
3.553923523273133656e-02
-9.961137417112626846e-02
-1.095934814265702752e-02
-9.338340199472079661e-02
5.861754448242676580e-02
-9.391335618414904662e-02
1.595115716370812398e-01
-9.203404976310692112e-03
-1.052534696918703688e-01
4.745310813742615458e-02
-9.562568054664379600e-04
-2.457556890760421997e-02
-3.969684297414776547e-02
-3.704603441373176959e-02
-6.096136619182585675e-02
-3.402971163781833702e-02
-4.056470597668723060e-02
3.079277380908506875e-02
