-2.077740282059722596e-02
1.107152590568571404e-01
-6.845198011348804790e-02
-3.746621737363468874e-02
3.619493065968375223e-02
1.918391568135611319e-02
-2.499754325680696165e-02
1.296742499008466006e-02
-1.531687472492633366e-02
1.506021620880873879e+00
-1.152724865245624980e-01
7.483985795685249576e-02
7.530424869632301732e-02
-2.687798842388498810e-02
-4.788450648022805206e-03
-1.659252177568345046e-02
-3.066701489693846039e-02
1.015609864150768260e+00
-1.234333149830043469e-01
-7.992766718134595993e-02
-1.317365376817389473e-02
-5.163461846965144292e-02
-6.913239091675028869e-02
2.935109102282812410e-02
6.342097564052738556e-02
1.519093335667456510e-02
-2.832057023994762057e-02
4.792329351003787874e-02
-3.098663509044530945e-02
3.466204639581895591e-02
2.300381005352108640e-02
4.695707742793522876e-02
-3.129607668025146880e-03
8.752311899007087989e-03
4.769724707905299843e-02
-5.440477910360969060e-02
-2.759970276183025192e-02
2.605239072551291529e-02
-2.482793904204394497e-02
-1.648064989303395581e-02
-1.303346589512506017e-02
7.408845254340272468e-02
1.739562387478102781e-02
-2.647481517043509883e-02
1.568163339695223882e-02
-6.416351734885540267e-03
-6.892707697385976051e-02
1.302095134612986371e-02
2.519354457389774704e-02
1.869436272546071143e-02
4.036643755039240680e-03
1.423137178014263586e-02
-3.382520443819352768e-02
-2.899628791031746630e-02
9.714349620035804544e-03
2.189926975645240317e-02
-9.251932998625629276e-03
-2.148754151935648379e-02
3.518383242285611206e-03
-1.060255405106926181e-02
-8.967896495579606372e-03
5.701542650200418444e-04
-6.852771494367379188e-04
1.869263105288955229e-01
-5.364467284269738151e-02
-5.402138101844869422e-02
5.723681998345388558e-03
2.796337099561622269e-02
-6.534226692468909220e-03
1.006554139935729730e-01
1.747456452258450144e-02
6.161939040050001121e-02
6.458816373871065220e-02
5.840893487986667347e-03
8.897473020122159681e-02
9.879883809472104692e-03
2.701438950231877575e-03
-2.452755021385958148e-02
-6.971452774383037239e-03
4.126503230008352757e-02
7.903577791875365799e-03
8.783841425061050812e-02
-6.445230363093615300e-02
-9.384508338221518239e-03
2.189020637367892000e-02
-1.980957288989947662e-01
2.956961484611101212e-02
-2.575585100270016276e-02
5.693102144867660114e-02
5.815524088296199906e-02
-5.139744532015855759e-03
4.896974743660345228e-03
5.391929617304100364e-03
-2.337552628797920015e-02
1.230342089225740648e-01
-4.655398347908461243e-02
8.888070751802163577e-03
1.872235583284874438e-02
-1.338513930827175090e-02
-6.088640631253734031e-02
1.784676933002024568e-02
1.304275869477499600e-02
-6.572330144956119169e-02
1.276339549847155079e-02
1.731632777243441099e-02
-5.817173170791835046e-01
-1.800549748545508463e-02
1.245297180617267047e-02
9.186235794053840276e-02
3.567556767138494594e-02
3.378368564816962988e-02
-7.371037353100691469e-02
3.364549171933096244e-02
-5.422721044123447742e-02
-4.973815660582840692e-02
-1.641426769498599211e-02
1.790514317969570113e-02
2.602822831350023319e-02
-6.509739273214586001e-03
-1.248905539883959741e-02
1.401633594307397958e-02
1.931980694450889657e-02
1.793272985101248759e-02
-2.501551991007674308e-02
-5.648331866273775120e-02
5.988704374024780147e-02
1.407241845629201779e-02
-6.568814685362854566e-02
1.606327686785442854e-02
-1.023626947358422662e-02
5.558696710028306759e-02
-1.879263103702863077e-02
-4.226816184083830030e-02
5.964248959840876170e-03
2.861424650026537717e-02
5.616859269592858195e-02
-5.460425070499522540e-03
-2.245980316099975560e-02
3.444674007342064803e-02
-1.749724280566802154e-02
-5.889802588647133907e-01
5.110016778134190280e-02
4.774026415954164132e-02
-1.382796149799091906e-03
1.570290402339875532e-02
1.001832981364416189e-02
-7.040682149160078229e-02
-2.525309099871952609e-02
7.246829923265775408e-02
-2.156207651343990811e-02
-2.217431651670997636e-02
-6.146776283900676902e-03
7.057482262053574318e-02
1.744434947026340379e-03
-9.125963165687338285e-02
3.934013407280868846e-02
-5.313818835485826370e-02
1.984636399288415565e-02
-8.053342403362587915e-03
1.420553689077753631e-02
4.215010844790657851e-02
-2.181630298408252303e-02
-1.653612487637545758e-02
-4.318098610148378425e-02
-1.436846394151290451e-01
-6.718163372549985912e-02
2.129678421889229581e-02
-1.220687547310858080e-02
1.011275482607005977e-01
2.701851900609494525e-02
4.445894289869458532e-02
4.568107421455818232e-03
-4.845717773692407269e-03
6.949571077676090260e-03
-1.046384535041213065e-01
3.057710613982551895e-02
3.551844543408527732e-02
5.809212362694282823e-03
7.761887238285758439e-02
-1.025032338149735739e-01
2.974107280588191710e-03
2.541775000525676315e-02
-3.781796442676641640e-02
-7.306356521937736048e-02
-4.794500031178036692e-02
-2.370376802434932123e-02
-4.181736334322087856e-02
1.147391404360284702e-02
4.748659140494033981e-02
-2.043192366311478644e-02
-5.004772777368515779e-02
-8.390941728407940586e-04
-3.598813542017117312e-02
6.018527435040923329e-02
-2.058574803281542926e-03
4.824224527906518373e-02
-3.237973650117896562e-02
-6.393289249341635450e-02
-7.752023445521093181e-02
8.953043452213495235e-02
4.998389217377350278e-04
-3.908428327403463964e-02
-3.948623013850299096e-02
6.646993725782640583e-02
1.413349461018753306e-01
-9.735364630765037247e-03
-1.345325080683366318e-03
8.232104175110718097e-03
-3.454106722963566634e-02
-2.445931710311084403e-02
-1.761183618141828888e-03
-1.664396355369075417e-02
-8.688752803077707740e-03
-1.601332290077553677e-01
2.601717381882370436e-02
5.384837803514562482e-02
-4.445711322829718620e-02
6.904140588293299075e-02
-6.433226479071561810e-02
3.939107028399566057e-02
2.465106146260520603e-02
9.752970782860109983e-04
-1.879962825176047236e-02
-1.004181742848628441e-02
3.042286152655643630e-02
3.597950538038655055e-02
2.263686484040108166e-02
5.099713977766434647e-02
6.075057452783401424e-02
9.598923333570190397e-02
-8.777354875302353920e-02
3.576232053029308744e-03
5.495184488781707649e-02
5.181284989189197110e-02
-2.386567969298334507e-02
-3.392753002970614468e-02
-4.163461155882208081e-02
-5.194282729778505574e-03
-2.516829526402902979e-03
2.567720066637615636e-02
-2.199059006462463980e-03
3.974903141894145508e-02
-9.012169704274508933e-03
4.782152871533437016e-02
6.061151391301762559e-02
-6.604062180968926776e-02
-5.601777234196361061e-02
-6.917525505265462171e-02
-1.109245552235537807e-01
-3.025485756531436088e-02
5.426438163983422075e-02
3.571466483882405202e-02
2.957405590367001916e-02
-2.563187808789451141e-02
2.200177803177404481e-02
1.698209089159034013e-01
1.057103231385986969e-01
-4.409882354572585567e-02
2.717126249659216827e-02
4.162193981678190269e-02
6.605911677516139446e-02
9.896650925987690584e-02
-9.304371040661235312e-03
8.156646273753313803e-02
3.864632362457728204e-02
-7.757707885904337186e-02
3.223984318807026489e-02
-3.968412626905485491e-02
2.217507727440152787e-01
-4.665634022597550667e-02
6.191423357134985365e-03
-1.867533953471130562e-02
-5.071483239811307858e-02
-1.145318495427704725e-01
-5.345467601669402768e-02
-1.226681417246602325e-02
1.465305947117608596e-03
5.257238402676670669e-02
-5.644355873543333013e-02
1.262303428822717233e-01
1.865416265763035208e-01
4.757621693134161250e-02
2.257088624611724645e-02
-1.019449747530409428e-01
-1.316476032382741558e-02
-4.557694515148900255e-02
4.636406312537341007e-02
-5.445796983126156149e-02
9.720296756904121815e-02
-4.256861581208634671e-02
-1.436689937506163139e-01
3.666604246394223471e-02
9.612648552242426380e-04
-4.341701641505507636e-02
-4.301940864508953244e-02
4.012459817492473879e-02
-6.135198095638265403e-02
-3.222710630296640733e-02
-2.104558265225033031e-02
2.992888309079116873e-04
