-2.739350839056269374e-02
1.437051795888485695e-01
-6.034177713389939773e-02
-4.003055084052738882e-02
2.348169775520429423e-02
2.014802080052164115e-02
3.595651331653518940e-03
-5.506768520289308244e-02
1.600060486191397582e-02
1.378216663609049597e+00
-1.521292075046037362e-01
6.246431052394287031e-02
1.030915699334708641e-01
-1.997135992223412690e-02
-3.811770241821451494e-02
-2.025502500250955448e-02
-6.720774544516019966e-02
1.186258744496289319e+00
-1.632891356232000490e-01
-5.224361259112275668e-02
-3.078092913950868093e-02
-1.390041119766066355e-02
-7.326996025386298128e-02
-1.781171224895810104e-02
5.882745894067415576e-02
2.845222293987282464e-02
-1.096730280830947833e-02
-2.755209635885405225e-02
2.869754667877886731e-02
1.729028014731079713e-02
-5.871679384622839962e-03
1.047265302516952462e-02
1.735045501073483043e-02
2.785161854579589272e-02
6.215382087109201648e-02
-7.738365406582299599e-02
3.347848631081773441e-02
4.164495708987836498e-02
-3.219271530131085496e-02
-3.201520089084826381e-02
1.095390404332354829e-02
3.441244318889842557e-02
4.669985181734949420e-02
-3.183491799384553789e-02
-7.332903482135440243e-02
8.308926144161739302e-03
-6.675415309488536009e-02
7.395000736640520989e-02
-2.998725914775559470e-02
5.418508307406687610e-03
2.675390011132899176e-02
2.364471225966697371e-02
-3.579791013677932621e-02
-2.487748483667132776e-02
-3.276029222561925580e-02
2.764620968975427251e-02
-2.142989598495219708e-02
-3.074165989880441301e-03
1.611261532588717169e-02
-4.992055153498144854e-02
1.872288911385931384e-02
9.668709379305182039e-03
-1.231786282547395889e-02
1.048310448439923048e-01
4.885874398788837836e-02
-2.037820406175578844e-02
1.452769903572565836e-02
3.302650975610600670e-02
-3.101210959674935083e-02
3.973237233295026649e-02
1.350922726084819413e-02
4.866517641188351784e-02
6.316002206460109847e-02
-3.173504627854833310e-02
6.133003555994198663e-02
1.841709135272727796e-02
3.361868530868374755e-02
-1.638066499276556384e-02
1.585016009762163589e-03
1.279308232893497932e-01
-1.447450961483544296e-02
7.818043057666081153e-02
-3.842146522342815285e-02
-6.071522534817893300e-03
1.148334582611476064e-02
-1.049900012677572603e-01
-2.734552298069634069e-02
-7.288595528321610562e-02
1.558750002163408199e-01
4.261983618780634114e-02
-4.499739823111084669e-02
2.985638382691538600e-04
-1.918992163810679221e-03
-4.396315723802856484e-02
9.156112434275656686e-02
-6.207902779027747037e-02
-3.587829089555583800e-02
-2.173098833306362845e-02
-9.832457414389607006e-03
1.599688143343538926e-02
1.450513198304926275e-02
1.045929419027792412e-03
-8.052757983192913860e-02
8.717372557944727887e-03
2.604202723471422259e-02
-5.092771814943786168e-01
6.259629871130095724e-02
6.788464209438690999e-02
6.976051989729868674e-02
2.916110084814258277e-02
1.397825164186463319e-02
-8.220492436075611808e-02
3.904002083578519272e-02
-4.369126752144369963e-02
-1.682496313822707742e-02
-2.604897718383086119e-02
1.015180774531535511e-02
-1.491779873315137589e-03
-3.565367841065642668e-02
-1.468898112339734642e-02
1.473646286477227167e-02
-3.814817267178326893e-02
-3.667392485639296013e-02
-1.353366278841477630e-02
-7.335713884711107802e-02
5.488012784553091689e-02
2.628099934210753955e-02
-1.891197268816027094e-02
3.503797579297567022e-02
-3.165068011607118093e-02
3.770218267343611318e-02
4.898521548411885473e-02
-3.256738719340177696e-02
-4.590278121819790086e-02
-7.852676013005112018e-03
5.859126884112275668e-02
-2.027869404128129077e-02
-1.502937144497933433e-02
6.730030551651805526e-02
3.871101376014205939e-03
-3.969778754724883618e-01
3.151017688891503965e-02
6.219800172466908444e-02
-9.283717353628121935e-04
-2.261834573471076248e-02
-7.255875330136104390e-03
4.351620131168526182e-03
-2.904097760309938547e-02
1.375474029797920349e-02
-3.329896398704031840e-02
-1.096611060977880020e-03
1.939152255753368026e-02
4.932695962604189549e-02
1.962956000494122527e-02
-2.824733634411258701e-02
3.798794862597613259e-02
-5.265846641178832666e-02
1.631744445611483033e-02
4.834259195458746015e-03
4.294486715564381323e-03
-1.804194621507393750e-02
1.440142021804559358e-02
-3.797539409727029858e-02
-9.580537984473651292e-02
-1.339825117646142594e-01
-1.078279129319028307e-01
5.679645800305300335e-02
-6.098067892511491866e-02
9.553631269989892871e-02
2.285431780327090018e-02
6.106561974291786765e-02
1.745657018713048930e-02
-8.565920456669528019e-03
2.833339668344912439e-04
-2.182306670804545420e-02
2.387166561993762579e-02
3.272259821657274442e-02
-4.213257495100961730e-03
1.213475397639851398e-02
-5.421980493196513345e-02
2.035761280930248329e-02
-7.032797512989102939e-02
-5.139164888705623907e-02
-7.943532907387088060e-02
-7.960221574113175713e-02
1.187048604861264990e-02
-4.961706929677980882e-02
5.511467848724108110e-02
-2.180608015013945494e-03
-2.279332659125169608e-02
-3.876374345677163769e-02
1.281858620835871730e-02
-3.512154081832216668e-02
1.077329731114311101e-01
-5.898111416905867620e-03
3.368274923653321457e-02
-5.895961614430452608e-02
-1.067217622756112955e-01
-8.049490560616968937e-02
1.643420799569741408e-01
3.485945404553022348e-02
-8.863951582057211231e-02
-5.950701928635217935e-02
6.230606396852154255e-02
1.176569055127104496e-01
-3.198382132973457553e-02
-1.674912891717521279e-02
2.889995042549914003e-02
-3.578766775067844519e-02
-7.755105454255164718e-03
-4.141579468692885985e-02
-8.697861319471367203e-02
-5.054083554999301087e-04
-1.325486723596034644e-01
2.521869488717393137e-02
5.413343761682404970e-02
-6.673726498895796166e-02
5.540502816108564682e-02
-1.673830342493492496e-01
4.607968378975479257e-02
2.589860002604743583e-02
2.001314919555826147e-02
-3.238499497332084781e-02
2.949057440869724822e-02
5.351639977059218303e-03
1.309692643097559381e-02
6.561292818176783781e-02
2.284519430489258957e-02
5.657222749492896857e-02
5.927895548917257174e-02
-8.004294257275974822e-02
-2.944183011576830336e-02
5.148253907764385739e-02
2.043895865099378331e-02
-8.922775329400545186e-02
-3.578531166384269629e-02
-6.475296662769647327e-02
-5.453199150818979768e-02
-2.286843573249543182e-02
5.020220363145388304e-02
3.378894892106502207e-02
1.560092701233748401e-02
3.618443344988334781e-02
4.871560072655903989e-02
5.106258434588052675e-02
-1.647462722311835437e-01
-4.492588744630420655e-02
-1.166051240108897380e-01
-1.150404119259179764e-01
-5.863480743286511587e-02
5.271564799703007398e-02
3.840295794161220633e-02
-1.026791262848481857e-02
-6.187031297594982465e-02
-9.448564839563805204e-03
1.375008356164502121e-01
9.913591985740542734e-02
-1.135387631924637264e-01
-9.692081794519047735e-03
-2.020108007888219218e-02
6.930811066092988637e-02
9.562257860527663411e-02
3.564211431730622548e-02
7.054831826375235204e-02
4.373198861192695297e-03
-1.322961485274977977e-01
8.759862403717514484e-03
-2.000731306367602852e-02
4.110379200040845116e-01
-9.629898848763915331e-02
-1.060954775491223558e-02
1.413310181529425780e-02
-1.245821985355456685e-02
-6.491523577039834403e-02
-2.791281257734184659e-02
-1.755080859007220745e-02
1.150430553404166271e-02
6.892576881040235470e-02
3.138306608863462247e-03
1.182225421302129514e-01
1.540904993708808735e-01
3.638022866035701269e-02
7.374114381775795368e-02
-7.147091724833504189e-02
4.531977395331061691e-03
-1.156989128440684550e-01
5.779396499951539729e-02
-6.877351895232194923e-02
1.434047497845245267e-01
-4.885524197072649288e-02
-1.338142526852223735e-01
2.901124426047781840e-02
-1.418541235156855693e-02
6.471210525370721563e-03
-4.220925847882975313e-02
-4.733041096536470121e-02
-2.696895979651846992e-02
-5.931266409451844274e-02
-4.007879146496490241e-02
6.677283277329904010e-02
