5.629232297566072983e-03
1.078082393173918213e-01
-6.080614455981062094e-02
-4.498605055635462868e-02
7.002044035169203984e-02
8.694379363688121629e-03
-1.119071701045537201e-02
1.436322245101931752e-02
-1.694315063276599295e-02
1.874255114067681527e+00
-1.853626668065044558e-01
3.120974981521435279e-02
7.409789019737104965e-02
-6.213908272653721754e-02
-3.391120596982500485e-02
-1.311354122187013103e-02
-4.510921237614367446e-02
9.613542041232170376e-01
-1.459689728664748942e-01
-5.224650343102001798e-02
5.406307784532442436e-03
-3.832186304511766423e-02
-2.668709180163510164e-02
1.642739197921036596e-03
6.646351170142635045e-02
2.938517296498561679e-02
-1.492398895406328585e-02
4.626028338377482368e-02
-2.348901836369811022e-02
4.593904664339366201e-02
2.298739907020356382e-02
7.083590066772543770e-02
-4.981697793060050478e-02
3.003301326711015073e-02
7.608705932368452218e-02
-7.268078404051300789e-02
-2.630232133849734390e-03
9.248606577307822568e-03
-4.591828947171281566e-02
-2.341085317594090998e-02
-1.535148231957179747e-02
4.983760634538934864e-02
1.847562272100301134e-03
3.572073131007874407e-04
1.475809935474849122e-02
6.647736867421291489e-03
-6.017672624755283917e-02
1.617774065677564030e-02
1.488552770973171173e-02
1.276850396508799786e-02
-1.106806534107934725e-02
3.821270061104119209e-02
-5.899179217732430230e-02
-6.491678149440399150e-03
2.235235837366155234e-02
4.567370990276279491e-02
-1.528970412875751538e-03
-1.463207854669833045e-02
3.274643991095329415e-02
-2.209465145431299682e-02
-1.455264529864107662e-02
1.411826270783703326e-03
-1.721984334109932444e-02
1.219064556988892906e-01
-1.847938227593491634e-02
-4.773877146260337850e-02
-1.200653921138978772e-02
3.183439631901993638e-02
-1.809592157277245972e-03
5.950214547999321119e-02
1.676093622023452911e-02
3.683944202849694094e-02
9.238401423099204535e-02
4.275991083253582016e-04
8.865214008000718571e-02
2.077686167005258176e-04
-8.277140704283031739e-03
-1.937182555735347117e-02
-1.289911222513134836e-02
1.080975989726916803e-01
-2.637616341606236620e-02
8.231235360731550821e-02
-6.055465893938032085e-02
-1.288994512459297297e-02
2.376919140983958442e-02
-1.584162059510967335e-01
-1.186309427938591204e-01
-6.583577893393663394e-02
1.090557921560989241e-01
6.944847882706060849e-02
-7.022015399636422073e-02
-1.548313233992318870e-02
7.523588555244666541e-03
1.425062259809870523e-02
1.035051683796795741e-01
-3.303949059715730052e-02
-1.048098561137830037e-02
1.898224621938551446e-02
-3.003318884469016042e-02
-6.486723837848096252e-02
1.468290045266241149e-02
-1.405277885465360151e-02
-6.957440306744176739e-02
-3.320362051894801964e-02
4.517795294957848568e-02
-6.823741335051340950e-01
1.427645591270376366e-02
3.738403686099125295e-02
5.736114076421350988e-02
6.629509963754544495e-03
3.348466169867952980e-02
-8.811114263704103444e-02
2.072119973643074195e-02
-8.485476378650765039e-02
-4.991726394257661042e-02
-3.811031937327699626e-02
2.461552996961025377e-02
2.214478470599105103e-02
-2.101353835800471442e-02
-3.710790405005193887e-02
3.779958217218026828e-02
-6.109730095901254668e-03
-3.144289538198190292e-02
2.140735301737484511e-02
-3.052222666335956407e-04
8.193609475508410733e-02
4.437194260907347670e-02
-3.933092690603899599e-02
1.767564468965999308e-02
-1.326443259412831040e-02
2.715279182398417854e-02
-3.225104191637700318e-02
-4.990996771869631032e-02
-2.286660949860661735e-02
1.045727873635332941e-02
6.911251698030285162e-02
-1.898805393555974899e-02
1.246119442852541056e-03
3.892080889293419305e-02
-2.344117932573214907e-02
-6.878952290343202103e-01
3.072024342387830176e-02
1.004818785209157378e-01
5.604787508989571808e-03
-1.632789752949078896e-02
4.423869288188202013e-03
-2.396845245452774650e-02
1.825729029325981814e-02
6.581631055046458390e-04
-3.985915790807663395e-02
-4.097441499111031254e-02
6.213496445685504771e-03
8.061906781883015904e-02
2.671905472464441295e-02
-6.463633045042750658e-02
4.028977557907827134e-02
-4.068943697186264141e-02
-2.495400257576211450e-02
-3.779546195163609873e-02
8.510197506829577166e-03
1.208095289152083529e-02
2.505029517322406030e-02
-1.906466818802688909e-02
-2.242717588222661873e-02
-1.128567034115426082e-01
-7.984207069799033329e-02
3.206990437966958374e-02
-4.625045103929441986e-02
1.068203306039993555e-01
1.646055809635822362e-02
4.542200578578848430e-02
3.424858804411882313e-02
3.847161121224379476e-02
2.009999845491729567e-02
-2.569785845294458512e-02
3.091151959040013691e-02
1.415189142313666090e-02
-3.092924902425686195e-03
5.453343652612969300e-02
-8.112569107335490526e-02
9.504749880763314548e-03
6.017854250007491704e-03
-4.070473172994326649e-02
-8.035034828349114921e-02
-1.025270549443895070e-02
3.763499574868153091e-03
-3.437576083618003320e-02
-3.740914445493227942e-03
4.085808118832155028e-02
-9.000593491237664570e-03
-6.263924472611770433e-02
1.656351093668844213e-02
-3.165480386501658139e-02
2.930733357118242913e-02
-1.390316139528147317e-02
7.117433620749930023e-02
-3.068626135869891025e-02
-7.090539817561627989e-02
-5.409257682962763381e-02
1.414252748062247711e-01
-6.831549035930820080e-03
-4.087455816877422210e-02
-4.433219574668384455e-02
3.922230290987454432e-02
1.548260736295896667e-01
-1.586995706074703291e-02
1.641225085151224589e-02
-5.992210169016441018e-03
-3.423117074818211175e-02
-4.111701910159215601e-02
-4.250826853350114093e-02
-6.906452382423888120e-03
-8.814990431412062302e-03
-1.028284611725398534e-01
2.313747498214571013e-02
6.439183671940548748e-02
-4.229382588072835847e-02
5.530219320588117965e-02
-5.980909800880977734e-02
3.846898535199168995e-02
3.190969178877502144e-02
-3.409262784466893497e-03
-2.596749489342362743e-02
5.699390659959446825e-03
-2.094689691208198590e-02
8.988952697683186971e-03
3.017805010250609182e-02
4.262472328973390678e-02
5.442205010937312820e-02
3.790107381687243121e-02
-1.252009153756642179e-01
3.851484231416556908e-02
1.155925435089046743e-02
5.346768841893403956e-02
-4.334696361595549025e-02
-2.998006297070398424e-02
-6.248587575911942332e-02
-3.221868101751967917e-02
-6.036745422185265525e-03
4.927534450662231919e-02
-2.097896030448429937e-03
3.607229676075752317e-02
1.962717193368192919e-02
4.373952094476656928e-03
8.978306258490151293e-02
-8.069229537486515003e-02
-4.767515385278077444e-02
-7.800833064894721613e-02
-9.554164044708138293e-02
-5.219949155854208822e-02
5.197748346293299543e-02
2.289300075974369866e-02
-9.782572138194693331e-03
-2.816106558579547711e-02
3.010253418534500000e-02
1.558000375814055649e-01
7.780874966289104411e-02
-6.591663826211593968e-02
-4.068015477046625639e-02
2.807676298618602337e-02
4.536117400690199697e-02
9.750859315693795326e-02
-1.421045434951706023e-02
1.179736661722401991e-01
2.724732474392204881e-02
-1.463011344340564845e-01
-1.537498923124175874e-02
-2.563184323372388190e-02
2.629898692516680625e-01
-1.944116114369830867e-02
-4.828979633624994744e-02
-1.186820066067112087e-02
-7.368294184995405338e-02
-9.627952668654360391e-02
-4.973189693705301617e-02
-1.523047132513784090e-02
3.363083978834551652e-02
5.698577150505413497e-02
-3.558074586604538514e-02
1.297394397498901342e-01
1.629294393503535887e-01
1.010056361963871871e-02
1.165909020146005653e-03
-7.498877864177554142e-02
-4.776588844440449177e-02
-5.252115748856326510e-02
8.904873471772743743e-02
-4.021499123516720370e-02
1.137167994501378371e-01
-6.390522930900155441e-02
-1.734093139458228461e-01
4.509111227850692849e-02
6.857011686755863427e-04
-3.408274526549202876e-02
-6.750240034060489558e-02
3.318749469365536026e-02
-2.504824481726197760e-02
-1.578493166676655027e-02
-4.384228747777577789e-02
4.649277931349634491e-02
