-7.229979336261749268e-02
1.559024453163146973e-01
-1.061054319143295288e-01
-4.651820659637451172e-02
2.072162553668022156e-02
5.872510373592376709e-02
3.613262251019477844e-02
-3.347439318895339966e-02
8.609950542449951172e-03
1.123561263084411621e+00
-8.263745903968811035e-02
9.596034139394760132e-02
1.055261790752410889e-01
-2.907282672822475433e-02
-5.527974106371402740e-03
3.707185853272676468e-03
-2.005457133054733276e-02
1.135234713554382324e+00
-1.971909701824188232e-01
-2.840932831168174744e-02
-8.783499710261821747e-03
-3.679643198847770691e-02
-8.950455486774444580e-02
1.974390074610710144e-02
6.336875259876251221e-02
-8.860659785568714142e-03
-1.142597272992134094e-01
1.502954494208097458e-02
8.723235875368118286e-02
2.801907248795032501e-02
-3.632771596312522888e-02
-8.166189305484294891e-03
7.841181010007858276e-03
3.926231339573860168e-02
7.875809073448181152e-02
-6.743267178535461426e-02
1.636628247797489166e-02
2.416826970875263214e-02
-4.339990019798278809e-02
2.252666279673576355e-03
-1.241038367152214050e-02
-1.909719407558441162e-02
2.404768019914627075e-02
3.074428997933864594e-03
-2.466706931591033936e-02
-1.951272040605545044e-02
-3.663232550024986267e-02
2.804265357553958893e-02
2.846659347414970398e-02
-1.305021997541189194e-02
1.915116608142852783e-02
3.247879445552825928e-02
5.593357142060995102e-03
-4.045446217060089111e-02
-1.137507241219282150e-02
-2.717524953186511993e-02
4.232397675514221191e-02
-3.207909688353538513e-02
-8.911766111850738525e-03
-4.589188098907470703e-02
3.408228233456611633e-02
5.684154108166694641e-02
-1.583291962742805481e-02
1.503755152225494385e-01
-5.026342347264289856e-02
-9.604799747467041016e-02
4.090129956603050232e-02
-2.302294969558715820e-02
-2.051595970988273621e-02
5.898815020918846130e-02
-4.279604647308588028e-03
1.242594048380851746e-01
3.111414983868598938e-02
9.003468789160251617e-03
6.882046163082122803e-02
-8.175371587276458740e-02
-4.477018117904663086e-02
-1.165500935167074203e-02
3.626928664743900299e-03
5.169228650629520416e-03
-1.255508232861757278e-02
8.609823137521743774e-02
-8.553247898817062378e-02
1.504927594214677811e-02
1.514570508152246475e-02
-2.598363757133483887e-01
1.883948594331741333e-01
-1.442488133907318115e-01
-2.708664350211620331e-02
5.621740967035293579e-02
1.278283912688493729e-02
8.866576105356216431e-02
1.089441590011119843e-02
-3.861727565526962280e-02
1.217306256294250488e-01
-2.153290435671806335e-02
-2.357614226639270782e-02
-1.239073090255260468e-02
-1.004632189869880676e-01
-2.697034738957881927e-02
1.177999656647443771e-02
9.933581203222274780e-02
-1.199254989624023438e-01
-2.966310642659664154e-02
6.651191413402557373e-02
-4.042578935623168945e-01
1.437566522508859634e-02
-3.718462248798459768e-04
8.077230304479598999e-02
4.894644394516944885e-02
6.408453732728958130e-02
-5.309888347983360291e-02
4.641203582286834717e-02
-3.667648136615753174e-02
-3.269995003938674927e-02
-1.935957185924053192e-02
1.598711870610713959e-02
-8.848982863128185272e-03
1.207460183650255203e-02
-3.661961853504180908e-02
4.904664307832717896e-02
3.723714873194694519e-02
2.229951135814189911e-02
-3.228469938039779663e-02
-1.225136592984199524e-01
6.735321879386901855e-02
3.582921996712684631e-02
-3.717346861958503723e-02
-3.398412838578224182e-02
-1.603947021067142487e-02
2.309650368988513947e-02
7.867133244872093201e-03
-2.204038016498088837e-02
1.308088190853595734e-02
3.887708112597465515e-02
6.369588524103164673e-02
-4.907640442252159119e-02
-7.514888048171997070e-02
2.788693457841873169e-02
-1.835499703884124756e-02
-4.627049267292022705e-01
3.457704558968544006e-02
3.697082027792930603e-02
-3.168293833732604980e-02
1.613090373575687408e-02
6.928587704896926880e-02
-4.073784872889518738e-02
1.570573076605796814e-02
-3.357045119628310204e-03
-7.131694816052913666e-03
7.180438376963138580e-03
-2.926571108400821686e-02
1.243405267596244812e-01
-1.047495659440755844e-02
-9.970572590827941895e-02
-1.733100973069667816e-02
-7.357434928417205811e-02
7.291526533663272858e-03
-1.770777255296707153e-02
-2.993408031761646271e-02
6.925578415393829346e-02
-3.461740538477897644e-02
-1.709586381912231445e-02
-4.248438030481338501e-02
-1.046468541026115417e-01
-8.254020661115646362e-02
-7.453578989952802658e-03
-2.726347185671329498e-02
6.672798842191696167e-02
7.934369891881942749e-02
6.351013481616973877e-02
7.808354217559099197e-03
-7.890291512012481689e-02
3.826220706105232239e-02
-4.610435664653778076e-02
-3.431834653019905090e-02
2.823605388402938843e-02
9.506803937256336212e-03
5.509692057967185974e-02
-8.900211751461029053e-02
-2.315133810043334961e-02
3.835282055661082268e-03
-5.213285610079765320e-02
-4.987584799528121948e-02
-1.697564683854579926e-02
1.484242547303438187e-02
-6.068148836493492126e-02
9.716136008501052856e-02
6.055523455142974854e-02
-4.390941932797431946e-02
1.069425139576196671e-02
-3.138651698827743530e-02
-3.814053535461425781e-02
3.273875638842582703e-02
2.511671930551528931e-02
4.456115141510963440e-02
-3.759371116757392883e-02
-1.196201890707015991e-01
-1.110769808292388916e-01
4.334699735045433044e-02
-1.905343309044837952e-02
-1.971414685249328613e-02
2.062638103961944580e-02
5.474513396620750427e-02
1.164837852120399475e-01
-5.011140182614326477e-02
3.808074817061424255e-02
1.848427578806877136e-02
-2.946507558226585388e-02
-5.472657456994056702e-02
-1.640141569077968597e-02
-7.663125172257423401e-03
-1.226729154586791992e-02
-1.091495975852012634e-01
4.972041770815849304e-02
-2.380936406552791595e-02
-3.778744488954544067e-02
6.530258059501647949e-02
-4.308747872710227966e-02
6.198541074991226196e-02
3.385559096932411194e-02
1.980461180210113525e-02
-8.913903683423995972e-02
1.523657236248254776e-02
-3.901902586221694946e-02
1.166161075234413147e-01
1.483172271400690079e-02
-9.309985674917697906e-03
1.032826080918312073e-01
9.088923782110214233e-02
-1.363251507282257080e-01
-2.341697178781032562e-02
3.964694216847419739e-02
4.060033708810806274e-02
-1.029500216245651245e-01
-5.375737696886062622e-02
-4.803682118654251099e-02
-1.560262520797550678e-03
-3.540423884987831116e-02
4.453136026859283447e-02
2.041612192988395691e-02
4.118068516254425049e-02
1.715692691504955292e-02
5.948844552040100098e-02
4.910651966929435730e-02
-6.150231882929801941e-02
-2.244465053081512451e-02
-8.247912675142288208e-02
-1.241539418697357178e-01
-3.330320864915847778e-02
6.207446381449699402e-02
2.988139912486076355e-02
4.587377980351448059e-02
-2.776641584932804108e-02
4.084537550806999207e-02
8.615739643573760986e-02
4.928638041019439697e-02
-8.825487643480300903e-02
4.994821920990943909e-02
9.422056376934051514e-03
2.744743600487709045e-02
8.137766271829605103e-02
-6.378510966897010803e-03
1.066076755523681641e-01
-2.129552885890007019e-02
-2.148247137665748596e-02
4.426595196127891541e-02
-1.594574376940727234e-02
2.523297071456909180e-01
-8.470194786787033081e-02
3.738962858915328979e-02
9.709617123007774353e-03
-2.256589755415916443e-02
-3.368285670876502991e-02
-8.038006722927093506e-02
-2.390309236943721771e-02
-3.261925652623176575e-02
3.122151084244251251e-02
-9.082742035388946533e-02
1.999173015356063843e-01
1.779154688119888306e-01
5.009625479578971863e-02
3.244049847126007080e-02
-7.596045732498168945e-02
-1.722619123756885529e-02
-2.653217315673828125e-02
9.742641448974609375e-02
-6.879858672618865967e-02
1.404918134212493896e-01
4.655086249113082886e-02
-1.053746137768030167e-02
-4.305412992835044861e-02
-3.138006851077079773e-02
-5.874974280595779419e-02
5.580395460128784180e-03
2.491286210715770721e-02
-3.781409934163093567e-02
-4.319841787219047546e-02
-2.344591543078422546e-02
3.873052820563316345e-02
