-3.490495218155308804e-02
1.661136015989348735e-01
-9.123396788667892388e-02
-5.179131887579292021e-02
2.908042477728415773e-02
6.342176063928987861e-02
4.989365609434129843e-03
-4.091991593117638715e-02
2.024716956277542237e-02
1.381190994041972875e+00
-1.484330131850989942e-01
7.621006117197998142e-02
7.823403925115850199e-02
-5.468688728441674363e-02
-7.076144683936794189e-02
-8.657019276476106071e-03
-6.013469109562732257e-02
1.209774749155205109e+00
-1.639921583212295420e-01
-6.031432772576031387e-02
-3.268353253633606015e-02
6.295960181862476218e-03
-7.320388071471622959e-02
-6.699223526286829898e-03
6.121115035835852924e-02
2.042940661573813474e-02
-2.782999529743201972e-02
-2.868287850345946008e-02
2.637727318446293767e-02
3.498004361222679937e-02
-3.383607467109813610e-02
1.628480060478791278e-02
2.994572391680376186e-02
2.550677078701782396e-02
6.270801935278090544e-02
-5.545611551520136795e-02
6.438898405117739893e-03
6.011219430220437338e-02
-4.423850414338540565e-02
-5.543514327393832264e-02
-1.441052655214076529e-02
5.511898685751126514e-02
2.098543153394494612e-02
-1.469230576472153882e-02
-5.582145803691408031e-02
-1.330830911225211900e-03
-5.277980279473954567e-02
4.550103596213984913e-02
-2.346172156366715250e-02
-2.176132741892972079e-04
1.494032169517231848e-02
3.310698896008096997e-02
-2.163755148354749511e-02
1.667710261216381190e-02
-5.077877019047407486e-02
5.072837312761836748e-02
6.529655694754243379e-03
-2.032204057263645777e-03
2.107579984567672579e-02
-4.485441839145620779e-02
2.453263985122223698e-02
1.274909397216005685e-02
-4.107124703117589343e-02
1.279079964034463557e-01
2.525362999728899757e-02
-4.487983885136303391e-02
2.058833635387642344e-02
6.746029931088698417e-02
1.448093215596222595e-02
8.932090580166587857e-02
3.639604621098999071e-02
6.432689594078531969e-02
1.227553188730139966e-01
-1.229908694185180562e-02
8.807018443761856219e-02
2.606988113375579078e-03
2.500960274879456338e-02
-3.055692700922851834e-02
5.267434455257057405e-03
1.316295826108113964e-01
-3.603712272930499616e-02
7.460113759380433696e-02
-3.776834096072568397e-02
1.067961573025971202e-02
1.572297418666879221e-02
-1.347848941814135115e-01
7.696216713815853816e-02
-1.145191574066526385e-01
1.419179649675667843e-01
4.475955844029128050e-02
-7.186202876285718855e-02
3.308121872159315580e-02
8.457416923100199296e-03
-3.757238052605772066e-02
6.890674711979290212e-02
-5.735669653553819580e-02
-7.236919805623073798e-02
6.810409694252800988e-03
-1.568671179688426245e-02
7.075341037493639018e-03
1.853928397497295322e-02
2.018749793992477039e-03
-8.576692384124773305e-02
3.164847740852996111e-02
4.579757583083847450e-02
-4.924542387335981153e-01
1.103582010562406124e-01
4.042318692537891917e-02
8.032556560499169718e-02
5.397764246187307380e-02
1.460454028808555113e-02
-1.244646892105861213e-01
8.401291693220891421e-02
-2.957388033801675725e-02
-3.496397792016194689e-02
-1.690418127920964575e-02
-1.917222037860766976e-02
2.034703496604764461e-02
-3.647161285808063480e-02
-2.207376638256733706e-02
2.103337532220155362e-02
-3.852910454985030569e-02
-2.651916508730782149e-02
-5.880818236214343554e-03
-7.548158576428000421e-02
7.855862412525442540e-02
1.362653766523829607e-02
-3.830827365194080375e-02
3.631462499413336958e-02
-3.826763179309565499e-02
3.280062393165560086e-02
1.019997955942218010e-01
-3.377335711002689097e-04
-1.491991633643709007e-02
2.177786817664487812e-02
3.737789639822815257e-02
2.747359263379624272e-02
-3.691426850752287450e-03
5.573215112225565065e-02
1.042687537669947061e-02
-5.407403950898150846e-01
5.762897383204638319e-02
4.896773731140324770e-02
-1.548758164459269546e-02
4.281391146512627394e-03
-1.908593120881007382e-02
-2.209816886619017304e-02
-1.735849782286232393e-02
2.838338843335012907e-02
-3.200985898934619739e-02
-6.323227231450330096e-03
-8.825507618939770760e-03
5.034398817750326133e-02
2.635984938659740456e-02
-8.556992854443325192e-02
-1.881492638265688105e-02
-7.779423007568571358e-02
5.697719401196051775e-02
-7.127526795644551459e-03
-3.234231508764746910e-02
2.960350055316155957e-02
3.729305941260819407e-02
-3.052382830640240977e-02
-9.972659183315547848e-02
-1.261986743111957465e-01
-8.020094311498350559e-02
2.976452172598757079e-02
-4.066035610141984641e-02
8.333058335000691208e-02
7.051037818619822206e-02
6.488920481211959967e-02
-5.699995901921777516e-04
-2.265968651425159103e-02
-5.882004468057119850e-02
-6.517546360280314366e-02
2.678226612366364431e-02
4.609141396153219189e-02
-5.036378323292130949e-02
2.301420761034824250e-02
-6.728241881045718409e-02
2.819926740058221679e-02
-5.298870503690419898e-02
-7.872011086543306835e-02
-8.094021582563878936e-02
-8.035517858333827979e-02
3.391235534894721654e-02
-5.251683684528397206e-02
3.063884997742890789e-02
1.285558707647554977e-02
1.384821526854040745e-02
-4.932845310678256323e-02
1.767637297886839529e-02
-3.351417947367673483e-02
6.393957767512202517e-02
2.608455675749446825e-02
3.602220768815829477e-02
-4.509645552043810984e-02
-1.201586398802466232e-01
-1.223638949304896861e-01
1.645316375064224124e-01
1.155301043472971474e-02
-1.209986488222274947e-01
-3.744275740847437944e-02
8.089076437108479178e-02
1.248513851116018480e-01
-6.572698482024642852e-02
3.865661211008516920e-03
-3.745266820364682135e-03
-4.640153971276974459e-02
2.356615285893766615e-04
-3.773554379115905133e-02
-6.684378682082937895e-02
-5.841843132614269601e-02
-1.521276978011866787e-01
8.630412584726503827e-03
4.660363454006847400e-02
-8.187422112752944237e-02
5.136385085356394431e-02
-1.263318217495158491e-01
5.712890142546785122e-02
6.608226336789087274e-02
4.048204621762854782e-02
-4.092489967288900216e-02
2.481467476400704350e-02
2.342396236278258478e-02
4.983096672662980925e-02
3.645773750361260696e-02
4.128525845288909951e-02
6.392824967363004707e-02
5.773992842246907647e-02
-7.586858561082128471e-02
-3.378593089618039252e-02
8.152943111278258825e-02
6.904624364242450962e-02
-1.042492337099092947e-01
-1.596355189467482671e-02
-7.029378081525175515e-02
-3.769354865104537072e-02
-7.596976087457266158e-02
3.387222489051013724e-02
6.366885025956755054e-03
4.446078963773861942e-02
2.915548967303103339e-02
7.821990337195429410e-02
4.746546001643892065e-02
-1.824030940612402230e-01
-4.055032540890418473e-03
-7.756795951777527287e-02
-7.436740348465536998e-02
-8.789304932740618637e-03
5.511013384101306339e-02
3.632782250183409084e-02
4.337570712685292519e-03
-6.740368342608786534e-02
2.285578927261802326e-02
1.866828786385463512e-01
8.393879282023160304e-02
-5.464246781689688359e-02
-9.917276629854328025e-04
-2.023712729910184804e-02
6.588158695304471846e-02
1.076221702768061783e-01
7.048841088517891068e-03
5.820155413233143310e-02
-3.672478802260104123e-03
-9.588619669702494464e-02
2.041177536299007902e-02
7.631599342443284861e-03
3.634406911385463790e-01
-9.044884282245474472e-02
7.230192839830782044e-03
-7.146922017960536701e-03
-2.218183590276336797e-02
-1.357291805613192737e-01
-7.069556302830556915e-02
-5.065403673622638492e-02
6.235274804193467746e-03
9.203291041098529690e-02
-5.175704539938789234e-02
1.300389440094903704e-01
1.839784581937692620e-01
3.724368515056863255e-02
3.651225712919186489e-02
-9.557195561986206456e-02
7.463386601378781647e-03
-1.530132117304215111e-01
5.637145470219745436e-02
-1.146613460182248495e-01
1.393583383817237897e-01
-3.732335506225421817e-02
-9.895134741077780960e-02
1.727756629601908886e-02
-1.406956962818835949e-02
-1.435900296102766115e-02
-3.739624409400071903e-02
-3.383311723288919687e-02
-4.108712939101898803e-02
-4.140494062197405678e-02
-4.592094394248725370e-02
7.216945277608984022e-02
