-5.172518730898310879e-02
2.183112829203189276e-01
-3.745747759015270739e-02
-3.982642560834678130e-02
4.410326058565188639e-02
-4.232343934856415143e-06
-4.648626231388913038e-02
-1.034834824616512501e-02
-1.208142266757246397e-02
9.121133781780123018e-01
-1.213740434391943901e-01
7.714312832065035874e-02
3.833599416910150881e-02
-4.443815410793067883e-02
2.386053796579957337e-02
-7.202295717542119002e-02
3.484258609728642375e-02
1.008659470258601809e+00
-1.457757699048231603e-01
-6.782643418252946865e-02
-1.684536420345729077e-02
-8.376511582982643089e-02
-7.243957160203436108e-02
-8.795675018999480135e-03
6.740583077357070740e-02
-4.733449243791156003e-02
-4.442369227246958235e-02
3.911124791948308865e-02
9.505692583013987396e-03
5.592643036105599680e-02
-6.209523984231907559e-03
1.594393581843810484e-02
-2.007366819945797382e-02
-3.417571981115447716e-02
3.306379453123864387e-02
-7.228742954406698618e-02
-4.389125540116727009e-02
1.324642288363051153e-02
-2.252224148668832693e-02
5.054934958862093708e-02
-2.779277845708775022e-02
3.536372144342902080e-03
5.381738015791032864e-02
1.723476376252852660e-02
1.126566690560812899e-02
1.262651763743449611e-03
-7.342788811407047200e-02
3.687804951312270013e-02
-4.380843078374616756e-02
-3.331508267442726684e-02
5.266655875120833386e-02
8.000971608212317787e-02
1.231122966172634812e-03
-4.887924004690702429e-02
1.293032619853446211e-02
-1.566169047507104742e-02
-3.427746015446702516e-02
3.030241174298484424e-03
-3.215713149412004201e-02
-1.884340429292860608e-02
1.795034780235180150e-02
-3.825080242425646371e-02
-8.597269105777477494e-02
1.792159483432180511e-01
-8.176911991636140464e-02
-9.251149905786199001e-02
2.928453541671209234e-02
1.008249778881197510e-03
-1.336756781610683523e-02
2.099639008454257799e-02
-3.733157622209926779e-02
1.092479132937762554e-01
7.764981425254023628e-02
-1.817397319362341315e-04
1.176053849387837386e-01
4.003756840607874262e-02
-2.937042452368427911e-02
5.410896979888941971e-02
7.512458259061605137e-02
9.989991771055921344e-02
2.432639716023069290e-02
9.749542019400593562e-02
2.063396939005422009e-02
-2.154559026377138656e-02
-1.888731858789684248e-02
-1.455441534067783149e-01
1.790403905330120726e-01
-1.265375468570566764e-01
1.854860820573132549e-02
3.211490293457364836e-02
2.469984433883625624e-02
-2.478734110506337907e-02
1.669035284635609837e-02
-7.354035328358263235e-02
8.531832050726455285e-02
-7.756835241912331258e-02
6.790481200735358144e-03
4.106539855640290587e-02
-4.618147070286948014e-02
-2.346475568008372925e-02
4.557327865616778162e-02
8.818905340341677557e-02
-1.125914754567143433e-01
1.459344969776857695e-02
-1.192914042739631926e-02
-2.069778884888360815e-01
5.660584561655982588e-02
6.259893669913726977e-02
6.622808018711932865e-02
7.425006652799204070e-03
3.878465886222980802e-02
-5.324733541657581531e-02
-2.017843754315482713e-02
-2.297237720577947548e-02
-4.199211297274976773e-02
2.034884055188663794e-03
4.052347897973812563e-02
-4.782977570051640676e-02
7.142368000741354528e-02
-4.322713597654376239e-02
2.452981396635558684e-02
4.886709920295306125e-02
-3.088398957629228184e-02
-1.523914190488130926e-01
-1.511307728666070604e-01
4.279356482604516204e-02
2.658692222500835811e-02
-3.752851980420428279e-02
9.848893941789135797e-02
-3.523474139015779494e-02
3.910954443947785297e-02
6.256948778854680426e-02
1.229454842249801984e-02
9.720457937444580698e-02
5.094066378823972063e-02
3.306450076565747853e-02
-8.994533241652039393e-03
-4.418134030147508051e-02
4.007119439159870927e-02
1.737725631604959686e-02
-3.281587856867704822e-01
8.578410872336211801e-02
8.002759552434476897e-02
-2.204025246595765417e-02
4.113626332462060053e-02
2.249021783704828123e-02
-4.304807538557701985e-02
5.640523245461021018e-02
5.554753382089202413e-02
-5.136964973839090037e-02
7.565672135291744149e-02
-1.674238351376593562e-02
1.070107968834038414e-01
1.725683270088798973e-02
-9.461868253083526026e-02
-2.416209828818429925e-02
-4.963356938455765893e-02
8.501867127651069334e-02
4.454940199902242964e-02
-4.377476221122606620e-02
9.572182069305743002e-02
-3.100188103940444695e-02
-2.519974829095529209e-02
-5.969487237754931425e-02
-1.772330266387932007e-01
1.239661526614490271e-02
-2.631407796192018061e-02
-4.143424101561932194e-02
3.380633436768639560e-02
4.849061947504651471e-02
9.006992245986146506e-02
4.265197724627687453e-02
-7.636332485908813028e-02
-4.021276777570029215e-02
-7.538443426974765493e-02
5.111702099192732239e-03
2.170018817207964440e-02
-5.463462823933757512e-02
7.311637840378018560e-02
-1.601445385749640238e-01
1.745564833654041775e-02
7.711532433293994543e-03
-9.379840722348203874e-02
-7.324798642985114183e-02
-5.783020767465439638e-02
8.738021980343202780e-03
-7.355611047363103117e-02
5.972192931829910234e-02
9.619552299334598044e-02
3.728252309578190815e-02
-1.323601923439021721e-02
3.219488132081934489e-02
-1.337075829219996903e-02
1.622060403924636268e-02
1.610324313917749564e-02
-2.525114015336316770e-02
-5.718273621816536562e-02
-1.210312322838079518e-01
-9.541712490278807246e-02
6.295717144640443352e-02
1.018387547720153163e-01
-6.986155335344802764e-02
-4.045975818079237951e-02
5.886825160717660405e-02
1.295899417001002973e-01
-2.609936672846892292e-02
3.091494322755403840e-02
-4.902978864128617470e-02
-2.926018984830397116e-02
-6.715097596912113220e-02
1.592679632534378664e-02
-1.295348057305975853e-01
2.481585665056764561e-02
-1.154879592922790077e-01
3.086354071839612911e-02
4.930504261879842254e-02
-2.656571212448486860e-02
3.375054539751500687e-02
-4.424305241358132690e-02
4.901080903489454105e-02
7.645504838507823954e-03
2.498854338718147286e-02
-6.529327424074760078e-02
-2.307023148533008522e-02
-5.824221205850341199e-02
9.072609408558555619e-03
-5.748047701897586112e-03
-3.494056458892074585e-02
5.134942446224543405e-02
3.839314947219375773e-02
1.379227909611988176e-03
-2.091367725799681693e-02
9.912129958716729694e-02
3.707482629614386460e-02
-4.827115446770565560e-02
1.751595152872566924e-02
-5.364495959004731557e-02
-2.236631317824056345e-03
-2.436470061793169495e-02
2.470217242817674200e-03
-2.071901917823215991e-02
-1.503631634827489773e-02
1.284591432812931533e-02
8.869600905297414517e-02
4.643321310739283170e-02
-6.360170439988444002e-02
-1.059528985365289742e-02
-3.513280940534465463e-02
-8.536493197890773765e-02
-5.794071384216054055e-02
4.959332821835070459e-02
1.213855419292297205e-01
5.499398444427485572e-02
-5.963096348601965024e-02
5.279930597953279986e-02
2.114132109871280640e-01
8.776612900295088782e-02
-6.784163774157617177e-02
5.960284120484471947e-04
2.823306837227886339e-04
9.090251073362750484e-03
1.171517198220567435e-01
6.220575931826276272e-02
4.381112796042111596e-02
4.530676920934906260e-02
-1.437806967096942889e-01
4.212034243014368962e-02
-3.140494570214266007e-02
1.471955353151846724e-01
-1.213763857242015909e-01
2.720194593631437840e-02
-1.195578746826984548e-02
-5.111157961543143918e-02
-5.689331851419294345e-02
-9.897120170520619375e-02
-3.890400893009644812e-02
1.297616666802945025e-02
1.061483639948377668e-02
-7.278717379493553075e-02
6.111794537825433055e-02
1.082422070900200539e-01
2.358886129629831491e-02
1.375859721516224481e-02
-6.057162514490936622e-02
2.221026154493825622e-02
-7.735370684063058722e-02
3.451028328418225682e-02
-9.554892457035962794e-02
9.837072500336153935e-02
9.351363505144055788e-02
-8.511180194796345855e-02
-5.038038211668519756e-02
7.991966941926323051e-03
-7.059743542220865697e-02
4.820900228993138525e-02
-1.463028212950672619e-02
-1.002069628836691206e-01
-6.629049853364440970e-02
-2.541850706387732001e-02
-5.100640037185832920e-02
