-4.071647614857692825e-03
1.710701059745396990e-01
-6.952186565053659895e-02
-3.654236754694267786e-02
4.659755772595931822e-02
1.033197561400624014e-02
-4.887286818570639457e-03
-1.679739706439931264e-03
-2.759133925714094340e-02
1.324149152315317934e+00
-1.245541707212017984e-01
5.966943251082863081e-02
7.488518998481759337e-02
-2.044713801470889047e-02
-4.976904557793638412e-02
-2.348565366122196130e-02
-2.392212366491058145e-02
1.051955921698941587e+00
-1.327943737859652029e-01
-4.766179688314008123e-02
-2.545951542437609877e-03
-2.458736807546645087e-02
-6.791212847511647610e-02
-2.667280753338828123e-03
6.058501708951669062e-02
-8.831079303974313094e-03
-2.770236776905057874e-02
3.435911448836573290e-02
-5.190221806570998429e-03
2.399627107292302483e-02
-1.021063572833482737e-02
4.845024722004636492e-02
-2.553510415348748952e-02
1.112299607217878857e-02
4.633381913137438191e-02
-5.752091651719928866e-02
-2.881208780669496095e-02
5.540294762765506087e-02
-3.052122662517861573e-02
-2.713567101994273159e-02
-6.137673072638353405e-03
4.583487583005559779e-02
9.566017699266834984e-03
-3.383882528062344408e-02
-1.317090848904531319e-02
-5.949564089263420508e-03
-9.704679784366952722e-02
5.015189643806376024e-03
-2.508570995569005604e-02
1.677766077704739150e-02
5.108743329785808696e-02
4.754216314371752933e-02
-2.403081372077943770e-02
1.204909007568413966e-02
-2.674905900674277859e-02
4.169259984738512420e-02
-2.690023373949232063e-02
-1.393774491465940048e-02
8.359840438150276803e-03
-1.173784648250859527e-02
-1.962487545677477768e-02
4.096833622228651661e-02
-4.876500758219387967e-04
1.672181037939285131e-01
-2.915012643579384041e-02
-4.254315100057864257e-02
9.139144995350852174e-03
6.321950949127522895e-03
-2.833322579221585202e-02
1.026063853230169826e-01
2.335737108671464418e-02
5.186882284208802624e-02
5.008602174982882543e-02
6.961790315112965921e-03
9.317728722295819110e-02
-2.478280994459629034e-03
-2.226928948962162910e-02
5.667129202490771463e-03
2.394398877398649234e-03
3.733679575515755356e-02
-1.813508635869100216e-02
8.902176180637215441e-02
-4.486820134697393908e-02
5.063950631315539130e-03
3.225623381868367168e-02
-1.448769417579595931e-01
7.429088419177842795e-02
-7.717339556695890224e-02
9.270874566715166243e-02
9.821464495761576818e-02
-2.502832057414543232e-02
-2.235275438215396718e-02
-1.524572496076481362e-02
-1.965556428546842357e-02
5.915715256045055853e-02
-2.703366927540728354e-02
1.068700120932518198e-02
2.117218475911875064e-02
-1.297989460544101553e-02
-3.537148607278813028e-02
2.294747444712576245e-02
3.549262790740403267e-02
-9.155056489830017130e-02
-1.176518752157121143e-02
1.960396380908767736e-02
-4.297416024608159968e-01
3.124463263469739321e-02
2.041837700408771425e-02
4.022786148235044795e-02
1.441710932470593315e-02
2.069632394492352048e-03
-8.283881862320080502e-02
5.892913220117998452e-02
-5.047458338488717416e-02
-3.154654965844223835e-02
-9.559958063761014174e-03
1.247608724287812762e-02
-2.550430448888204443e-02
-9.894948705285377608e-03
-2.244171382874015838e-02
2.177959644448279261e-02
1.555924523258767067e-02
-9.128501113853671953e-03
-4.505820680547906187e-02
-8.342839299469359537e-02
5.138653036528958301e-02
1.654448927335133018e-02
-4.196186933566713184e-02
1.821174847001380548e-02
-2.047015009377372088e-02
1.295153787335058711e-02
1.245131450809961252e-02
-5.324428197167624388e-02
4.532529954913259301e-02
6.029668019044066157e-02
5.194103698108152450e-02
-1.782887944006482372e-02
-6.075219307566413936e-03
3.167714706822224308e-02
-2.111708659207872651e-02
-5.820078763414852085e-01
7.283537973008424871e-02
3.128626332996256587e-02
-1.687299783101751938e-02
1.614663559152334019e-02
3.016429683255529570e-02
-3.301025961157398603e-02
1.958130604154417753e-02
6.507791248576648424e-02
-2.690174728563215351e-02
-3.510304876233571320e-02
5.403117833458962035e-04
6.093390310211474481e-02
1.664992511417043644e-02
-6.080856767267203006e-02
2.375069594050717957e-03
-7.084227385462095461e-02
6.432568913917954823e-02
-6.225622277143212993e-03
-3.274820717643413953e-02
5.299610764627956522e-02
-9.090695166036702815e-03
-2.508978362969426640e-02
-2.226575364233697452e-02
-1.165237200770656290e-01
-4.397858507732611139e-02
3.452569541285555738e-02
-3.980653239100665625e-02
9.492724454568120251e-02
4.171648226090491490e-02
3.837034608364467414e-02
-1.333582051542056730e-02
-5.538587889723776969e-02
-5.527734691881688867e-02
-7.002569299990324403e-02
3.238761253079276009e-02
1.940547667785656391e-02
1.547635109957655290e-03
3.912400121217420729e-02
-1.056870640405682960e-01
-1.081359762438740060e-02
-3.392147389392010260e-03
-6.711553442416608173e-02
-4.295919267383489781e-02
-8.926488128739785977e-02
-2.750389335669458854e-02
-3.582057501758257462e-02
6.065494819042531113e-03
5.562392899803522001e-02
-9.140917007203040604e-04
-2.933949776752489344e-02
6.309590927979594763e-04
-3.681543089397615320e-02
2.602198087627729389e-02
1.195606876547778037e-02
5.031935133097286544e-02
-1.315643804311777097e-02
-1.031759002114560203e-01
-1.200913790853899016e-01
1.188235034695346998e-01
3.525780476692392390e-02
-3.082296195070739764e-02
-3.716369549867525740e-02
7.466350362535909002e-02
1.054645127976013286e-01
-3.602033403632615149e-02
-4.010417473709576401e-04
-7.920890253812347750e-03
-3.529966803590565971e-02
-2.040591432344771028e-02
-1.351412006635560777e-02
-5.399946699918506399e-02
-2.476902268396115672e-02
-1.194547158042213036e-01
3.067039359264062473e-02
8.062856157575204463e-02
-8.027374856734591224e-02
4.567628962707269424e-02
-5.525331914672424599e-02
4.812349931809386389e-02
4.033792699371492596e-02
4.078160859959922835e-02
-4.288618633061935109e-02
1.287597231076174388e-02
-1.509036117564385715e-02
8.111571629681244358e-03
-4.851310117543919213e-03
2.423090343027626062e-02
5.423183357978395014e-02
5.338463657565901965e-02
-4.775418679204560674e-02
6.512244853550656735e-03
7.915072276933897422e-02
4.091274020213447188e-02
-3.375941952623803810e-02
-2.381318649946786992e-02
-2.600604412574609656e-02
-2.573625498056613878e-02
-5.320599815755101825e-02
3.306253782230065413e-02
3.245148672166880272e-02
2.594426854926562553e-02
2.789985010914684468e-02
7.030099486895866057e-02
4.340560338692452114e-02
-7.956331581045428258e-02
-4.028756024822127690e-02
-4.512293861193494154e-02
-8.676085456421267494e-02
-1.705611828987034506e-03
3.120205710870867580e-02
2.510040570740551882e-02
3.111672072455085383e-02
-4.463623086848607369e-02
8.313729973367984041e-03
2.146245056645654514e-01
6.477102419883006001e-02
-2.562879683860221428e-02
-2.730743852001017800e-03
1.842967367639972154e-02
4.283959527405556411e-02
1.019550262901329218e-01
1.586183090576764182e-02
4.236677290827850495e-02
3.159007728308314833e-02
-1.052839992539035124e-01
3.730804019548285971e-02
1.588226287016432717e-02
2.259371819554426009e-01
-7.478211622080734033e-02
5.979393939640608585e-02
2.465248917035024485e-03
-4.988218542311671083e-02
-9.557544202960570334e-02
-7.247197603002247801e-02
-2.435372233942645348e-02
1.911820816429100206e-02
4.689271194210217070e-02
-4.604583472683752149e-02
1.214052606895531655e-01
1.639166472079990611e-01
-3.162727953857723436e-03
4.239410486243031830e-03
-5.467932358027700196e-02
-1.757803778485628882e-02
-6.091683437169745363e-02
4.643987638009243468e-02
-5.346693133167988721e-02
1.221581526855752137e-01
-2.335695681478201433e-02
-9.655566029771296688e-02
4.080881972443736044e-02
-5.574220090932834569e-03
-5.701477433255994903e-02
-1.068819224113149932e-02
-5.514206987148209324e-03
-3.445873962023503212e-02
1.859474275817048791e-04
-3.766339829853720261e-02
7.370998772708498015e-03
