-1.693166467492629099e-02
1.746842752774887264e-01
-7.404960110995491285e-02
-6.974696767689905763e-02
6.918256671652792122e-02
2.920354816014676409e-03
-3.232730543948361245e-03
-2.715846225448751219e-02
-2.368540731768123409e-02
9.929798603884841812e-01
-1.184217828650711013e-01
9.509388955731876147e-02
4.255988092915365811e-02
-6.366256666233090222e-02
-2.740380368214533416e-02
1.149530670769380834e-02
-2.766134113228407854e-02
1.011915214186611234e+00
-1.131299387031737824e-01
-5.251457561025841408e-02
-4.352057301828607568e-03
-2.716577578202908046e-04
-7.295083788588276053e-02
2.747531325875823827e-02
8.213283553373222634e-02
-3.580740683532778607e-02
-7.983196214880332320e-02
2.207679920547173102e-02
5.930879834373915804e-02
1.786808581555671127e-02
-1.619834854914585509e-02
-4.654295435391735819e-03
-2.766549228505462907e-02
-2.821161149071605085e-04
5.055584121899930894e-02
-4.520971874458029616e-02
1.938818850535466501e-02
5.576466571279916490e-02
-4.132543886034512753e-02
1.687887339305844600e-03
-3.864434037488076804e-03
-9.946623559714273116e-03
5.233038366068331476e-02
-4.480289561112556218e-02
9.944483624371313821e-03
1.736999321182362138e-02
-9.647397594736385751e-02
4.128733835739680641e-02
1.832601165506850607e-02
-1.995360904710804725e-02
1.326127416509495331e-02
7.092829666905133695e-03
1.539695419539108615e-02
-3.352859502362989796e-02
-3.009481429392126331e-02
-3.259425327011251233e-03
-5.723943429153659224e-03
2.613700091321973645e-02
-9.915897238390999555e-03
-1.328585081864594106e-02
1.068345910428590041e-02
-2.417297469134798826e-03
9.193273167869839627e-03
1.588789076049254290e-01
-6.156284550598335042e-02
-8.520659902878945091e-02
3.032794953715747463e-02
1.810307561296826268e-02
-3.812908171284252329e-02
1.146827171132500933e-01
-4.599015917663891451e-02
1.088827759170135218e-01
3.595390137226846944e-02
6.506959574445023153e-02
7.537084986342351689e-02
-1.411812603990526349e-03
-1.313707661967785344e-02
2.852255205623482545e-02
2.920953989442421142e-02
4.457468890912244519e-02
-4.942387724104665460e-03
7.874801503425250815e-02
-3.915044143470343407e-02
4.158600795612209244e-02
-2.225836090606573073e-02
-1.908763251170655650e-01
2.866851478494623628e-01
-9.859599917620534559e-02
6.744667690990287234e-02
4.296693439993062857e-02
6.137254114908515835e-03
-1.286993528876170627e-02
5.799580786073534749e-02
-6.821069903312521054e-02
8.678879964446756246e-02
-4.996105605597467997e-02
-2.428637771527055247e-02
6.422108131855923038e-03
-7.831067220560179731e-02
-6.297624951222684231e-02
3.282791566402185057e-02
2.288868745664238494e-02
-8.729859033558792780e-02
-1.797512323046739427e-02
-1.065518223408233644e-03
-2.237693212365591267e-01
3.279114976261706532e-02
1.536208688323794681e-02
9.941060744016649853e-02
7.207664000173430452e-02
4.213076249783211796e-02
-8.076445569935830626e-02
2.740868988195889824e-02
-4.649997019164064938e-02
-4.833989117238986916e-02
-9.972046194827437204e-03
2.088983033623829227e-02
-6.542776350589663004e-02
-1.074641634927538591e-03
-2.486003112263700937e-02
2.583407515500346988e-02
3.254896361754248957e-02
3.611506975156087568e-02
-6.056882479188345492e-02
-1.367601294224765895e-01
7.754399442854664759e-02
6.032685543487686236e-02
-3.247975741415192602e-02
6.751950415149150786e-02
-4.026612090270551697e-02
2.989286265933922826e-02
-1.992779433045005315e-03
-6.077627657686220965e-03
3.973340826070933390e-02
1.355669363645724962e-02
3.103282916558272597e-02
-1.231227190677300224e-03
-4.583093850264481628e-02
4.523728808966354792e-02
1.420073203233393998e-02
-5.101481204474506148e-01
9.615552782474852400e-02
2.824408608925164932e-02
-2.325098604697797312e-03
-2.479995690490320657e-04
7.627709173387096919e-02
-4.404448626647589071e-02
9.200853128793791760e-03
2.696445048289542248e-02
-3.620211354817030880e-02
1.683829866925999489e-03
-1.525448717427592762e-02
1.130572469541276381e-01
6.507908360973812222e-03
-1.014825526253035071e-01
3.483756476543531377e-02
-9.346485594432882293e-02
-1.004681775440079833e-02
4.913978833355012177e-02
3.934758647134061621e-02
9.897856236992716439e-02
-5.753215238033298345e-02
-1.144106904293487603e-02
-4.482868661658861997e-02
-9.647690936090877467e-02
-5.032017903984564722e-02
-1.652436393025927958e-02
-4.461762310852410846e-02
7.192747626170654940e-02
7.324052771635448933e-02
5.378988561719563050e-02
-2.921698732670503611e-03
-7.637336595993755861e-02
9.155846740320413082e-03
-7.023454436567810877e-02
-1.348685146494536975e-02
2.001357635275754360e-02
-4.149369688692334385e-02
7.893204778009017819e-02
-1.040629200268817223e-01
1.274604937619233484e-02
-6.669462470598117899e-03
-7.103080693938605694e-02
-9.126442318114810770e-02
-5.340647559508324843e-02
-2.354724387844692873e-02
-8.008057741501907467e-02
3.210941226044918689e-02
8.423435874089489628e-02
1.052946928926031846e-02
-2.880086855800706794e-03
8.262806755116199053e-02
-6.413220879604036601e-04
4.105357646115157660e-02
-2.072565275226001449e-03
-1.872836353462105363e-02
-1.756690960479535130e-02
-1.206740483003815451e-01
-1.038983304608914332e-01
8.837819491415192796e-02
5.657385427506070319e-02
-5.108102047563302384e-02
-4.924093690383281319e-02
6.469201190166493087e-02
1.330333799427679542e-01
-4.565681364897675870e-02
2.526985880322147118e-02
-3.930030634863856953e-02
-5.290866244471904151e-02
-3.448265898694935494e-02
-6.062297523331815728e-03
-1.703323496574748672e-02
2.404740104979621873e-02
-1.420373742629205682e-01
3.432148044571627088e-02
3.762660084438952668e-02
-4.598335745100589483e-02
3.906605667924037406e-02
-5.074947361147242458e-02
3.721057099267256058e-02
2.396919983524106734e-02
6.745453039639697987e-03
-8.415787320065903562e-03
1.273808156786550511e-03
-2.399384084774973998e-03
6.041277803069718816e-02
7.288082042089403557e-03
8.164256423701440196e-03
2.982167826482830242e-02
9.896954534122441582e-02
-4.181091541471557149e-02
-4.879824889438085650e-02
9.372978451266042454e-02
6.488941098681928754e-02
-4.958089108025494351e-02
-5.538895166710024187e-02
-6.402956853754769584e-02
-5.276013551964099831e-03
1.750887560836151624e-03
6.767888402922303537e-02
-4.035671121661463939e-02
1.008438729594823141e-02
-1.127084044669181447e-02
8.974982656954560989e-02
3.085728502753208591e-02
-6.838736098465141022e-02
-5.744878381893860769e-02
-2.909181042425424898e-02
-1.322587419788414931e-01
-3.816091907301422115e-02
8.237968262226846861e-02
8.057165658602150060e-02
2.480427763505896679e-02
-5.675838156867846207e-02
3.645232762638744156e-02
2.129311779179673958e-01
1.052287249609781539e-01
-7.067445477800901599e-02
7.959765150776100529e-03
1.122525313394250740e-02
2.520900571507544291e-02
1.152698740461324950e-01
2.116534595310873984e-02
9.929260021028442351e-02
-1.374559225822710729e-02
-8.641046381807145071e-02
2.323635285238900491e-02
-3.724713026795005433e-02
1.286730266866111805e-01
-9.036635828563996387e-02
3.162050065256595825e-04
-1.861867724050468229e-02
-5.492211211194936160e-02
-6.979808901318071412e-02
-7.554289151925078216e-02
-6.797253955704777965e-03
-2.287699063949770201e-03
4.014071239268990343e-02
-9.767679744406868036e-02
1.163553996488033287e-01
1.948044571626777743e-01
1.369966113315123149e-02
4.475601519142386603e-02
-1.047468592828650763e-01
5.256691045162374676e-03
-3.813247580103191342e-02
5.874187044745057124e-02
-9.853357776187998684e-02
1.242268660032951749e-01
1.557348912265868815e-02
-5.101125197819111889e-02
-1.509487318818948787e-06
-4.121322054934096341e-02
-6.992617688822407029e-02
-8.705022573057578927e-02
4.892672631048387150e-02
-1.830603836064862919e-02
-7.589490791926811752e-02
-4.344741805411030111e-02
-1.146147252617715946e-02
