-8.838229626417160034e-02
2.044649869203567505e-01
-5.801476910710334778e-02
-6.707783043384552002e-02
9.975226595997810364e-03
1.391317136585712433e-02
-9.603634476661682129e-03
-6.641320418566465378e-03
-3.802312165498733521e-02
1.321886420249938965e+00
-1.643386334180831909e-01
1.192229390144348145e-01
5.008386448025703430e-02
-6.142488867044448853e-02
3.776755416765809059e-03
-2.109795436263084412e-02
-8.243606425821781158e-03
1.090108871459960938e+00
-1.320731937885284424e-01
-4.456388205289840698e-02
-3.950953111052513123e-02
-2.925809845328330994e-02
-9.777167439460754395e-02
3.144748881459236145e-02
3.204350546002388000e-02
-2.769759111106395721e-02
-5.699123442173004150e-02
3.115778788924217224e-02
9.366624057292938232e-03
2.746768295764923096e-02
-4.869196936488151550e-02
1.761959865689277649e-02
2.690914832055568695e-02
-1.307511329650878906e-02
6.006355583667755127e-02
-2.902794070541858673e-02
-1.019984111189842224e-02
1.158515457063913345e-02
-3.131459280848503113e-02
-6.627797149121761322e-03
-4.102122504264116287e-03
2.541093900799751282e-02
5.857520923018455505e-02
-1.102380827069282532e-02
1.013575703836977482e-03
7.960260845720767975e-03
-9.656822681427001953e-02
7.998211681842803955e-02
4.616443067789077759e-03
1.324943546205759048e-02
9.992619045078754425e-03
1.995422132313251495e-02
1.842852868139743805e-02
-6.302471458911895752e-02
3.301045298576354980e-02
-3.848597407341003418e-02
1.402576803229749203e-03
-1.619242131710052490e-02
-1.186364330351352692e-02
-4.935809597373008728e-02
1.033494714647531509e-02
-4.876832943409681320e-03
-2.384838275611400604e-02
2.043251991271972656e-01
-2.826748602092266083e-02
-9.964260458946228027e-02
-3.815107792615890503e-02
1.723768003284931183e-02
-3.607773035764694214e-02
6.418120115995407104e-02
-1.871114782989025116e-02
1.339509934186935425e-01
6.135126203298568726e-02
2.628733962774276733e-02
1.058359369635581970e-01
4.615071695297956467e-03
7.480356376618146896e-03
4.388207942247390747e-02
3.416994214057922363e-02
4.867736622691154480e-02
1.692448160611093044e-03
1.141576394438743591e-01
-1.121258083730936050e-02
-1.325991749763488770e-02
9.108545258641242981e-03
-2.002198696136474609e-01
1.115437373518943787e-01
-7.402948290109634399e-02
3.306514397263526917e-02
8.074372261762619019e-02
6.290437187999486923e-03
3.562360070645809174e-03
1.493689231574535370e-02
-2.527954615652561188e-02
4.255933314561843872e-02
-6.003286689519882202e-02
1.547728243167512119e-05
1.033411081880331039e-02
-7.096341997385025024e-02
-1.282123103737831116e-02
8.068778552114963531e-03
6.112314388155937195e-02
-1.234598383307456970e-01
2.548888558521866798e-03
1.124702300876379013e-02
-4.986234009265899658e-01
4.802255704998970032e-02
2.636563405394554138e-02
9.587503969669342041e-02
1.166950166225433350e-02
7.586875557899475098e-02
-1.056441888213157654e-01
2.598503045737743378e-02
-3.942107409238815308e-02
-7.294975221157073975e-02
-2.588384598493576050e-02
2.289006672799587250e-02
8.641826920211315155e-03
3.412864357233047485e-02
-4.811937361955642700e-02
3.370000794529914856e-02
4.098176956176757812e-02
-2.834988012909889221e-02
-8.222281187772750854e-02
-9.160141646862030029e-02
1.154875941574573517e-02
5.580566078424453735e-02
-5.443785339593887329e-02
3.509759157896041870e-02
-8.529800921678543091e-03
4.575796425342559814e-02
1.531015709042549133e-02
-8.236515335738658905e-03
4.007087647914886475e-02
2.111310698091983795e-02
2.168154530227184296e-02
2.077654935419559479e-02
-1.931483671069145203e-02
5.269978940486907959e-02
3.151221573352813721e-02
-5.273823142051696777e-01
4.521703347563743591e-02
7.609893381595611572e-02
1.118277665227651596e-03
2.119871228933334351e-02
1.476314757019281387e-02
-1.050194352865219116e-01
-1.232855767011642456e-02
7.862989604473114014e-02
-1.682915166020393372e-02
-1.358616910874843597e-02
-2.251696959137916565e-02
9.859715402126312256e-02
-7.708733435720205307e-03
-1.397233605384826660e-01
3.951316233724355698e-03
-7.596784830093383789e-02
4.617984965443611145e-02
1.194509025663137436e-02
-8.848734200000762939e-03
5.645258352160453796e-02
-3.058458445593714714e-03
-1.650176197290420532e-02
-7.289320975542068481e-02
-1.803648173809051514e-01
-4.160874336957931519e-02
3.377291932702064514e-02
-1.076986640691757202e-01
9.308277815580368042e-02
5.267472565174102783e-02
1.001927480101585388e-01
2.822338975965976715e-02
-1.604198478162288666e-02
-3.511064127087593079e-02
-8.296710997819900513e-02
1.876445254310965538e-03
6.456114351749420166e-02
-1.332299876958131790e-02
8.324976265430450439e-02
-7.300604879856109619e-02
1.664892397820949554e-02
1.914006471633911133e-02
-8.530868589878082275e-02
-4.181008785963058472e-02
-7.736781984567642212e-02
-3.778673335909843445e-02
-7.952135801315307617e-02
3.664333745837211609e-02
5.554129183292388916e-02
-2.352801896631717682e-02
1.096481271088123322e-02
3.854358568787574768e-02
-2.216513454914093018e-02
2.031528390944004059e-02
5.305033177137374878e-03
5.745912343263626099e-02
-1.584268733859062195e-02
-6.845346093177795410e-02
-1.322920471429824829e-01
8.979626744985580444e-02
3.967660665512084961e-02
-8.243867009878158569e-02
-4.041839018464088440e-02
5.232900753617286682e-02
1.230293959379196167e-01
-3.056937083601951599e-02
3.742357715964317322e-02
1.903267577290534973e-02
9.583408944308757782e-03
-1.150301285088062286e-02
-1.698267087340354919e-02
-3.696488216519355774e-02
6.449175532907247543e-03
-1.323416680097579956e-01
-1.134772901423275471e-03
3.619503229856491089e-02
-4.478986933827400208e-02
4.699015244841575623e-02
-8.080412447452545166e-02
3.135525807738304138e-02
3.486891277134418488e-03
-7.220643572509288788e-03
-1.096224877983331680e-02
-5.184196308255195618e-02
1.418905705213546753e-02
7.084745913743972778e-02
5.421736463904380798e-02
-2.055299282073974609e-02
4.095208644866943359e-02
9.659459441900253296e-02
-4.319461807608604431e-02
-2.789703384041786194e-02
4.724455997347831726e-02
4.608536884188652039e-02
-5.610725656151771545e-02
-6.411883234977722168e-02
-5.068001523613929749e-02
-4.243543744087219238e-02
-4.783493652939796448e-02
1.535266917198896408e-02
-3.957749903202056885e-02
-1.015769876539707184e-02
-2.920205332338809967e-02
7.392273098230361938e-02
3.234707564115524292e-02
-5.474346131086349487e-02
-1.910447701811790466e-02
-5.905650183558464050e-02
-7.824113965034484863e-02
-2.381526678800582886e-02
2.091151662170886993e-02
4.408958554267883301e-02
2.634033747017383575e-02
-6.486806273460388184e-02
2.953278459608554840e-02
2.458780705928802490e-01
1.245249956846237183e-01
-5.013251304626464844e-02
2.023210562765598297e-02
2.539042942225933075e-02
2.995442412793636322e-02
1.101582720875740051e-01
2.610758878290653229e-03
7.853087037801742554e-02
4.404261242598295212e-03
-1.149723082780838013e-01
4.458327603060752153e-04
-1.505299191921949387e-02
1.987136155366897583e-01
-7.167626172304153442e-02
8.780123293399810791e-02
-6.095170974731445312e-03
-2.347415871918201447e-02
-9.708077460527420044e-02
-8.800027519464492798e-02
-1.426141802221536636e-02
-1.831542328000068665e-02
4.836120828986167908e-02
-9.391748160123825073e-02
1.734709441661834717e-01
1.893530935049057007e-01
1.462963782250881195e-02
-1.426231302320957184e-02
-1.120215430855751038e-01
2.118153497576713562e-02
-1.091230381280183792e-02
8.095208555459976196e-02
-8.119741082191467285e-02
1.080710515379905701e-01
1.122179627418518066e-02
-1.121887341141700745e-01
5.732443556189537048e-02
1.334856380708515644e-03
-7.483702898025512695e-02
-4.141246527433395386e-02
3.527892753481864929e-03
-7.078462094068527222e-02
-8.036288619041442871e-02
-2.261391095817089081e-02
-6.584597285836935043e-03
