7.752666994841515228e-04
1.365774326832429886e-01
-1.065934194923992412e-01
-3.297652676789344234e-02
6.805106330923726965e-02
1.766024663036453585e-02
-9.762179815007807071e-03
-4.308189807454004816e-02
-1.303070917068830346e-02
1.895472137933066126e+00
-1.587298139490778970e-01
7.042387513487287365e-02
7.868264526683654836e-02
-6.210597584670707327e-02
-6.608971014299287738e-02
-1.484137415295919311e-02
-5.896410738666074680e-02
1.009925930392705729e+00
-1.724214681948577077e-01
-8.760110718895459947e-02
1.419696947215105202e-03
-4.992010119723846312e-02
-5.491925522091532785e-02
-3.740147265403472292e-03
6.136467129223868722e-02
2.437782152739162433e-02
-2.087882799611124121e-02
-1.042581127129886716e-02
1.043082463581158133e-03
-2.255506872877938510e-02
-3.413638533664822838e-02
1.044679777031655016e-01
-4.799898620936321469e-02
3.682207965693495150e-02
9.766231323788814034e-02
-6.990150165760149192e-02
-2.554510945057829590e-03
5.125214709107279304e-02
-5.105391948986750389e-02
-6.049595243268324207e-02
-2.547165202892194471e-03
3.937266734363952664e-02
-1.891934306953640607e-02
-5.304709206823186862e-02
3.751934482161795731e-02
3.368434775642648645e-03
-1.016974376109364003e-01
7.512663716053923774e-03
1.284186502349227849e-02
1.292852868793315825e-02
-2.591201131309564878e-02
8.007634846410632140e-03
-4.313529484569253447e-02
-4.251431553481239099e-03
1.948648417246052339e-02
1.724394745009703508e-02
-2.152878300300218716e-03
-1.559920246916336392e-02
-2.294488484753265650e-03
-5.895779241291723011e-02
-2.881989624037822450e-03
-8.209328310910524867e-03
-1.325382715459423946e-02
1.513498680731499013e-01
5.371959092002867066e-03
-7.079064708370771952e-02
-1.942543283319124806e-02
2.819765240635311102e-02
2.881962877103188408e-02
1.043149942276249131e-01
3.845650706402457125e-02
2.559792408256521615e-02
1.259261290194879923e-01
-1.332864934420939680e-02
6.787251785569614615e-02
4.838222438030975736e-03
4.847214892313442963e-02
-5.125582603078784188e-02
-1.599924490751310907e-02
1.295880370058036801e-01
-5.854513351292984710e-03
8.240517124712762320e-02
-8.816287373136637295e-02
-2.307540314562219960e-02
5.153510538497230870e-02
-2.092365711723721544e-01
-5.277097739337217180e-02
-1.087398632444246394e-01
1.359850622532700892e-01
5.288248918485225630e-02
-9.685905289318436084e-02
2.403553943153037987e-03
-3.064525495462195118e-02
-7.259704694134318237e-03
1.179566681174323839e-01
-3.823167817535867707e-02
-9.144590846665648365e-03
-1.864083150971084651e-02
-9.291699661445482422e-04
-6.856449656741618603e-02
2.726828858112350512e-02
-2.186259036633925027e-04
-7.989112841417113364e-02
-5.349704113991058524e-02
5.676979426362169928e-02
-5.399570109960523112e-01
4.042282302284645051e-02
5.636773973654217451e-02
4.043098645701375532e-02
7.912026467594144782e-03
4.026111150557720036e-02
-7.165698524131658420e-02
5.137383260733671686e-02
-9.717689458418644899e-02
-2.662782941032012379e-02
-2.509287902271020027e-02
-1.533699080597362638e-02
2.894665288554310045e-02
-5.048563478691466509e-03
-3.591106377933600373e-03
4.409748322835037315e-02
-5.487321273296642821e-02
1.467898856798433233e-03
1.624290543627463640e-02
-1.358629200162399762e-02
7.588811115136327723e-02
5.519135560793834647e-03
-7.761908285521741668e-02
2.512267375930760799e-02
-4.195485507264722774e-02
7.521953668174051304e-03
-1.565449804791071292e-02
-5.213545943778723907e-02
1.306308779602985762e-02
4.521542418095797489e-02
5.713964458234518928e-02
-2.671977413338421509e-03
9.820167169294463302e-03
1.708444041967560612e-02
-1.860625109469134794e-03
-9.212298081951154627e-01
4.564334996151749729e-02
7.202681398268102886e-02
1.433712026293536800e-02
-1.662871580822918027e-02
-1.368078555022380662e-02
-3.373446027372289935e-02
-7.189702796621365299e-03
2.743546276645449089e-02
-6.324436853945100689e-02
-2.011327948065656096e-02
1.260047910799542981e-02
6.697845279173049449e-02
2.303561089933972225e-02
-5.827734679960007436e-02
-1.375413632128785323e-04
-9.594342485509220475e-02
-3.458213041954211198e-02
-3.685387029924287045e-02
-5.223314733458048892e-02
-2.528576622755494482e-02
8.843066134375276652e-03
-4.395251933791686355e-02
-3.712656855892241398e-02
-1.079923444105548858e-01
-1.313544890803602927e-01
3.812640224063899158e-02
-4.947770420122112739e-02
1.438928910254757831e-01
1.938123880566613305e-02
2.789276432322354560e-02
-9.942022607260764255e-03
7.067420846191521666e-02
-5.274037350581103900e-02
-5.585812926713851906e-02
4.160957776963528087e-02
3.680732074335670706e-02
-8.876595552198565664e-03
2.619006795026827122e-02
-7.400456594179015413e-02
4.404362434209193981e-03
-2.849679911386677339e-02
-5.254346931595973991e-02
-7.712982343160794396e-02
-4.555998943112184868e-02
-2.730072879184396346e-03
-7.403318471232028797e-02
6.191915367786372630e-03
4.248945931626355033e-02
-3.170478959255501605e-02
-6.349254413059009228e-02
3.041749738899570711e-03
-9.261652694511549044e-02
5.099329430343912256e-02
-2.451783521204041819e-02
8.602163731532082303e-02
-4.834778421812396809e-02
-1.016073377520695792e-01
-5.215243003066631633e-02
1.424451509287355533e-01
-1.682810499059572348e-02
-4.621107185502223991e-02
-7.987098954574077536e-02
1.520677504043884722e-02
1.552297936951302082e-01
7.591096517080521931e-03
4.536888955085029845e-02
-2.063149032574792402e-02
-3.442007726075484858e-02
-1.880748424219854872e-02
-5.425144674753822754e-02
-4.532275715723876192e-02
-3.017153122951589383e-02
-1.630019440337393821e-01
4.101426203015444416e-02
9.093792349163327959e-02
-5.063042066413615122e-02
4.054382165984783681e-02
-1.254367113619122565e-01
-1.053477581059233210e-03
4.220682827897603157e-02
-1.318673954913561659e-02
-2.623371535136456364e-02
-3.056543041393775667e-04
-1.288889467561691628e-02
8.886587667543877425e-03
2.086655767127474498e-02
7.576870923893029575e-02
4.858539049956361877e-02
3.126854574008845755e-02
-1.354989531240793632e-01
1.967059478651878718e-02
3.285573311580286537e-02
7.442894943924184548e-02
-5.912060797172364462e-02
-4.756653277963336646e-02
-2.287744346329156214e-02
-4.840839501964632613e-02
-3.267627422072936355e-02
6.554734883880435070e-02
-1.224606109626333143e-02
4.438951839794956500e-02
-1.526886523963987517e-03
5.461001210748769874e-02
9.895872412328025891e-02
-1.363296239072074589e-01
-8.230598732010811769e-02
-8.700110556633720849e-02
-1.244194395778709106e-01
-2.303240126718363468e-03
3.884037547366618603e-02
-2.113399285346360956e-02
-1.315446341624946537e-02
-2.097183720222093803e-02
2.345417929853214206e-02
1.964165127673521138e-01
9.944436574302527310e-02
-5.160620637921097681e-02
-1.023997289516890511e-03
4.109687814166347597e-02
7.283882035024599744e-02
1.103979322445608896e-01
-6.244265637025781662e-03
9.981073491449152235e-02
8.325191716273494524e-02
-6.486189368196515481e-02
-1.399011767025744660e-02
2.499911236139280065e-03
3.124452510476814493e-01
-3.829293989387851788e-02
-8.527281484934284839e-03
-2.687932431852370699e-02
-8.878666079609061346e-02
-1.114928897135723518e-01
-6.108641686260826709e-02
-1.801300048828125000e-02
2.380390872995779856e-03
7.840879981090177753e-02
-3.209243404002732475e-02
1.538903863256392834e-01
1.816015555952451010e-01
4.866273094678919692e-02
1.707100311933809969e-02
-1.080779274089308795e-01
-3.859783157323459085e-02
-6.027380273276389255e-02
7.991430249777206618e-02
-3.780797796094302610e-02
1.114688093808920560e-01
-7.281299225148406273e-02
-1.813943266390967424e-01
3.152426981066241279e-02
7.851255633992292385e-03
-1.651321220532807679e-02
-1.900571184340384134e-02
3.172076043446558913e-02
-4.172101044413224769e-02
-3.918449838796989049e-02
1.929538788841547725e-02
4.085805633566499256e-02
