-8.493254144170371556e-02
2.199775781415413967e-01
-7.071594630277806826e-02
-5.765867452024445866e-02
-1.953775455825658078e-02
5.094972236649993047e-02
-2.197857927490251551e-02
-1.510299412311869212e-02
-2.006185826286699739e-02
1.227299005531441889e+00
-1.397481597010860055e-01
1.344211246410517702e-01
5.889646611054502601e-02
-3.306872187273934144e-02
-1.810997386735567136e-02
-5.156609602995536334e-02
-2.362806417247269655e-02
1.202269672127531885e+00
-2.032108084771331868e-01
-4.759199616432661234e-02
-3.439430776888585672e-02
-3.631928224689463108e-02
-9.013354314712135329e-02
1.952485097927804392e-02
5.549200185732276747e-02
-3.582781333258345385e-02
-6.601480051493356649e-02
-1.745455023917476256e-02
3.684554839405127652e-02
-1.269044592735736957e-02
-1.762548846863296840e-04
5.972837757328940123e-02
5.413249533601634418e-03
1.818847198561712166e-03
8.585266505277806826e-02
-7.495977856864016742e-02
-4.680892919566924382e-02
3.641181928031706622e-02
-2.306282667528473246e-02
1.507715950386434448e-03
3.410608045416600471e-03
3.084920505855101927e-02
1.930967502296496857e-02
-1.200830299538440012e-02
-3.931662199887435427e-03
1.014041678521331730e-02
-9.721989321703630726e-02
8.288655202654121590e-02
4.238808463831141189e-03
1.077498813499651494e-02
2.681742785333518508e-02
7.465280972621513196e-03
7.594072303015441186e-03
-2.348598049728390161e-02
-1.564283476643828566e-02
-1.377760637907800463e-02
9.870225619778433268e-03
-3.086232832790775787e-02
-3.547271075905971890e-03
-5.433703784725898295e-02
5.150609471077925716e-02
-7.781798808103022359e-03
-3.329655156407142907e-02
2.047652686708218706e-01
-6.389339268523051840e-02
-1.045671579184751926e-01
6.042516545356224102e-03
4.107529893743604166e-02
-4.145689681671915761e-02
7.505107499757393552e-02
-8.400771602577038200e-03
1.293023043676997386e-01
8.387404735359764441e-02
4.049989699105855170e-03
7.960693652295504352e-02
7.154242473631640745e-03
1.477823359080011889e-02
3.397400561414884446e-02
7.042608423318512390e-02
6.319180500095940289e-02
1.860292892246056401e-02
8.907846933666807576e-02
-6.793429996410517424e-02
-4.497644867453816364e-02
3.966994389572967711e-02
-2.239975157584339072e-01
1.521591239292204856e-01
-3.901597733167478516e-02
3.619999898683966960e-02
8.160470605392934618e-02
-3.278690165559358227e-03
2.419516257639366813e-02
-6.295301555973041585e-03
-5.468675477577589900e-02
7.025444574064639014e-02
-7.811965850845155324e-02
-8.284830409323321520e-04
1.747404614486979674e-03
-2.843354135169097116e-02
-3.363432552055764524e-02
3.636926396176291820e-02
4.673444554214967878e-02
-1.310471111973101621e-01
1.814736861584930264e-02
1.751837460169703570e-02
-4.643838992695320522e-01
6.637636780090999666e-02
1.217617013643065328e-02
1.120589530428444114e-01
3.955827656878573018e-02
4.636444817636654198e-02
-1.222746159364192925e-01
1.642364883180546034e-02
-4.908958239598772144e-02
-6.505082067365375309e-02
-2.104292441562014698e-02
2.231544647012183302e-02
2.571821835359240291e-03
3.235810965234402897e-02
-3.075998061141951498e-02
2.065359860420967406e-02
2.804475184326258100e-02
-6.555789191247177183e-03
-5.017694638438227606e-02
-7.486980028197560977e-02
2.863563496136481770e-02
2.106471253195245710e-02
-4.437569887386195316e-02
4.128003744695726840e-02
-2.365855159701637372e-02
3.509304809354929500e-02
3.404833203828009497e-02
-1.175350092555987186e-02
3.750695427738372223e-02
3.416461717082076160e-02
3.846560124242404122e-02
-1.481827922947312991e-04
-1.635919124407542516e-02
6.012584485165678450e-02
-3.614983904276749833e-03
-5.221735997159291376e-01
5.525127720232108491e-02
8.305922866380831271e-02
9.497155819441320534e-03
1.399002112887289158e-02
-9.388933539163401773e-03
-9.050115837998005952e-02
6.739019851205343796e-04
7.573252008952202630e-02
-3.383008041667218135e-02
5.126964755667081514e-02
-3.824423087897654838e-02
1.000860945053902856e-01
-4.973608164101096449e-03
-1.294329555279130628e-01
-2.385067514040885989e-02
-7.167142714177958396e-02
4.737408484742219178e-02
1.892434886873411992e-02
-1.950796497373778055e-02
4.997788105580404372e-02
-2.385355265359786342e-02
-4.570981823352256862e-02
-5.375013284806399311e-02
-1.851834812685263509e-01
-6.262994470487949494e-02
2.059056685011071558e-02
-7.029746628588379176e-02
9.083909387350906639e-02
4.883740368773819424e-02
9.529774025270837390e-02
-1.028543720384013892e-02
-4.049896922997608950e-02
-3.655780999811428233e-02
-1.078990338861466891e-01
-2.656771312344510805e-02
4.469171702142440972e-02
-1.067716560953379731e-02
7.323812107417601580e-02
-9.755749271351629726e-02
-1.021829702428607434e-02
-2.515364585056395139e-02
-8.217462597153116222e-02
-6.056656098094872348e-02
-7.088602973205149205e-02
-3.370509382209290611e-02
-8.011642866358775761e-02
6.718339394375484608e-02
5.362929452474372166e-02
8.436212829766457158e-03
-2.199097670448029243e-02
2.616130961587025475e-02
-2.674536510163031885e-02
1.075321401854124719e-02
1.974482135502130670e-02
3.258286583220851990e-02
-4.063687448032456129e-02
-7.878961939357047306e-02
-1.331268123163905359e-01
7.167716062988523096e-02
7.033491703388559946e-02
-8.719530926064383847e-02
-3.113765852513078816e-02
2.675199458186666365e-02
1.490067996153574825e-01
-1.278548866954197461e-03
2.948010969838423673e-02
8.198112613253405109e-03
-4.919399024822841346e-03
3.416259688087219630e-03
-1.247425767224277088e-02
-5.697832357253290736e-02
-4.162859669333414739e-03
-1.441883348578983925e-01
3.181163629804723003e-02
4.783498664558190339e-02
-7.564848636603235810e-02
6.032061975637836165e-02
-1.135904534381837055e-01
5.615610864001076286e-02
1.564094801377842806e-02
3.091754384296262897e-02
-4.297353580412123508e-02
-2.280763260890301958e-02
2.209857760560025516e-02
9.930114509172753567e-02
8.023500762213612789e-03
4.382046859647519520e-03
4.447906965828789944e-02
1.344504166914787524e-01
-4.280091516636230775e-02
-4.605363798306381928e-02
6.445536928798124843e-02
8.521487373127514808e-02
-6.920400265875326085e-02
-6.173003260859975805e-02
-4.984695420570435520e-02
-2.662411755113495981e-02
-6.836869245662846595e-02
4.279428568612596295e-02
5.388404059506008044e-03
2.336286988622829700e-02
1.803641985951739447e-03
4.265229677933560920e-02
3.335326183522897836e-02
-7.902726407562284117e-02
-3.746076760610752426e-02
-1.066734975728262369e-01
-1.166422801731553105e-01
-3.426842248989182826e-03
5.740141277971495815e-02
5.660998896137695024e-02
2.733323932308208068e-02
-8.001222650184822149e-02
1.788204294614342826e-02
2.372889387152410101e-01
1.130790142377284951e-01
-5.874844648749029397e-02
3.058943841694456225e-02
7.543148288730845176e-03
3.577690331817590108e-02
8.958940023389530549e-02
-3.901554925851137296e-03
8.060059179591008705e-02
-8.665489354545188525e-03
-4.606085330430870206e-02
2.329368680153967239e-02
-1.833930262244490642e-02
2.482759043731032622e-01
-1.188961914544957310e-01
8.262423309965859219e-02
-2.987470107893304850e-03
1.340345266518373074e-03
-1.228218517455580833e-01
-7.340553375767520927e-02
-3.349472305434619823e-02
-2.604437187367669021e-02
7.318312955715382262e-02
-9.681043342861175849e-02
1.711989222455272130e-01
1.610200208752382012e-01
5.163827078067656506e-02
3.676041621867059961e-02
-1.207891902133398643e-01
-2.343624216489342826e-02
-3.305408230900756111e-02
8.382541393457988710e-02
-1.083286534975121812e-01
1.223374043080404372e-01
2.861424745689864282e-02
-1.075463317530788998e-01
-1.101827692132417193e-02
2.750560150157253456e-02
-6.402227339945479323e-02
-6.738458294598904941e-02
2.722834362897214033e-02
-5.953591157136618739e-02
-1.033849135326240370e-01
-7.356094854654913334e-03
2.540915868337678338e-02
