-5.806046724319458008e-02
1.724330931901931763e-01
-1.198412254452705383e-01
-5.873269960284233093e-02
3.873235359787940979e-02
2.065757289528846741e-02
8.366549387574195862e-03
-6.489381939172744751e-02
2.172411978244781494e-02
1.417940855026245117e+00
-1.393216997385025024e-01
1.206055805087089539e-01
8.112672716379165649e-02
-4.666128009557723999e-02
-3.940727934241294861e-02
-4.443030804395675659e-03
-7.070467621088027954e-02
1.100052356719970703e+00
-1.710376590490341187e-01
-4.583451151847839355e-02
-3.289292007684707642e-02
-3.848269581794738770e-02
-6.990442425012588501e-02
1.317888684570789337e-02
7.266995310783386230e-02
1.816958002746105194e-02
-3.777688369154930115e-02
-2.670387551188468933e-02
6.515753269195556641e-02
-1.723330700770020485e-03
-4.149404168128967285e-02
2.359181642532348633e-02
-1.745364814996719360e-02
4.575493186712265015e-02
9.004123508930206299e-02
-5.465790256857872009e-02
4.206751286983489990e-02
4.495987668633460999e-02
-5.892591550946235657e-02
-4.828979074954986572e-02
5.614445544779300690e-04
1.283192634582519531e-02
4.893153533339500427e-02
-3.334366157650947571e-02
-4.747895523905754089e-02
-3.359524533152580261e-03
-1.077612861990928650e-01
7.283612340688705444e-02
-1.238490454852581024e-02
1.341809611767530441e-02
1.860539987683296204e-02
5.492322146892547607e-02
-5.637505091726779938e-03
6.278812652453780174e-04
-3.721239045262336731e-02
4.607030749320983887e-02
1.391677465289831161e-02
-1.469714567065238953e-02
1.502587180584669113e-02
-3.508459031581878662e-02
3.002479439601302147e-03
-5.539993289858102798e-03
2.828044351190328598e-03
1.095041185617446899e-01
-8.591138757765293121e-03
-6.938780099153518677e-02
3.470128774642944336e-02
2.867505140602588654e-02
-9.311036206781864166e-03
3.748771175742149353e-02
2.099806442856788635e-02
9.756939858198165894e-02
5.472367629408836365e-02
-2.747094817459583282e-02
5.888377875089645386e-02
-5.461474880576133728e-03
2.015233784914016724e-02
-4.164637997746467590e-02
3.561087325215339661e-02
1.334562599658966064e-01
-2.570123039186000824e-02
4.981364309787750244e-02
-4.387084394693374634e-02
9.658389724791049957e-03
2.063183300197124481e-02
-1.820187717676162720e-01
4.462249949574470520e-02
-1.487361192703247070e-01
1.192572563886642456e-01
-7.518130820244550705e-03
-4.345514625310897827e-02
3.176329284906387329e-02
5.928372032940387726e-03
-5.804178863763809204e-02
8.073830604553222656e-02
-7.263931632041931152e-02
-5.152216181159019470e-02
8.639558218419551849e-03
-2.400438301265239716e-02
2.362843602895736694e-02
3.610068187117576599e-02
-1.519248704425990582e-03
-1.122565940022468567e-01
2.652555704116821289e-02
4.966487362980842590e-02
-3.694207966327667236e-01
8.402419090270996094e-02
2.958080545067787170e-02
6.734889000654220581e-02
5.968643352389335632e-02
3.732995688915252686e-02
-9.883901476860046387e-02
2.274944074451923370e-02
-4.629397392272949219e-02
-5.379115417599678040e-02
3.642187919467687607e-03
-1.463707163929939270e-02
-1.091126259416341782e-02
-4.275794699788093567e-02
-4.697059094905853271e-02
2.440440095961093903e-02
-5.166418850421905518e-02
-1.370237953960895538e-02
4.858284723013639450e-03
-6.629706919193267822e-02
6.725802272558212280e-02
8.978237397968769073e-03
-2.879719436168670654e-02
3.429201617836952209e-02
-2.463340945541858673e-02
8.388600498437881470e-02
6.049904972314834595e-02
-1.370508689433336258e-02
-2.620760817080736160e-03
2.013429254293441772e-02
7.332523912191390991e-02
-6.575259845703840256e-03
-5.086603388190269470e-02
7.041233777999877930e-02
3.667634213343262672e-03
-5.933362245559692383e-01
6.091123074293136597e-02
7.734716683626174927e-02
-1.566424407064914703e-02
2.083328086882829666e-03
-1.792355813086032867e-02
-1.628757081925868988e-02
-4.165334627032279968e-02
3.053140453994274139e-02
-4.643977805972099304e-02
8.127803914248943329e-03
-7.350088562816381454e-03
6.290737539529800415e-02
4.090441390872001648e-02
-7.927439361810684204e-02
8.208188228309154510e-03
-7.402950525283813477e-02
7.390959188342094421e-03
8.508834056556224823e-03
-1.613261736929416656e-02
2.174332551658153534e-02
1.930313557386398315e-02
-4.029931873083114624e-02
-8.915535360574722290e-02
-1.418529450893402100e-01
-1.143756285309791565e-01
2.817596308887004852e-02
-5.180797353386878967e-02
9.206131845712661743e-02
3.942222520709037781e-02
6.422230601310729980e-02
5.295502953231334686e-03
-9.806474670767784119e-03
-3.907753899693489075e-02
-5.373407155275344849e-02
-1.099595241248607635e-02
5.902663245797157288e-02
-1.944615878164768219e-02
4.888891801238059998e-02
-9.218589961528778076e-02
1.936752349138259888e-02
-3.630768135190010071e-02
-5.166680365800857544e-02
-5.836823582649230957e-02
-9.444145113229751587e-02
-1.714435778558254242e-02
-1.022136360406875610e-01
5.826859176158905029e-02
3.940248116850852966e-02
-1.032060757279396057e-02
-5.489474162459373474e-02
1.407755259424448013e-02
-5.183103680610656738e-02
5.408152937889099121e-02
3.055551648139953613e-02
7.941466756165027618e-03
-7.320709526538848877e-02
-1.047290489077568054e-01
-9.542496502399444580e-02
1.881777793169021606e-01
-1.831428613513708115e-03
-7.401994615793228149e-02
-5.421956628561019897e-02
5.021692067384719849e-02
1.055652350187301636e-01
-9.479811787605285645e-02
3.149229334667325020e-03
6.354556884616613388e-03
-6.723422557115554810e-03
-1.095872092992067337e-02
-3.081070259213447571e-02
-5.477647855877876282e-02
4.075690638273954391e-03
-1.599529087543487549e-01
3.871677070856094360e-02
8.987025916576385498e-02
-2.920638956129550934e-02
5.185008794069290161e-02
-1.963722109794616699e-01
5.134394019842147827e-02
5.151141807436943054e-02
3.114294819533824921e-02
-6.279325485229492188e-02
-4.184174165129661560e-02
2.022619172930717468e-02
3.160502761602401733e-02
1.697880402207374573e-02
3.110363706946372986e-02
8.727438002824783325e-02
6.149793043732643127e-02
-9.887285530567169189e-02
-2.530809305608272552e-02
7.598672807216644287e-02
5.968788266181945801e-02
-7.938004285097122192e-02
-3.548076748847961426e-02
-7.629565894603729248e-02
-3.515715897083282471e-02
-8.175905793905258179e-02
7.047762721776962280e-02
3.709011152386665344e-02
2.212114632129669189e-02
8.312040939927101135e-03
7.980287075042724609e-02
1.428692881017923355e-02
-1.383786648511886597e-01
-2.453042566776275635e-02
-9.384824335575103760e-02
-1.203562915325164795e-01
-3.686286136507987976e-02
5.999138206243515015e-02
4.633077234029769897e-02
6.518949288874864578e-03
-6.431166082620620728e-02
-2.547341212630271912e-02
1.675817519426345825e-01
1.089016348123550415e-01
-9.989701956510543823e-02
4.725698847323656082e-03
4.354397824499756098e-04
5.138441547751426697e-02
1.201866343617439270e-01
8.211610838770866394e-03
1.094038709998130798e-01
-2.193532884120941162e-03
-9.969814866781234741e-02
5.559568759053945541e-03
3.356108674779534340e-03
3.638027012348175049e-01
-7.416014373302459717e-02
1.789874769747257233e-02
-7.336253300309181213e-03
-6.455953419208526611e-02
-8.327933400869369507e-02
-7.541073858737945557e-02
-5.253019183874130249e-02
-1.021269336342811584e-02
4.788751527667045593e-02
-7.507149130105972290e-02
1.595707088708877563e-01
1.838716268539428711e-01
4.231265559792518616e-02
4.746318608522415161e-02
-9.759206324815750122e-02
3.571646288037300110e-03
-1.212158799171447754e-01
5.488953366875648499e-02
-9.612771123647689819e-02
1.437122970819473267e-01
-2.862368477508425713e-03
-9.052675962448120117e-02
1.045500021427869797e-02
-3.556324541568756104e-02
-2.320584841072559357e-02
-5.786291323602199554e-03
3.760555118788033724e-04
-5.260582268238067627e-02
-7.891181856393814087e-02
7.699611131101846695e-03
3.488710895180702209e-02
