-6.873598644428055571e-02
1.663152757508294666e-01
-8.200137051321679249e-02
-5.424275033477252150e-02
2.948745416135203912e-02
6.509876645251659599e-02
5.513867642952023640e-03
-3.252027556253521412e-02
-1.100972831002967715e-02
9.939586275940590632e-01
-1.050620450981868959e-01
9.059920429780424223e-02
1.001841004327344437e-01
-4.671891215926075175e-02
6.863690891268257530e-04
4.380303329500251407e-04
-3.705217221270697830e-02
1.123409402583886330e+00
-1.754140150596281422e-01
-1.146975204794460981e-02
-5.344038868153424757e-03
-7.249188569425805279e-03
-9.584132717863794171e-02
1.574608260823740988e-02
8.722435829560927500e-02
-2.055651950227224689e-02
-1.117739330562554784e-01
-1.088749751946766972e-02
1.010323492594411288e-01
1.204189168238230939e-02
-2.996862470484263491e-02
6.687716427592053578e-03
3.400749071856024042e-02
2.782900127135305712e-02
8.086318367933829909e-02
-6.481647025782130700e-02
3.323218299194198588e-02
4.595805510003560246e-02
-6.291444987875806361e-02
6.315426905880258679e-03
-6.575988353052469697e-03
-5.509010889032568692e-02
2.390816687224161033e-02
-6.213961307883367289e-04
-4.209969633882598011e-02
-2.559273183547287889e-02
-3.231795475631299430e-02
6.242150712314738226e-02
1.449321509452371898e-02
-2.159237816857056003e-03
1.753483604277360913e-02
5.399504098334598212e-02
1.809103581161183860e-02
-2.811064982244095706e-02
-3.067128936205905029e-02
-9.146260874910499758e-03
3.381534880655674702e-02
-2.675946083895118510e-02
-8.266721691792131704e-03
-3.860502289609286930e-02
2.423822821582141337e-02
5.834468804776511697e-02
-1.282630367333978220e-02
1.335004312427616746e-01
-2.851725920159810593e-02
-6.830107561261659910e-02
3.451808988189792454e-02
-2.711772047056936266e-02
-5.098807183377089547e-02
3.691816921002488705e-02
-2.089977443509276681e-02
1.078717561423054583e-01
-2.803643683818847227e-03
-3.506543804382194519e-03
7.962964230937773225e-02
-4.963748846391988212e-02
-3.349429333898053252e-02
5.201053870131737249e-03
1.159734261473233802e-02
3.167228882611581708e-04
5.962019347571395102e-03
7.951948558252863730e-02
-7.868219511491329754e-02
2.673828155567250023e-02
-4.551525123130995693e-03
-2.250432465451671360e-01
2.358311320837767622e-01
-2.033727017096140510e-01
-2.194685749107925382e-02
5.523824924608934650e-02
1.048390188010595372e-02
4.799335633050191147e-02
3.911687913758294527e-02
-8.314751247388334210e-02
9.765363650013303420e-02
-2.419536337918746713e-02
-3.938526723357095582e-02
-1.406954345855961248e-02
-8.747931208526354974e-02
-1.267449811326706692e-02
1.605041779011499165e-02
9.919390493927632280e-02
-9.595225572854716722e-02
4.003322511049449417e-03
2.374246372095377769e-02
-2.899184746991204653e-01
1.959562844920847979e-02
-1.058041224032509921e-02
7.218628770286872331e-02
4.293961941083948575e-02
7.497256130812178510e-02
-6.781824297491235998e-02
4.071215334293226684e-02
-5.018698063185684372e-02
-6.312348783814714093e-02
-5.458805995992266694e-03
-1.528323331015928217e-02
-2.991935220844712390e-02
1.814783167239048672e-02
-3.546162064746815473e-02
5.745644579546255182e-02
1.217458602467779739e-02
1.553479031416774882e-02
-6.000484124104012856e-02
-1.688727458487229161e-01
9.584505638312648679e-02
3.456781515568266988e-02
-1.478158270923160371e-02
-1.175137958404819973e-02
-3.719006107703338310e-02
2.921272909236787008e-02
1.516861280959733334e-02
-1.819006223858887772e-02
1.016065321234897387e-02
7.846209467673788407e-03
5.034906729539016801e-02
-4.343097649036128938e-02
-7.483336569386189741e-02
4.327818227079942293e-02
-2.720280058977674748e-02
-4.848717789454738969e-01
5.196054214318971548e-02
7.114054387451874961e-02
-1.407582598364187469e-02
-1.008336678664108503e-03
4.184131901718221580e-02
-5.460633630968683705e-02
3.091827465175343501e-02
-4.719138249924681970e-03
-6.316071492762653783e-02
3.080454537757155997e-02
-2.973787444575462513e-02
9.366120213902279223e-02
1.516377745275281248e-02
-7.230399454044462992e-02
-8.421858126878052284e-03
-7.299372160913829288e-02
-2.838385226028918018e-02
2.319833992628157412e-02
2.352858467336081325e-02
8.139277656758639456e-02
-5.639782169218339469e-02
-5.663161434786362185e-03
-4.537015900349786884e-02
-9.153823785673202706e-02
-5.047291815019719352e-02
-3.027580646186772348e-02
-6.447189329144234482e-02
4.228539238200552247e-02
7.899440900545418032e-02
5.504307353453267992e-02
1.340020092464708212e-02
-5.061024534130657837e-02
4.241831597867531251e-03
-5.133066957071843323e-02
-6.809057424613824960e-02
1.685012582397078795e-02
-1.552467733058162866e-02
3.903154301765759948e-02
-7.576613296655894392e-02
1.118069189398103978e-02
-5.351751558440669132e-02
-3.163052978362788925e-02
-5.609895040622652623e-02
-4.438251587540691101e-02
-5.690232077871169511e-03
-7.184146619849052229e-02
1.087482185406754703e-01
5.090911662726344683e-02
-2.435101181570931833e-02
-8.110563164287475438e-03
1.514604367167447958e-02
-2.940391386735867821e-02
1.559422833161015591e-02
5.096816873317578517e-02
1.138146714362988331e-02
-5.182209160564628381e-02
-1.354269168844685067e-01
-8.135271818658444676e-02
4.680792781189354462e-02
1.310360021222230220e-02
-2.846056268438165032e-02
2.785131918469074819e-02
5.875639833675034424e-02
1.053705527096766570e-01
-4.216107919754366606e-02
5.110202654142082662e-02
7.761507140570712143e-03
-2.966878864006060670e-02
-3.090920190989068089e-02
-2.479889223598577032e-03
4.780865945430367268e-03
-1.092209391500201417e-02
-8.876844764099083018e-02
2.034619771838710664e-02
-1.015640531983858473e-02
-3.078144608890814871e-02
8.192500588113887927e-02
-7.704761142618474223e-02
6.977803163539188225e-02
2.304277507208369030e-03
2.464713587008087251e-02
-8.472452274741376632e-02
1.402806083475735890e-02
-2.850510298840107370e-02
1.132206122179987839e-01
2.173706299225499142e-02
1.059493646016329213e-02
8.828335302679353458e-02
6.832471938041896620e-02
-1.247195989747988953e-01
-6.606001476031363173e-02
3.431061467316029456e-02
5.314440409024039080e-02
-1.017948875174111006e-01
-5.085757260210928971e-02
-6.338590003677851969e-02
-2.069441027705177030e-02
-6.669841177460247850e-02
5.857134420581883161e-02
8.540902281637348381e-03
3.562470838843589255e-02
3.826476355376314670e-02
5.176950829399531995e-02
3.904806843713808095e-02
-7.101261993366173031e-02
-1.311864312008234092e-02
-7.538677811159931463e-02
-1.191418782572461477e-01
-4.391716770464896419e-02
6.551223435837141840e-02
6.444116556347423419e-02
7.788082498684385443e-03
-3.577843490911989527e-02
4.213187983207086762e-02
1.133573777358911350e-01
5.166275599460451451e-02
-8.766928754342995234e-02
3.184461898106395739e-02
2.338248086062214362e-02
-1.563544444720229090e-02
8.154773724098535181e-02
2.863061211651550877e-02
1.075427761151910855e-01
-1.051678555441899754e-02
-4.993250063457610466e-02
3.531979242881009423e-02
-1.352371171879890831e-02
2.511054187419791695e-01
-1.183184729629006560e-01
3.320751522126776101e-02
1.195446361629151286e-02
-1.763496862210662749e-02
-1.296361080469141287e-02
-5.392821715414501671e-02
-1.794935469784395693e-02
-1.724463439307135845e-02
2.876830038326440644e-02
-1.023170831311819157e-01
1.621942908202391453e-01
1.674188910250641593e-01
4.407553280550621094e-02
5.350210204864154495e-02
-9.871729273692797513e-02
2.923125809955704445e-03
-6.171006966520791587e-02
9.749548154911888420e-02
-8.410012553358191256e-02
1.400043167070317285e-01
3.007876805851989951e-02
-1.484639196561844676e-02
-4.032325386418946639e-02
-6.448391386246792034e-02
-4.131004493018929080e-02
8.385228889821631304e-04
2.464905778591872099e-02
-4.782872494341390557e-02
-7.134152354265134444e-02
-2.740497620156191402e-02
2.878353051553012021e-02
