-7.270280276083157522e-02
1.537028510317947905e-01
-7.913342841703342734e-02
-9.048901514960772108e-02
3.428130928634193914e-02
3.246671742658092941e-02
-6.647968544838571588e-03
-8.649362663956043640e-03
-4.835463583000564058e-02
1.726578944386814696e+00
-2.007253587551489082e-01
7.542017375343679220e-02
5.165383027535928873e-02
-4.531001465517458388e-02
-3.839130936974408798e-02
-2.950258965652790069e-02
-2.072534901834091961e-02
1.080853981398487207e+00
-1.592553788881139742e-01
-5.900577925779007527e-02
-3.762450131806874265e-02
-5.211542873742358410e-03
-8.204856971601724724e-02
3.887633810173669944e-04
4.065043323091128979e-02
-4.064454381441636420e-03
-1.561121356506123270e-02
4.317551455981287478e-02
-3.112404479946660578e-03
-2.018167830103755229e-03
-2.433907678458577251e-02
2.930255480465641937e-02
1.537167210655899716e-02
-1.776115731975063533e-02
5.459781809738602221e-02
-5.713361729143796863e-02
-1.640193211906617113e-02
-2.319466099690043175e-03
-3.308807576204390172e-02
-3.938305243855307058e-02
-1.458655344653890518e-02
4.643781732158863002e-02
3.846482472880137504e-02
-2.264316333666522435e-02
-9.514200209937382149e-03
9.644490410729246108e-04
-8.525134025686603723e-02
4.166243426966150659e-02
5.524575103402934104e-03
8.084783934133071143e-03
-2.902054389770049401e-03
1.840006649748094150e-02
-2.620367551322223126e-02
-2.819572069846313506e-02
5.711915468927819539e-02
-1.184337253641054750e-02
-1.210901282024853289e-02
-3.021545677549650893e-02
-9.790779035318766463e-03
-1.476459565219854358e-02
1.706334660070133249e-02
-4.118831749354656332e-03
-3.181225640276756639e-02
2.036620390536090230e-01
9.919381737871123261e-03
-8.014241252058301734e-02
-2.652820627382469071e-02
3.772887694909258377e-02
9.866715649306122184e-05
6.678886229549162168e-02
-4.754911474613801071e-03
9.777462598068342725e-02
1.181196469193447618e-01
6.076056474155089142e-03
7.738350764907898915e-02
-3.168057037768743592e-03
2.935638509181790270e-02
1.110565073979283453e-02
4.176333317177444854e-02
7.001435205496611691e-02
4.945845730388062460e-03
1.045541096647044643e-01
-5.423705952647719236e-02
-1.882633214876048774e-02
1.540348515960968979e-02
-1.840938678645523963e-01
-8.342709518797901402e-02
-7.747804320294482405e-03
9.331345660696122035e-02
8.657463147263654013e-02
-5.637909335407581546e-02
-9.786357516390883915e-03
-8.139044509526099924e-03
2.005013918865362638e-03
7.182124790235716594e-02
-3.686974625445650633e-02
3.164486567493113908e-03
2.309761655529594254e-02
-5.570025588724784177e-02
-3.432540030673109088e-02
-6.083714989979152957e-03
3.017911340206510043e-02
-1.176607875492230032e-01
-2.520548703405341411e-03
2.902546393627949625e-02
-7.206971255526573028e-01
7.574702438230477078e-03
1.592687301172414013e-03
6.161958110245686904e-02
7.705853676508540515e-03
6.443566759174866598e-02
-1.039777889837400354e-01
2.835881469095882790e-02
-6.038625209134833305e-02
-3.916669859815143095e-02
-5.134623565955052232e-02
3.183941373715291900e-02
2.929019200906660125e-02
2.026299201959415406e-03
-1.267614992095678940e-02
2.851060808509914973e-02
2.803378971358756397e-02
-1.551169773226398173e-02
-6.956058237992607252e-02
-5.610534152237569433e-02
2.102678436546382909e-02
4.504268518267903754e-02
-6.443550531161562622e-02
3.171091983605339726e-02
-1.180894210151710137e-02
3.492383534400712863e-02
-9.445380678555591455e-04
-3.598239356941073525e-02
1.931099037185085923e-02
1.194947669673025736e-02
6.711320127048231443e-02
2.697627155630935580e-02
-4.062219648776222575e-02
6.221728833792412178e-02
2.868257339153439806e-02
-5.759972222362099714e-01
4.422371144460082726e-02
9.459858740356823226e-02
-1.113604998865416057e-02
1.507101250764781956e-02
-2.191696711767823422e-02
-4.471572022008097474e-02
-6.694943111076561218e-03
4.634428495399978143e-02
-1.495975595310407129e-02
-3.102513137019351913e-02
7.160731351121176445e-03
9.321958000878712014e-02
-5.232906684438668778e-03
-1.198930048725740938e-01
2.453981730915699017e-02
-5.937538947231929543e-02
2.578412481714471155e-02
-1.581433665704027464e-02
-3.088293217422174650e-02
4.111906383207401122e-02
1.549696958079560018e-02
-2.369758833625608060e-02
-5.774126295565901179e-02
-1.538212565179569447e-01
-8.254807780067577316e-02
7.534483151348786434e-02
-9.888353038796793282e-02
1.375853357455963655e-01
1.595099374058971814e-02
5.935626992209924041e-02
4.791276669805524802e-02
1.804654783341663044e-02
-1.445698751304535547e-02
-6.710633632909671076e-02
3.890083456443304416e-02
3.990059082950837138e-02
1.486838117364768994e-02
8.062943487015701571e-02
-5.655647045706897746e-02
3.275130268655645355e-02
7.698618687243813895e-03
-7.841632234428660975e-02
-6.249679865555728825e-02
-5.733086633435891671e-02
-3.822178810046403252e-02
-5.547352595349118454e-02
-1.179545318015557537e-02
5.999827963388657676e-02
-3.080654740735751934e-02
-6.006158609730167554e-03
2.661913970049499881e-02
-4.980024692545043791e-02
3.887876200754962486e-02
-2.212497582517775757e-02
6.754195029955535612e-02
-2.953632671267108351e-02
-3.994242468077432301e-02
-9.107373505685194270e-02
1.280920168088384992e-01
5.270214518206218016e-03
-7.293646156451109863e-02
-5.228858163937789849e-02
7.098056796708981930e-02
1.207203778369321107e-01
-9.957843973494166431e-03
2.897687087159341382e-02
2.578242579332757495e-02
9.630867331644098889e-03
-3.108037546154436906e-02
-4.428675973507699426e-02
-4.517824318714561832e-02
-1.400587333109144100e-02
-1.379142136467323976e-01
1.151421033769295865e-03
4.925264491045441145e-02
-6.307907452564631701e-02
6.107951281969776353e-02
-9.750521145435731007e-02
8.353988848620685567e-03
1.277214722541493430e-02
-2.425304710701141255e-03
-6.002354861763291478e-03
-1.429477376733191175e-02
3.727058064185667652e-02
3.744622675676407414e-02
3.734455825341413682e-02
3.241536559963315717e-02
1.066996915261209274e-02
7.230900788889951802e-02
-8.981953583711842215e-02
-2.412417117143202464e-02
5.918416446464000447e-02
5.880733032540057942e-02
-2.904031502724260458e-02
-3.122553749933907816e-02
-2.435700136291707452e-02
-5.926163109905784043e-02
-2.674525595176648757e-02
3.662087000011959859e-02
-2.119100448373122808e-02
6.005811305657561550e-03
-9.769538164117182871e-03
4.442462900204445508e-02
7.488515090754131742e-02
-7.805101009449307015e-02
-6.542350118462529618e-02
-8.694440396729880005e-02
-1.048400669294411447e-01
5.039472377201934970e-04
5.498469885213459057e-02
2.624810830540672685e-02
-1.436696015045118950e-02
-4.296686164936098368e-02
4.241584683399132055e-02
2.186988571701932726e-01
1.255353277358424169e-01
-3.425782046647925932e-02
-1.772457667309440196e-02
4.188939041208846609e-02
5.856530671849979192e-02
9.965448887698528935e-02
-5.329605973411708289e-03
8.281926265572597812e-02
2.839135185763346989e-02
-1.141272015808012658e-01
-1.553783589823804281e-02
-2.307414986454231487e-02
2.961174566686473608e-01
-4.430702016380812236e-02
2.383971868611080291e-02
-2.363500967464977551e-02
-4.633188773535143468e-02
-1.512575844816603510e-01
-8.100980966684459550e-02
-1.987952037703438410e-02
6.706244938826880914e-04
1.011901801990069821e-01
-4.589397725513127968e-02
1.667556420769842895e-01
1.593591988326216458e-01
3.106419908282809575e-02
-8.660014756476727346e-03
-8.914386037409484376e-02
-1.671916642065654143e-02
-5.626753313898008590e-02
8.474852755858922060e-02
-9.415047786286545595e-02
8.951120358434129509e-02
-4.214012797037555713e-02
-1.868667534153968524e-01
5.387016873357135249e-02
-1.541824619739291151e-03
-6.100642283129223409e-02
-4.312408651037837742e-02
1.506313331543072086e-02
-6.166275745300524996e-02
-7.856510372080609261e-02
-1.925695477573318229e-02
1.248039705168667475e-02
