-7.179225236177444458e-02
1.586495339870452881e-01
-6.719400733709335327e-02
-3.912201151251792908e-02
-1.373480446636676788e-02
2.447644248604774475e-02
-3.432998433709144592e-02
5.566545296460390091e-04
1.474390644580125809e-02
1.269247055053710938e+00
-9.276489168405532837e-02
8.912943303585052490e-02
7.166010141372680664e-02
-2.099261619150638580e-02
2.776033803820610046e-02
-2.206839062273502350e-02
-1.116888411343097687e-02
1.111958861351013184e+00
-1.828664243221282959e-01
-6.706462055444717407e-02
-5.647613853216171265e-02
-4.433730244636535645e-02
-1.084972918033599854e-01
1.910486258566379547e-02
3.019477240741252899e-02
-7.908975239843130112e-04
-5.756733193993568420e-02
-1.286876294761896133e-02
4.067341238260269165e-02
-1.272904966026544571e-02
-3.042164258658885956e-03
2.963273972272872925e-02
2.519852109253406525e-02
1.313391048461198807e-02
7.068023830652236938e-02
-5.994735285639762878e-02
-3.802322596311569214e-02
2.309845760464668274e-02
-2.444908895995467901e-04
5.857672076672315598e-03
4.076517652720212936e-03
1.978366635739803314e-02
-7.712694932706654072e-04
-2.258778549730777740e-02
9.612658061087131500e-03
-4.000772535800933838e-02
-6.828109920024871826e-02
3.910207375884056091e-02
1.164351403713226318e-02
-1.025223266333341599e-02
2.943533472716808319e-02
1.644919812679290771e-02
7.269117981195449829e-03
-4.694704711437225342e-02
-1.095627807080745697e-02
-1.213376037776470184e-02
2.072564512491226196e-02
-4.543526843190193176e-02
-3.654681146144866943e-02
-3.447905182838439941e-02
4.533512890338897705e-02
2.776179835200309753e-02
-2.063128538429737091e-02
1.717891544103622437e-01
-4.768820479512214661e-02
-8.051976561546325684e-02
1.624208688735961914e-02
3.038551891222596169e-03
-5.246450006961822510e-02
4.289090260863304138e-02
-1.181600266136229038e-03
1.003844514489173889e-01
7.186917215585708618e-02
1.796522177755832672e-02
7.985528558492660522e-02
-6.463797390460968018e-02
1.266959123313426971e-02
-9.701477363705635071e-03
1.069909427314996719e-02
3.473697928711771965e-03
2.260259725153446198e-02
7.528583705425262451e-02
-8.852693438529968262e-02
-4.686591401696205139e-02
3.091960400342941284e-02
-2.573483288288116455e-01
9.796434640884399414e-02
-5.992688238620758057e-02
-1.900728233158588409e-02
6.920226663351058960e-02
2.827391494065523148e-03
5.032319203019142151e-02
1.942719891667366028e-02
-3.628718852996826172e-02
5.526117235422134399e-02
-6.039930507540702820e-02
-1.871791481971740723e-02
-8.673364296555519104e-03
-5.796857550740242004e-02
-2.289837971329689026e-02
5.399724468588829041e-02
7.840549945831298828e-02
-8.750612288713455200e-02
-5.790477618575096130e-03
6.125663965940475464e-02
-6.048024296760559082e-01
3.232892975211143494e-02
1.284268405288457870e-02
8.638571202754974365e-02
6.598548498004674911e-04
4.924330860376358032e-02
-8.798556029796600342e-02
4.622753709554672241e-02
-3.251579031348228455e-02
-3.709776699542999268e-02
-3.983647003769874573e-02
-8.225302211940288544e-03
3.421972692012786865e-02
3.086107969284057617e-02
1.763153634965419769e-02
3.278705105185508728e-02
-3.014551941305398941e-03
6.285796407610177994e-03
-6.518959254026412964e-02
-7.903962582349777222e-02
3.710887208580970764e-02
-1.135244965553283691e-02
-5.692157521843910217e-02
-1.039462070912122726e-02
-2.915398031473159790e-02
1.178116351366043091e-02
-2.485200017690658569e-02
-3.266228735446929932e-02
5.945149064064025879e-02
4.688952118158340454e-02
2.813158556818962097e-02
-1.005277410149574280e-02
-1.025962643325328827e-02
5.323232710361480713e-02
-2.090992778539657593e-02
-4.967701435089111328e-01
5.633449926972389221e-02
5.893114209175109863e-02
-4.011064767837524414e-03
2.849561395123600960e-03
1.517342962324619293e-02
-9.042581915855407715e-02
2.061109803617000580e-02
5.387556925415992737e-02
-4.277186840772628784e-02
4.134772717952728271e-02
-1.494268421083688736e-02
7.878047227859497070e-02
-2.894063666462898254e-02
-1.454921811819076538e-01
-3.844279795885086060e-02
-6.255692988634109497e-02
3.399762511253356934e-02
-3.937926515936851501e-02
-3.401098772883415222e-02
3.294652700424194336e-02
-3.624172136187553406e-02
-2.272267825901508331e-02
-4.164223372936248779e-02
-1.021730527281761169e-01
-8.736214786767959595e-02
3.417504252865910530e-03
-3.876924887299537659e-02
6.617820262908935547e-02
2.445193193852901459e-02
9.166739881038665771e-02
-9.035774506628513336e-03
-9.236139245331287384e-03
-1.072690635919570923e-02
-1.028425097465515137e-01
-3.547467663884162903e-02
1.067676208913326263e-02
-1.450958475470542908e-02
7.279805094003677368e-02
-8.471069484949111938e-02
-6.043342407792806625e-03
-4.110636562108993530e-02
-6.743450462818145752e-02
-5.931346118450164795e-02
-3.402735665440559387e-02
-6.321123242378234863e-02
-4.532248154282569885e-02
4.903557151556015015e-02
4.965364933013916016e-02
-4.563033115118741989e-03
-3.490696102380752563e-02
6.901941727846860886e-03
-4.103058204054832458e-02
5.539169162511825562e-02
5.579429492354393005e-02
7.152794301509857178e-02
-5.714488029479980469e-02
-3.319887444376945496e-02
-6.109160929918289185e-02
2.493813820183277130e-02
8.637209422886371613e-03
-3.622936084866523743e-02
-2.600970491766929626e-02
3.439395874738693237e-02
1.457544118165969849e-01
1.731243915855884552e-02
6.624297797679901123e-02
2.786421030759811401e-02
3.020891919732093811e-03
-8.381118997931480408e-03
-1.185240782797336578e-02
-2.970322966575622559e-02
-4.269597120583057404e-03
-1.344041377305984497e-01
-9.757696650922298431e-03
5.619816016405820847e-03
-5.388225987553596497e-02
6.151484325528144836e-02
-4.680158197879791260e-02
6.537362933158874512e-02
-1.463606767356395721e-02
4.651585593819618225e-03
-9.866233170032501221e-02
-1.355830021202564240e-02
-2.484873682260513306e-02
7.906837761402130127e-02
3.494295850396156311e-02
3.822014853358268738e-02
6.459955126047134399e-02
8.228682726621627808e-02
-7.235749065876007080e-02
-1.570504158735275269e-02
4.888394847512245178e-02
6.736332178115844727e-02
-5.962959304451942444e-02
-5.066255852580070496e-02
-4.095895960927009583e-02
-2.158658578991889954e-02
-3.415253758430480957e-02
1.974083296954631805e-02
-1.167181320488452911e-02
2.041063457727432251e-02
1.429480873048305511e-02
4.015297070145606995e-02
6.579952687025070190e-02
-8.948682993650436401e-02
-3.686727583408355713e-02
-1.077537834644317627e-01
-1.153499856591224670e-01
-5.017129704356193542e-02
2.746998518705368042e-02
3.585892915725708008e-02
1.487709395587444305e-02
-4.636190831661224365e-02
5.504126101732254028e-02
1.540794819593429565e-01
1.126703470945358276e-01
-8.028970658779144287e-02
4.368592053651809692e-02
4.076993465423583984e-02
3.027709946036338806e-02
7.478288561105728149e-02
-2.749677188694477081e-02
9.326084703207015991e-02
1.756469346582889557e-02
1.106010098010301590e-02
2.305239439010620117e-02
4.624100401997566223e-03
2.687774300575256348e-01
-9.930907934904098511e-02
1.386166065931320190e-01
5.745461676269769669e-04
-4.937324300408363342e-02
-7.827649265527725220e-02
-3.671400621533393860e-02
-1.539741456508636475e-02
-2.972305193543434143e-02
5.318866297602653503e-02
-6.436211615800857544e-02
1.671734601259231567e-01
1.592793166637420654e-01
7.447453588247299194e-02
1.355943828821182251e-02
-1.098070442676544189e-01
-1.455755997449159622e-02
-2.376184053719043732e-02
6.810845434665679932e-02
-1.064112782478332520e-01
1.375632435083389282e-01
3.921426832675933838e-02
-8.392915129661560059e-02
-9.714365936815738678e-03
9.758637286722660065e-03
-4.537980630993843079e-02
-3.992733359336853027e-02
2.499129623174667358e-02
-5.901145935058593750e-02
-8.017301559448242188e-02
-1.482989359647035599e-02
3.233024105429649353e-02
