-1.241358860687929479e-02
1.180697007757184475e-01
-6.825490599619950249e-02
-5.135656163772907290e-02
4.441499086480893421e-02
3.584560408586266039e-02
3.235839182811198200e-02
-3.082894893647828913e-02
1.202412660496277562e-02
1.388712548157017945e+00
-1.488083476774000324e-01
3.492650004636740219e-02
6.833969427614795811e-02
-3.063133840310677813e-02
-4.010303120769991708e-02
-3.581702102476832378e-02
-8.651552657096001075e-02
1.280663004997917520e+00
-1.650721297766555573e-01
-4.807449207361515903e-02
-1.755849893070270118e-02
-2.448804188847094818e-02
-9.114983624986984501e-02
-1.898613436824825654e-02
5.941352256384058866e-02
1.949226605003449159e-02
-1.282433283820543467e-02
-4.043112885500182302e-02
2.880872085361568108e-02
1.174524347765253975e-02
-6.973308545755674270e-02
2.199279708894080754e-02
1.511814764071285448e-02
3.827316112589806280e-02
5.662881961617555193e-02
-6.755965938671386339e-02
1.157662019487322967e-02
7.051105618427218336e-02
-5.171154678389212889e-02
-5.865884738780716146e-02
1.435313385657994122e-02
2.344982905072105425e-02
2.028500748792820552e-02
-3.995653158026603313e-02
-5.741032382340691131e-02
2.275977081082751832e-03
-7.310406145876717499e-02
3.261638420514889614e-02
-1.836023803355047238e-02
1.655528407353056008e-02
-1.094279005248464248e-02
2.310780847335745444e-02
-5.320587857273011145e-02
-1.470522104030547129e-03
-3.580914060059610382e-02
7.776802949536000369e-03
-5.425266582039384340e-03
-9.304423969718427336e-04
2.452286065295059339e-02
-4.898913986034465068e-02
-2.301339336555731970e-03
3.919484791086396552e-02
-1.319040269069202999e-02
1.336859052055133223e-01
4.224137159647022022e-02
-9.748133635928064519e-03
2.154061199475804447e-03
2.944350935726650423e-02
-1.342690947253423125e-02
5.832875929788369773e-02
4.226204627059688967e-02
2.475010158120965337e-02
7.397852925050760198e-02
-2.061111215053623366e-02
8.218496911280455397e-02
8.415971443783188538e-03
1.499759367434792823e-02
-5.676628471860683395e-02
-7.685629619453807938e-03
1.279746720116617942e-01
-3.139621745740706765e-02
7.577506259598865146e-02
-8.516907729689451867e-02
3.612066139434089856e-03
1.441575018180901203e-02
-1.249983222322730153e-01
-6.839815685521657973e-02
-6.954330959105581300e-02
1.368689559688671398e-01
5.353635305764525149e-02
-8.816206748164827356e-02
4.059213354705721449e-02
-1.432528291231192734e-02
-2.478273670557189570e-02
1.053672196317940457e-01
-6.432385045456320838e-02
8.474857913410103333e-03
1.219449009512027938e-03
1.235933824163434544e-02
4.489266023393573106e-03
7.769516734767088935e-03
1.535027188988637463e-03
-6.600875123646397780e-02
-3.487973290649566595e-03
6.784033467500520664e-02
-5.041042469283631977e-01
6.614151350511505989e-02
5.102524826895044052e-02
3.918578033892128332e-02
2.528212935365472744e-02
-1.230176411683933831e-02
-1.079694475446428548e-01
8.173070587450541324e-02
-8.579621162080904029e-02
-1.489349454206905995e-02
-1.517336780654545032e-02
-4.268309415652820835e-03
3.829327654411573273e-02
-4.988803696701894774e-02
2.963304372689764751e-02
2.533330635347251156e-02
-5.439377371245054243e-02
-2.483169701833220361e-02
-1.905284986452279760e-04
-7.511572021586057635e-02
3.863419894623984496e-02
1.916918645347966826e-02
-3.271369981745887029e-02
5.852236860943357127e-02
-3.933079539612401032e-02
-3.499552112279063609e-03
5.762008546243752721e-02
-8.657621092123073125e-02
-1.182894629272308352e-02
1.279241712030794453e-02
4.616435351643845969e-02
-4.153551056403906837e-03
-8.020660768991111009e-03
5.425319711350739399e-02
-5.802239382679092242e-03
-6.333503211552478085e-01
2.087051664874336326e-02
3.734477852245809276e-02
-2.187419924722120920e-02
1.167952074005622690e-02
-4.891855159634006522e-02
-2.783475635152020053e-02
7.915434227641151427e-03
1.110342995716303086e-02
-5.861208342552582523e-02
7.672560825689491749e-03
2.300410463332335648e-02
1.322250397986841387e-02
4.909072615414150631e-02
-2.406072461669616844e-02
-5.661160088935924747e-03
-6.872959224346626705e-02
2.950754415884657492e-02
1.629330064296126770e-02
-4.410931175324083603e-02
1.230422992698354881e-02
2.687814657710979951e-02
-3.446869315926306965e-02
-8.772854246928363242e-02
-1.054748611418419441e-01
-1.019866905228290349e-01
6.586572916395512511e-02
-5.774460633264785758e-02
1.178259160408423600e-01
1.844308162817901234e-02
3.218717817364509515e-02
2.231707400155534191e-02
8.185037519970520675e-03
-4.723666571220325183e-02
-2.834416222244637643e-02
3.384437036732741710e-02
1.593017196814152867e-02
-6.382762904169161575e-03
-1.053202040043536500e-02
-4.599192475140566339e-02
5.983067154636089423e-03
-6.067304313306955132e-02
-5.540850288616722130e-02
-8.460720305341525027e-02
-9.398472478915034789e-02
9.503616148707570016e-03
-7.128255479487713431e-02
4.734251760334235587e-02
-2.186750597081945149e-02
-1.673682998091615554e-02
-7.902169058790607659e-02
2.449701667477418264e-03
-6.522470495691899683e-02
1.026469887221470173e-01
5.781561149651186921e-02
7.603965165067939902e-02
-5.505754946669356303e-02
-1.203609112251405600e-01
-9.219280784699084019e-02
1.836688529844335560e-01
1.351304632184506353e-03
-6.395020141347355913e-02
-2.633136970110110456e-02
8.553210047571324637e-02
1.093988446383017538e-01
-2.472897950235579054e-02
-1.504788921059096573e-03
2.251743505717019103e-02
-4.470259075808256932e-02
-1.542580448454094685e-02
-5.828189873685443723e-02
-8.738847420345689787e-02
-4.815364712131663810e-02
-1.384101228980112452e-01
2.808145938541232664e-02
9.325441791831529104e-02
-5.438359017076218466e-02
4.251846510487166525e-02
-1.843116108847875911e-01
2.766928778048209289e-03
4.429038864828457184e-02
2.203237715486386014e-02
-3.752274900513458133e-02
4.671168202213921150e-02
-2.926069813338680586e-03
2.855738362189582519e-02
5.360097762000208543e-02
5.743809342136089319e-02
6.299229772425551932e-02
5.576503361229696171e-02
-1.075932513470949647e-01
-4.080347635506689774e-02
5.038109731296855354e-02
4.350330205025249725e-02
-6.421315337359433106e-02
-2.161988016467747756e-02
-3.396976316834131315e-02
-5.094328168927009237e-02
-5.796994070667169791e-02
4.866283437402384171e-02
2.298320117268846247e-02
4.398746005895980832e-02
5.888508673957465467e-02
4.578302233281705824e-02
7.867817018787744143e-02
-1.544689732956320283e-01
-5.933989398134891652e-02
-6.579446470871512520e-02
-1.275277350257705000e-01
-3.113766264687076960e-03
3.844660417778399814e-02
2.030485090440831836e-02
-2.034330737436875272e-02
-6.203096223741409732e-02
9.754837080619077963e-03
1.419367296504060738e-01
7.431348286683933657e-02
-6.466429494709236003e-02
-1.413321028347563554e-02
-2.682504014440597814e-02
8.712980309311224580e-02
1.055088842376874225e-01
3.913958580083819194e-02
5.852091454407017806e-02
5.470720741561133776e-03
-1.186666098598240376e-01
3.686625628807007476e-02
6.518750427068148445e-03
4.382515179222198909e-01
-9.742733130401395880e-02
3.803002461946194176e-03
3.326473530011095706e-03
-4.550280970168679717e-02
-1.194307262924302337e-01
-4.809837738507392879e-02
-3.844263091875781135e-02
5.471251399156601414e-02
7.959011320966524750e-02
-2.706145286957257340e-02
1.096599052966212018e-01
1.881804619169096249e-01
2.854903799849021345e-02
5.111419537920397493e-02
-7.653099355574499718e-02
-3.529514120499922109e-02
-1.542714949500208210e-01
7.108207680393585637e-02
-6.010518485136401301e-02
1.282280861164618868e-01
-1.085596150529727216e-01
-1.318797628266867861e-01
4.454373665920449699e-02
-5.459567399285128637e-03
9.694150823794121796e-03
-3.423112379119377241e-02
-5.532879366670137578e-02
-2.544406952832153207e-02
-4.149643001532564435e-02
-3.132097465899625482e-02
8.730768714533007624e-02
