-4.855548657714964939e-02
1.343578282170452276e-01
-2.360251354581242508e-02
-2.613259267296508259e-02
7.373020792581085059e-02
-1.126772895485293399e-02
-3.763661824084767182e-03
-8.020891179975097804e-03
-3.167558058435903517e-02
1.817198891037263841e+00
-2.092381606096285762e-01
2.286132099825454941e-02
1.079840943972554257e-01
-5.981210019692740493e-02
-4.267013569205782564e-02
-3.367159095878442809e-02
-7.033266795490794587e-02
9.351229879360803965e-01
-1.360710831289451417e-01
-1.819493930834185924e-02
1.500495202274962879e-02
-3.672070287519654808e-02
-1.087155262424106816e-02
-1.524639807672504253e-02
4.486709824669718460e-02
-3.111740258444297205e-03
-4.872869220664963891e-02
3.089696527602752221e-02
8.636021151827832226e-03
2.998832176224166049e-02
-5.721010063640514197e-03
6.785369934808940795e-02
-3.046264708133177013e-02
6.009391154935975199e-02
9.749913832504494837e-02
-6.678283604617919755e-02
2.453518962080188971e-03
-1.405701222232436445e-02
-3.865738860411949140e-02
-1.905685671967750558e-02
3.863062473609000548e-03
5.015446743197822521e-02
3.017342795456939147e-02
-3.332545889187425031e-02
5.982641981227006245e-03
-2.056842106175752610e-02
-5.944715939975699082e-02
3.022896513895889994e-02
-2.614413965370541212e-03
2.118322592176884872e-02
-5.445523238597677930e-03
5.317175512373323309e-02
-5.866750814182911111e-02
-1.894619195508287154e-02
-9.034205093980172616e-03
1.910940728342217301e-02
2.832181499427274297e-03
-4.326949131083683564e-02
3.002723048617746485e-02
-5.983282653601495332e-02
-2.318152677340464332e-02
4.200009671801763732e-03
1.922710511717368870e-02
9.412341207294777634e-02
6.163850045840402019e-03
-4.455310174036005745e-03
6.774672744991940346e-03
2.682911632294495904e-02
-2.711988202694162395e-02
5.535464051931844598e-02
1.497731843462461569e-02
3.986375190908612171e-02
5.135017735457089727e-02
2.015817951122693061e-02
7.146710623452981470e-02
-2.073420054902683565e-02
-2.017973791621369140e-02
-2.716615260545584762e-02
3.890129871196639551e-03
1.433973480630769681e-01
-2.792497833763269571e-02
5.505996061569438244e-02
-6.286662329686946993e-02
1.394776178607937643e-02
5.976615013827943357e-03
-1.789691534472640788e-01
-1.101694778273283326e-01
-1.459195253193722452e-01
1.154739658960102916e-01
3.891179872236997378e-02
-3.687526875912223306e-02
-1.283789149196491036e-02
8.276651338922974208e-03
-9.603382251999838248e-03
1.104794545186093546e-01
-6.062819704331462445e-02
-3.640927511976459197e-02
-2.741698098308060702e-02
-4.102806741589676461e-03
-5.434886571013301804e-02
1.167273749048983525e-02
5.915594000861439800e-02
-7.980320895746970122e-02
-3.089680180171178354e-03
3.207437342241774986e-02
-5.775410477027016487e-01
1.800124428567263790e-02
4.242274211185363686e-02
4.700583088271251958e-02
2.425315234319161753e-02
1.736842235191886699e-02
-4.213522936306116073e-02
-2.730764284011004059e-03
-1.064111775934417775e-01
-6.338724307274463954e-02
-2.126326037524827600e-02
3.898559360000037471e-02
-2.119000367710676541e-02
-3.262232463445232516e-02
-4.642511868308794171e-02
3.658081294388603605e-02
3.700528043346600071e-02
-3.828584638345734759e-02
1.590692890699647172e-02
-7.606560567402965989e-02
8.621475978665257833e-02
7.111785162451003672e-02
-1.829087301661939252e-02
3.441617422080132938e-02
-2.277232484605054216e-02
3.148154942910801751e-02
-2.269506394556847564e-02
-4.293565471661826838e-02
-3.194014447808594948e-02
2.127747896713738651e-02
5.366827988754260120e-02
-1.646802051515231305e-02
9.929995669289858398e-03
3.356213296526215639e-02
-1.563327106566033547e-02
-6.629034119977128547e-01
1.446818043344248739e-02
1.147321892492119133e-01
-9.308939294294089548e-03
2.093572213416079048e-02
2.616264990558017298e-02
2.313078912145361508e-03
1.596108298846742740e-02
1.726814096155871803e-03
-2.119315744564747098e-02
-3.742730866584033367e-02
-1.061842550385061652e-02
8.101949460236462786e-02
2.121722857944243271e-02
-3.803682173367590319e-02
5.624374609718846979e-02
-6.715588810827433086e-02
1.943430605718700355e-02
-3.276270682550012220e-02
3.688011421131232037e-02
1.653837324820188470e-02
2.063812908149446554e-02
-2.308922256229451603e-02
-3.272205131421300484e-02
-1.634499525549779064e-01
-1.368635919173243343e-01
6.161928855272463118e-02
-8.495712432382614143e-02
1.302033029776100970e-01
1.331888160380397153e-02
2.781584361916177028e-02
1.529599600044106479e-02
-6.560720223899124855e-03
2.069280389294869942e-03
-1.341562349970987569e-02
1.638465596128598975e-02
2.686174322486025237e-02
2.309741280919201320e-02
5.544303420438130570e-02
-7.825588231283432672e-02
-1.160271446125683663e-02
-1.260985216867011038e-02
-7.199781366143909178e-02
-6.829216317796067692e-02
-5.454261032613397925e-02
-8.772460673002231354e-03
-5.825709944340264762e-02
5.201749053215540784e-03
1.389721791548014992e-02
-2.899455956007790727e-02
-3.855087682186063291e-02
-5.593644285384629170e-03
-8.517305736380598180e-03
5.206752469351173807e-02
-2.648163605212745450e-02
6.028716757920356273e-02
-1.454640748549846860e-02
-7.249744260045742905e-02
-5.755500848273734787e-02
1.546558866388422770e-01
2.526661228200681800e-02
-4.603154324720737205e-03
-2.474334201806860714e-02
2.818838872719911515e-02
1.762345257049512115e-01
-2.425908333830981145e-02
4.887923919391425065e-02
-6.095986622525711822e-03
-2.500525542373248020e-02
-2.245328175901126211e-02
-4.395215637978024115e-02
-4.028856838877833274e-02
1.024501067571774102e-02
-1.262062567711428884e-01
4.596865798416493315e-02
9.405856603651151226e-02
-9.413768760532889579e-02
3.663277573481006633e-02
-1.246032974290346568e-01
1.920004368915375834e-02
1.883205382047631327e-02
2.017012966738641541e-02
-3.335483651216548939e-02
-2.891978751013320192e-02
-3.434876632142262482e-03
2.677452508543865656e-02
3.471975153549771570e-02
7.603965550399872930e-02
8.986433674304264430e-02
6.947618744216314812e-02
-1.029094181542804937e-01
4.171641551329965253e-02
3.214279017873936106e-02
2.355584243226476534e-04
-5.348208447870663601e-02
-4.112648262755140560e-02
-7.028938583382862704e-02
-4.118735752386827598e-02
-1.945343438891846202e-02
4.137721181851267832e-02
2.312424831203401324e-02
2.310303706036944196e-02
3.488499651685826597e-02
4.307897944534935103e-02
7.675670160936901021e-02
-1.131038822042139125e-01
-2.896524439064886505e-02
-6.503258818238073780e-02
-9.538860776367959204e-02
-5.995045824532414802e-02
7.186923835692575480e-02
4.506618057462551813e-02
1.710129062568181701e-02
-6.253962323527088862e-02
3.209044900906204284e-02
1.842539070434933146e-01
4.891014869711925173e-02
-5.419657377230715362e-02
-5.351366992065537120e-02
4.443723794148791983e-02
4.929005198615489525e-02
1.060802835369064889e-01
-2.529796261482729694e-02
1.646715208080982984e-01
1.009465379622480515e-02
-1.562352469022021129e-01
-5.673614451211799262e-03
-2.335345950738994952e-02
2.659780457447128432e-01
-4.587680746020072337e-02
3.419677332117975616e-02
-7.192238955102150250e-03
-6.079760419096127966e-02
-8.219175606299419790e-02
-1.733980148913419686e-02
-5.373444841282529541e-03
3.454355193819263342e-02
6.375616603077484401e-02
-7.682744098672714995e-03
1.432652461216398221e-01
1.790340288723413775e-01
7.479738387166662110e-03
5.233371598323578039e-02
-5.132196058560041518e-02
-3.279843973941444502e-02
-3.884474119069607212e-02
3.329235258775212897e-02
-5.085003778791463702e-02
1.248904244519136036e-01
-3.581458127416922016e-02
-1.459812855485001781e-01
5.201866607779667001e-02
4.101025422585147240e-02
-2.660201008900291153e-02
-2.314027981571676468e-02
1.951394560080256871e-02
-4.822936082762174781e-02
-3.723403426809587802e-02
-2.609148163774197351e-02
5.837477156209325974e-02
