-4.446195029937396320e-02
1.871115428364482081e-01
-1.051362886363713667e-01
-3.872983274504203377e-02
5.065188050779231149e-02
6.872278980041452399e-03
6.755783922469454569e-03
-4.111192900888217816e-02
2.678022211078409306e-02
1.496508189320982618e+00
-1.551449347438722537e-01
8.372760858735275868e-02
7.550751017182866232e-02
-2.986081799270246667e-02
-3.278758316415707891e-02
-2.865882441204874870e-02
-6.058849161514866938e-02
1.161024128444734682e+00
-1.610861083765200430e-01
-3.944162231634599364e-02
-4.146120372413048677e-02
-5.156048890662830869e-02
-7.587749689064242353e-02
-5.951388499245082939e-03
4.027197540589549235e-02
1.713582725382729530e-02
-4.224435124518825108e-02
-1.132299863798236564e-02
2.201410682375404618e-02
2.294131185878798412e-02
-2.209540401139006849e-02
3.339725395693911997e-02
1.190260099461186438e-02
4.256332340591759827e-02
7.908441374476318786e-02
-5.648245396748075020e-02
3.560547250253551666e-03
2.581216425101675802e-02
-4.946742421923882443e-02
-6.573567522366971505e-02
1.359793427635281465e-02
2.783357377455606199e-02
2.908813772116182472e-02
-3.866169267751604771e-02
-1.551178633548926794e-02
-2.227248715875703930e-02
-9.202716777268832304e-02
4.682789737717293899e-02
-2.228985176780686264e-02
3.403382636137472494e-03
4.777716599272456739e-03
4.969258299200535883e-02
-8.317974836413360995e-03
-1.738011731608245583e-02
-2.246394284924270110e-02
4.129171863098152900e-02
8.211172860356052983e-03
-1.893554121298844433e-03
1.866540431703906646e-03
-5.748471967536861876e-02
-2.524849522661542101e-03
-6.695593501814606913e-03
-1.243684416305785613e-02
1.427503564178160544e-01
9.467271029448144637e-03
-5.652322045068894352e-02
1.938189576553531190e-02
3.991944627931254957e-02
-5.890594933224261621e-03
5.553310233123180673e-02
3.101475587292397765e-02
8.206997749488220695e-02
7.589511720343997125e-02
-1.294801670992775516e-02
9.431247518677399189e-02
2.025771763058876671e-02
2.166158765965477823e-02
-3.545278996831558588e-02
1.897938983958435272e-02
1.304691378726978435e-01
-1.773990079119654520e-02
8.505619876892393794e-02
-4.303150036385647303e-02
1.024842439335647316e-02
4.750339362043989183e-02
-1.645447373432356586e-01
2.602434024713760549e-02
-1.368891881707541003e-01
1.184633886429173749e-01
1.128492783681589798e-02
-6.541012782371323497e-02
4.371956926152438527e-02
-1.055852164154314279e-02
-5.512279412014745028e-02
6.644493100329171287e-02
-4.584249815415102763e-02
-4.215343361914768855e-02
1.048144522615847458e-02
2.331071577230661371e-02
6.993638635372459444e-03
1.899049302764288863e-02
-1.048892310791712948e-03
-8.795221971574988806e-02
2.301341533440364948e-02
6.030312623269131617e-02
-4.958665522389074654e-01
1.084545860580062027e-01
5.840942412699950959e-02
4.006719987473306155e-02
3.891568619887306180e-02
1.068495801251479263e-02
-1.050304870597166679e-01
2.818864499489070682e-02
-2.112483892656390194e-02
-2.735884814401320225e-02
1.767766017442156876e-02
-3.159101249545179235e-02
8.464317079979563618e-03
-3.058325413822975472e-02
-2.044524644209156153e-02
2.789178954792533721e-02
-5.972183523507848535e-02
-3.212049193628601501e-02
-5.576858057667425164e-03
-7.945324481547036410e-02
4.319184985947319144e-02
-1.744213875821652368e-02
-6.326932291454133439e-02
1.810278093832037860e-02
-4.999524656695469166e-02
4.380222798859632893e-02
7.374582425817487186e-02
-4.036300926091229702e-02
1.173311590146290662e-02
3.127495270078416156e-02
5.334765885352906606e-02
8.705390090213876650e-03
-9.177663289358133775e-03
5.884022848783631437e-02
-2.555454272518719802e-02
-6.062476302572159526e-01
5.826375269066759455e-02
5.041669283479045804e-02
-1.282955281651899926e-02
1.461029114999897946e-02
-4.977028704386170926e-02
-9.594169825703824372e-03
9.143194756248045410e-03
4.631836282866100968e-02
-1.138267723603828344e-02
4.494865913736686806e-03
-1.385232463664298232e-02
5.435697467903268659e-02
1.837309259283759688e-03
-5.726492071882056251e-02
-2.542589219221823293e-02
-7.334771012711173432e-02
5.039701692952746476e-02
-1.545227377882797334e-02
-4.873257813987730974e-02
1.235031252045630003e-02
3.172057127484935457e-02
-3.917020441103709338e-02
-7.150514212930847435e-02
-1.317559719643488780e-01
-1.204750531970061739e-01
3.644421317313446818e-02
-4.598373628524646956e-02
1.168007696669523116e-01
3.783093112613577363e-02
8.039493862259922130e-02
-1.546403116998133070e-02
1.281707314529902456e-02
-7.199462551900555340e-02
-7.393255441056952038e-02
2.641111043012000364e-02
7.067280982633504516e-02
-1.626024946962393442e-02
2.452361993300110343e-02
-8.595072353666789733e-02
2.027169001394641540e-02
-2.890624601500652729e-02
-7.706224209122256030e-02
-7.670560510053660297e-02
-1.051590429490907030e-01
1.222674202395586732e-02
-9.410341578763023462e-02
2.471066058280370001e-02
3.123478728742450777e-02
-1.883945305791927738e-03
-7.391337995031828367e-02
9.197711127345088375e-03
-7.561073478603878850e-02
6.062198548527231168e-02
4.597425864244130550e-02
5.798142918655975475e-02
-5.203056537812168758e-02
-1.004194511144379659e-01
-1.022797722581544611e-01
1.508484608998816590e-01
1.070777210013619182e-02
-8.794755063173304022e-02
-7.813601186529149645e-02
4.209042423071560762e-02
1.054690355911987593e-01
-5.062622711232283440e-02
2.231159820926082588e-02
1.302811756931550845e-02
-2.360488300909301118e-02
2.844139984744382260e-02
-3.025695291034168413e-02
-4.654114388865651653e-02
-1.382792900473778577e-02
-1.481914000865434400e-01
2.340891265308750815e-02
9.626769895000203414e-02
-4.855669381137952406e-02
6.609418516128702514e-02
-1.498498082527408293e-01
4.740692689099098439e-02
5.589438183931146054e-02
3.238006444850240889e-02
-6.272319284265417960e-02
-2.912338498841270107e-02
-8.344548101209057003e-03
3.633479853573274437e-02
2.669700216379832305e-02
2.435310870403336464e-02
8.881998525233615605e-02
4.826876142896127653e-02
-7.031773362475855771e-02
-3.273245742114175988e-02
8.209119094345943002e-02
3.805772374622541643e-02
-1.038416439575172018e-01
-5.106585491286997486e-02
-3.744553244507297513e-02
-4.237544092624425524e-02
-1.026380497378193146e-01
7.824435719611183560e-02
3.822318399596867644e-02
1.725304417636241983e-02
3.694084630528408214e-02
8.236149305059645154e-02
4.040455945950311573e-02
-1.609677142204970213e-01
1.116602725453927879e-02
-9.926266728471258571e-02
-1.021302220948441253e-01
-3.224766968208465923e-02
5.127648506360687336e-02
2.914731155337808507e-02
1.797805728433427702e-02
-7.408120795034889294e-02
-1.131707843205703029e-02
2.241770032083979514e-01
1.102357253814542082e-01
-7.623655144403411466e-02
2.372107545622330685e-02
1.250786587898754416e-02
4.678966136481881727e-02
1.200346981351505804e-01
1.924120391062817889e-02
9.554660109811542734e-02
3.105096618026367827e-02
-1.152607955067126433e-01
4.214153509280890719e-02
1.195907665416547604e-02
3.782406763904758162e-01
-8.763762440618283467e-02
4.870142213258997488e-02
-2.090014922073718442e-03
-5.790787284874112512e-02
-1.213069604340093616e-01
-5.723632174901044367e-02
-5.033953671953637216e-02
-1.455315464569476198e-03
7.190213382054394531e-02
-5.103592429107497302e-02
1.438272610534154783e-01
1.576603688892516120e-01
7.305239554428846760e-02
2.573270016037738916e-02
-7.234978806210723423e-02
-3.122297593281790021e-03
-1.101439908317520810e-01
5.571802595325294621e-02
-7.970726822427841307e-02
1.310182035564419478e-01
2.337751796129540656e-03
-1.031114470372051783e-01
3.158070464567350882e-02
-1.539475039807428058e-02
-3.607674032103532630e-02
-1.009071578612125673e-02
-1.888429295164109623e-02
-5.677070847020457278e-02
-5.176685843517914165e-02
-6.252476341359429306e-03
4.060487179797804547e-02
