-1.091084814898389543e-02
1.306011215925991231e-01
1.271744912060071044e-02
-5.115593147345015579e-02
4.667326142241660231e-02
-1.429649381791971673e-02
-6.281282219568216918e-03
-1.115083552003427736e-02
-2.486268081178329495e-02
1.966440281202301188e+00
-2.054157998341552271e-01
1.720742956743783608e-02
1.072230029320444117e-01
-4.464079143591900833e-02
-5.203476829021694977e-02
-4.871132110268841520e-02
-7.805132433254406699e-02
9.167803078483556245e-01
-1.246314560421640377e-01
-1.799907034633755482e-02
2.965458036643216916e-02
-2.132134863494008700e-02
-9.907653385783579333e-03
-3.835155783714434136e-02
2.184765732016359305e-02
-1.078511587043437699e-02
-5.891215551943498885e-02
6.642365687971483502e-03
-1.207025415060402132e-02
5.443850860370761519e-02
-2.904082402749647972e-03
8.822349046800190275e-02
-3.691084691319974215e-02
7.420496527370096240e-02
8.117595359729887217e-02
-1.028653986960719052e-01
-1.292968071592721403e-02
-1.581186776263649243e-02
-4.531919234447771144e-02
-1.968848760811709939e-02
8.186682223023315774e-03
5.273379532805304304e-02
3.182100234783700327e-02
-4.484805282205197446e-02
3.400766507222482971e-02
7.856004857370634323e-03
-5.186119476223206848e-02
3.444284900888582024e-02
-6.371515861856505555e-04
2.394623419432071344e-03
1.522563787865445495e-02
5.023435181312212172e-02
-6.436683669018172793e-02
-1.472627438393229841e-02
3.937037905907955423e-03
2.046983124743160729e-02
2.384441855922550188e-02
-4.466728435490131127e-02
3.413665800547597412e-02
-7.324160145803164379e-02
-2.246986508498525700e-02
2.659166705396396810e-02
1.811986028453713496e-02
9.639117649097229956e-02
-1.224446468072841292e-02
1.094587371162495347e-02
-7.985542427451062381e-03
2.088486680641983909e-02
-2.010716522683798912e-02
5.042890819158252214e-02
-2.594980697688569014e-03
3.761051413818604361e-02
4.940314364632662769e-02
7.553508466369956119e-03
8.647324427941502356e-02
-1.799590126069348234e-02
-6.985900543683873712e-03
-1.814606018253525632e-02
1.317253698536342311e-02
1.292658631878400022e-01
-2.515912727496396120e-02
9.398549969097752532e-02
-6.253602884101078230e-02
3.139699540996642151e-03
1.779284090367060089e-02
-2.061640098071830240e-01
-1.133696658969642473e-01
-1.155255614180136503e-01
1.247479509934379671e-01
6.081668362621162754e-02
-5.209045501725307475e-02
-2.436406101705902022e-02
-5.917059923122505206e-03
-7.104544580925974823e-03
1.219215470203384027e-01
-7.044956375035875407e-02
2.811055804674352128e-03
-3.949658829298103441e-02
-3.495788434874531891e-02
-4.298766896354350164e-02
2.612954111181232247e-02
2.568076354949415038e-02
-8.948573568753016849e-02
-7.511762531157048853e-03
2.808491472936480021e-02
-6.760089910049182915e-01
4.653359551831794116e-02
5.139433270917315860e-02
4.064763841903611119e-02
-7.716556827909999521e-04
9.245264297371288888e-05
-2.450511877083251869e-02
5.987904912320987476e-03
-1.037385247886579848e-01
-3.204352949024336789e-02
-2.798734511165577171e-02
4.597147298030573176e-02
-3.162478140316079319e-03
-4.635618723745319608e-02
-5.860981519395849076e-02
4.401862507623641868e-02
3.193294591882411826e-02
-4.460963566127548741e-02
4.731710496490678514e-02
-6.695287427595789098e-02
8.632343411624462948e-02
4.227111162682804096e-02
-3.215325629378498057e-02
2.836848260178988571e-02
-2.095105292122046922e-02
1.712735362098515360e-02
-2.432129587842289317e-02
-5.922358586544231723e-02
-4.553496407919455091e-02
1.808188221697943840e-02
6.692592908545653974e-02
-1.293115696838553243e-02
2.369836511617288283e-02
3.036576140509014698e-02
-2.421841684788103577e-02
-6.923746970927425748e-01
9.242133456738483438e-03
1.105301014596623693e-01
3.023687516969737147e-03
3.067389526502550465e-02
1.959400426577400864e-02
2.937250626402423959e-02
2.820741979582501793e-02
-1.014952309815621984e-02
-2.965112781483601398e-02
-2.382738034449891074e-02
-5.420797434440759177e-03
8.759551464880696581e-02
2.475710566968595400e-02
-4.226368099687063951e-02
3.674732527897636020e-02
-8.015560994025021369e-02
1.797908121919967322e-02
-5.366742388384995038e-02
5.989772522968768442e-02
3.405837999756206741e-02
1.782012848282193626e-02
-2.209125171582896133e-02
-1.981770986213846758e-02
-1.356127104451228249e-01
-1.316410530654377464e-01
1.003563300788129636e-01
-6.399116467840462730e-02
1.353577821888901911e-01
2.920391090775964482e-02
2.024654925748992085e-02
3.187500738922481591e-02
1.570390227001063066e-02
-8.901192394112918127e-03
-2.490589981444382359e-02
3.998805773868929075e-02
-8.869827205016030461e-03
1.865335435389433444e-02
4.084428416451411220e-02
-5.794656219627738331e-02
-1.633758403587025256e-03
-2.105887031084889213e-02
-5.458437572363442764e-02
-9.649353636477045471e-02
-3.171640978153986157e-02
-1.742579549336784051e-02
-2.942093116666992872e-02
-2.970946128576180956e-02
2.713899203227531851e-02
-1.338576071152221617e-02
-5.154753809374714585e-02
2.013499266530256390e-02
-2.306810086679174365e-02
5.808660074662765765e-02
-2.268350923255612814e-02
8.545035898382973005e-02
6.886712144287813163e-03
-7.360831721972721509e-02
-6.842924776468305159e-02
1.225037797158950031e-01
2.444789209112412445e-02
3.916610202797020379e-02
-2.044112952353055457e-02
4.259152688801318837e-02
2.099293421938802084e-01
-8.602942418624760432e-03
3.723082582791932549e-02
-2.233215477745489549e-02
-1.518801493978953927e-02
-1.911307999235903115e-03
-1.653306884494899071e-02
-7.164213367586722350e-03
9.463113679261676413e-04
-7.752401396145616741e-02
4.576753993035171525e-02
9.462798004888914316e-02
-1.020239889400121336e-01
2.544852690197627748e-02
-8.826076783320613295e-02
4.886852367568784300e-02
1.847147591051557028e-02
-9.236077158897074840e-03
-1.667579713683335976e-02
1.000726379909706691e-02
-4.161727272451624243e-03
2.163698638007889585e-02
-3.586188275002282801e-03
8.579091306765554426e-02
5.822944847641318977e-02
4.122406165508036430e-02
-7.805594259805552493e-02
4.191023398974110664e-02
6.487619952598886949e-03
1.471362192893624528e-02
-7.941678937875881750e-02
-4.402780427706678296e-02
-7.612404887936545517e-02
-1.688097393346477126e-02
-1.275196667403550796e-02
5.014555052986347655e-02
2.872710206629225382e-02
2.283115358845217921e-02
6.677027761266682293e-02
5.343885477615031160e-02
9.524378912721941093e-02
-1.127271600589670325e-01
-1.976821877716177216e-03
-5.539467429520044534e-02
-1.276369085766375644e-01
-8.014983233084484182e-02
8.266311153224596697e-02
3.540744223868439594e-02
-7.255533994307137267e-03
-6.231749251700846592e-02
3.717227896127679038e-02
1.711255542428215537e-01
3.991916595730108513e-02
-2.404484172739080813e-02
-4.573273413344879079e-02
3.802311953401204397e-02
4.628099231989452750e-02
1.158901814426702148e-01
-3.831419129164057719e-02
1.645103762042907647e-01
4.753827927401936028e-03
-1.498558107437086562e-01
-2.218397772851967743e-03
-1.665227901784258405e-02
2.456512883138950720e-01
-6.025518535029614209e-02
6.098968703728164381e-02
6.677710547934971597e-03
-6.699933721201388470e-02
-7.602581677943133498e-02
-3.418976168883638284e-02
4.938454636886357996e-03
2.336471613553937898e-02
1.051045695068196922e-01
1.246971102601781775e-02
1.214013201130418884e-01
1.796707723238164245e-01
1.373246325943649950e-03
2.285043086569915616e-02
-2.203259178130666934e-02
-5.160139343963217329e-02
-4.885949735537095662e-02
6.241378176041707110e-02
-4.795602448085854730e-02
1.154548541805278383e-01
-5.953679981744028349e-02
-1.548030623801416872e-01
7.471019715063337285e-02
3.540666828108488678e-02
-3.677378953286238039e-02
-1.847803225503649727e-02
1.975307803255824807e-02
3.992287987883760543e-04
-3.093693574350481895e-02
-3.746717910176379507e-02
4.186975887379652123e-02
