-3.236433047164268689e-02
1.170894469376279751e-01
-5.644644595361617695e-02
-4.266653800828452969e-02
5.472199055839353787e-02
3.340757726485996983e-03
-4.433979372884772757e-03
2.012842024290967952e-02
-1.423594657125515275e-03
1.837180361935983441e+00
-1.686568205809648169e-01
5.649033878949309001e-02
1.104792262610469200e-01
-5.830973387586598639e-02
-6.987728592936068295e-02
-2.688843888500986809e-02
-7.536819007805786730e-02
8.871413396352525460e-01
-1.530609961329132129e-01
-1.171857127902304306e-02
-2.485114860811895796e-03
-5.985389865772568901e-02
-1.584483975245207232e-02
-4.508392700815655463e-03
6.612627970435883129e-02
1.894968805574453324e-02
-5.072719856018650941e-02
1.687681741102451186e-02
-5.044101058765860721e-03
2.255065284027313668e-02
1.673722855754413569e-02
5.288258390291968036e-02
-5.459729511965955018e-02
5.243194802508036739e-02
8.657003238983576598e-02
-7.092308338173822224e-02
-2.853773045370635447e-02
-1.668900109043625415e-02
-4.072606334526215899e-02
-1.683778889391172526e-02
-8.535936613129528963e-03
3.451732250738008545e-02
3.802979580180384372e-02
-3.054139981811695645e-02
-4.964159360035096460e-03
-2.374966856324331466e-02
-7.113495321468166210e-02
4.726217179990610529e-02
2.163712380425824016e-03
-6.112433542734226934e-03
-9.861457648495270192e-03
3.788070365463572925e-02
-5.220561474379886713e-02
-4.489551236081935730e-03
2.041078255046707354e-02
2.071329241047747266e-02
4.546975710565594186e-03
-1.946017214943253706e-02
2.333060154434816666e-02
-5.782157695350212401e-02
-3.661847768932281061e-02
1.885452682504992314e-05
-8.718817385578789617e-03
1.108613783326437285e-01
-3.270311032933893164e-02
-2.758438354959711139e-02
-1.305399514011558806e-02
1.918864577241279068e-02
-6.764025618206738304e-03
3.279257701433978267e-02
2.093247814776024590e-02
6.206095767423109449e-02
6.329867555426918480e-02
-1.797005362706814713e-02
9.811576494318724473e-02
-4.981149508561864316e-03
3.204627059155752168e-03
-2.573513428959520177e-02
1.560116147084898187e-02
1.117590756687832226e-01
-1.948859526016635466e-02
6.949299438635857251e-02
-7.857330991497979422e-02
-7.088008544582563748e-03
-8.224123549220814511e-03
-1.861230714297081312e-01
-8.073639321051752360e-02
-1.620103687590842001e-01
1.040565434629523583e-01
4.843213629856403524e-02
-4.395705110097923585e-02
-2.228257396499729384e-02
2.593125336513468424e-02
-1.375022860744096014e-02
1.226083092635029820e-01
-6.032499679234698542e-02
-2.505042314496536138e-02
-3.283305731562046002e-03
-2.542006992849337593e-02
-6.165372250204229077e-02
1.994254265639753415e-02
2.895737766823684028e-02
-6.013372908477619683e-02
-2.819675673126399024e-02
5.098955577404065687e-02
-6.411962440455351020e-01
2.064258106742072191e-02
4.896042514581145505e-02
5.390616297065469603e-02
1.523706151300434006e-02
1.477468314894716042e-02
-3.686815089413120194e-02
7.916347895787911523e-03
-9.737788042267417343e-02
-4.820144118938116118e-02
-4.093017824190112869e-02
3.766288681643008285e-02
-9.548668742150781541e-03
-2.479704860282260295e-02
-3.236722367934211780e-02
3.770204225133809428e-02
-5.387062080767211249e-03
-2.401118656555348632e-02
2.855638995976426259e-02
-3.030462042524030217e-02
6.939144978953817877e-02
2.997869293693041295e-02
-5.571263316318681574e-02
3.658295883777199636e-02
6.465386750950857971e-03
2.787571169283183103e-02
-3.105367371173360994e-02
-5.807587359227962126e-02
-2.457373026671759095e-02
1.823030633666464922e-02
7.759122519580774480e-02
-1.172750862295041802e-02
3.172278886096490183e-03
5.391950747026746232e-02
-5.490789534157609030e-03
-6.166824396994388113e-01
2.816140364989470207e-02
1.095118432848488643e-01
-1.141295063794996699e-02
1.774529645759068130e-02
2.911148695355517471e-02
-1.609282028829755323e-02
-1.261728913784254669e-02
-2.165935708231550572e-02
-5.482453495662125559e-02
-6.186166047349268143e-02
-2.759146763469821906e-02
9.906738939150408485e-02
1.423249291788341968e-02
-6.680598925179297154e-02
4.684651343036856652e-02
-5.430528576458512613e-02
-2.982160496866280430e-02
-1.148398316073342106e-02
3.414950955648519276e-02
8.249650862096117448e-03
1.407642935753445311e-02
-1.340927301611219771e-02
-2.712714276608766545e-02
-1.295205839320952290e-01
-7.326831702486287512e-02
2.989546853532761353e-02
-5.560848804664374895e-02
1.179272597956915608e-01
2.394963143486690538e-02
4.064951637378391019e-02
1.489496495659805089e-02
6.065792030034904830e-02
3.227510208127778307e-02
-2.318429899851602582e-02
2.314014973688956894e-02
5.347435884445253355e-03
7.544612796496546689e-03
6.833738972967524916e-02
-9.672427967883022448e-02
-1.226593517327061576e-06
-2.708699011993141031e-02
-5.824220842848541746e-02
-8.299297606875351285e-02
-2.116209186552457655e-02
1.408112661103750989e-02
-3.657845196096178725e-02
-7.039621135151103229e-03
5.031722818000254616e-02
-1.087015042442139590e-02
-5.800800624389965826e-02
-9.961722059187248096e-03
-1.773801034008084393e-02
6.841926983871224333e-02
-1.081372898904391783e-02
7.277988554563587231e-02
-4.096487860318066831e-02
-7.732440772800694417e-02
-3.644192467552144488e-02
1.445476923298800176e-01
1.643587228963681087e-03
-1.359297227883273992e-02
-4.540448898191911525e-02
3.514959847146630761e-02
1.590931969077893360e-01
-4.209750595860917155e-02
3.542134760216748141e-02
4.549630623629080488e-03
-2.733368205163144368e-02
4.315379226020679866e-03
2.299113229962259990e-04
-1.662467707968638946e-03
1.680496769304932331e-02
-6.107393611184049748e-02
5.697341381972956947e-02
6.773365472856127112e-02
-7.934786072751891239e-02
4.558603323227983228e-02
-1.068944460855692363e-01
4.116764402693566527e-02
4.909231151370886323e-03
-2.750970732051896683e-03
-3.863628932234475927e-02
3.626750465772767343e-03
-4.238334296458087964e-03
3.540945877196123581e-02
8.851125949407272903e-03
3.850627628700653560e-02
6.065315440763020122e-02
4.614915453892018404e-02
-1.111501396282238985e-01
2.816799819492849313e-02
2.648851832208085413e-02
5.214736206594735440e-02
-6.147173274431872586e-02
-4.488765381815143507e-02
-6.313917873805129088e-02
-4.304123301187180034e-02
-2.445908205507946187e-02
2.948529612273491710e-02
-1.486981192171072177e-02
2.230005753883000652e-02
2.359713927496764202e-02
2.706169462629433309e-02
8.030847302786529862e-02
-1.039966797061491477e-01
-2.125562380521141617e-02
-8.774460219134917749e-02
-1.152570958755052694e-01
-5.454085037285029414e-02
7.842691930373871245e-02
7.470630600545583033e-02
-4.228839097017496329e-03
-2.720293082095361775e-02
1.184253499781514826e-02
1.585968188204854856e-01
7.677819497988212782e-02
-8.228283215205502155e-02
-2.593637410964835452e-02
6.653858640803865521e-02
3.527066768747944697e-02
9.058549903786985991e-02
-7.814285267150252248e-03
1.240445835587807855e-01
1.570546458709631485e-02
-1.378379370199295517e-01
-1.316714899184584725e-03
-2.298524009241355998e-02
2.776076354077151032e-01
-4.796475763239069906e-02
2.757502530481820840e-02
-1.936817487900434342e-02
-5.125319770680161757e-02
-8.421047516696372748e-02
-3.941779471203066959e-02
-8.251045662764104269e-03
2.341722682483131368e-02
8.449907587268054576e-02
-3.880885349115317795e-02
1.601734900988786015e-01
1.774127394052961715e-01
6.932316672062486390e-03
4.790692974062934345e-02
-7.548417740194361680e-02
-2.951585481963541271e-02
-3.906429757040591477e-02
6.450230176041302221e-02
-3.389246993923528128e-02
1.112174630431957273e-01
-6.627120946587521100e-02
-1.531188810081744456e-01
4.981572157770775694e-02
1.938187293533238931e-02
-2.656939603955144058e-02
-5.996548271116469014e-02
3.914756859487226320e-02
-6.606937649939128784e-03
-2.339409670419040355e-02
-2.989053687242724730e-02
2.814040004986367166e-02
