-2.338754944546124481e-02
1.154205226188096539e-01
-4.101186730110938788e-02
-4.216734506958672718e-02
4.873795486701064383e-02
6.025944153567100968e-03
-1.027166747741867052e-02
-1.387595221065913813e-02
-2.292033814995502600e-02
1.898748969316875757e+00
-1.751160299335365600e-01
3.463187044000799741e-02
9.107102421793013269e-02
-5.702756062290740419e-02
-8.294828469341862520e-02
-2.735084814680050977e-02
-5.210884501805257418e-02
9.438788353905351869e-01
-1.298860431450202524e-01
-5.805749220741092398e-02
-2.012894372938633849e-03
-3.335830820392533813e-02
-1.998593644589225990e-02
-2.075696013676852844e-02
3.918599164990504979e-02
1.118940018170670172e-03
-4.799476498863125551e-02
1.080416635108502783e-02
1.025235070906314015e-02
-1.855720991638192723e-03
1.623390704448490762e-02
5.156161669675428383e-02
-6.626166155489481013e-02
3.427991313761805797e-02
6.385568991742042455e-02
-6.994450415552695699e-02
-1.098817403357840727e-02
1.905725898607328606e-02
-3.135488860033231601e-02
-3.077428020057718094e-02
7.046884101439520849e-04
3.207369003688596149e-02
4.501036636880965253e-02
-4.288891109889560876e-02
6.579376948147268658e-03
-1.205760049746077214e-02
-4.948875286561141285e-02
4.740505026922692267e-02
-4.138310477089163393e-03
-1.492153924716405934e-02
-9.028257724852892588e-03
3.724959329009669418e-02
-5.830809656251561418e-02
2.059760442303608038e-02
5.473303159824596809e-03
3.807696294381839736e-02
1.468579610315888691e-02
-4.108413224289141075e-02
1.889243874853205676e-02
-2.915367495143296114e-02
7.836491931390859736e-04
7.746518833586840160e-03
-1.978595854311378591e-02
1.288393336789765697e-01
-2.157614009621368345e-04
-2.430190982850057371e-02
-9.324704786390922498e-03
3.196280863884238405e-02
4.419477551506827834e-03
5.953162284181200137e-02
2.623344026020063904e-02
2.645237990199140327e-02
1.077340177745989697e-01
4.930428523101357090e-03
9.509158634625955453e-02
-1.982086122164059688e-02
1.908554665051409235e-02
-3.074453825786442607e-02
1.270730541561516241e-02
1.295249819630453214e-01
-8.245433273418369471e-03
7.517343976437959596e-02
-7.973557902528609354e-02
-9.983650837742366960e-03
1.196822704543750934e-02
-1.330930000218629727e-01
-1.099772859302383665e-01
-9.461517844872820160e-02
1.284843336165109318e-01
4.985150745215131962e-02
-2.678613188527559710e-02
6.183178383968895202e-04
1.974894276897706108e-02
-2.793171519336240180e-02
9.986850981959921603e-02
-6.461500374013043335e-02
-1.855075045638961140e-02
7.560289472625993448e-03
-1.083812716482497086e-02
-5.423022708604018083e-02
1.499391033173941810e-02
4.051579980620034077e-02
-7.537134361257558091e-02
-1.268771536006758731e-02
5.055389457673279546e-02
-6.901732953125780945e-01
7.187433020237306638e-03
1.927085610726600451e-02
5.475170784974513899e-02
2.643288378891609641e-02
8.199839453534930531e-03
-7.039856594498025699e-02
2.548150031154739967e-02
-7.216728065189145780e-02
-4.873676411567388206e-02
-3.399479651426090543e-02
2.757343324452801031e-02
-1.633097035888074131e-02
-3.836182824056143942e-02
-4.129161090306581600e-02
1.950640282610189430e-02
1.303394095161723547e-02
-3.046934049553995383e-02
-2.520609514376467852e-02
-3.242283150517215329e-02
5.385488664828094740e-02
3.307291097318349610e-02
-4.429400255640647543e-02
1.182603352335902767e-02
8.947576391578381319e-03
2.497538219213807364e-02
-1.430312449246664251e-02
-6.839492185547949021e-02
-1.388426672947066544e-02
3.106060465572060489e-02
5.524445929738643762e-02
-1.580069194364974380e-02
-1.230571598706648763e-02
5.617903317238018973e-02
7.992833555802120876e-03
-5.783241873219728824e-01
5.991577191138623693e-02
1.078549180763080373e-01
-4.976767172586327170e-03
1.011446878045200136e-02
1.350384729804857305e-02
-8.471027580338626878e-03
-8.991627480862088295e-03
9.632564638277073266e-03
-1.944693968122220354e-02
-6.332705976556643468e-02
-5.215366411754784708e-03
8.705247270251362246e-02
2.067295604604967377e-02
-6.821781711464944276e-02
4.570755127648543081e-02
-5.885271889523262245e-02
4.656297373846728094e-03
-2.294050772075358416e-02
-7.181803792094035820e-03
2.392748197475763269e-02
3.390671995636775071e-02
-6.241030323946829272e-03
-2.497888856441457181e-02
-1.154354362912897863e-01
-8.666402423979310821e-02
4.914519182418419785e-02
-7.446545025236120385e-02
1.193247620058967562e-01
1.248148601277110012e-02
5.576298270326320722e-02
1.337292931270613744e-02
2.453050236432462172e-02
4.032997671593123445e-02
-3.740459592927015270e-02
4.356701958454100437e-02
-1.613382903075183741e-02
4.557530284612994372e-03
6.589238711677326832e-02
-6.303726797917395819e-02
3.910083950897319180e-03
-1.385531048743503593e-02
-6.276268755309580283e-02
-8.543248478961570913e-02
-3.184266963716830823e-02
2.993049623488331507e-02
-2.831707209472290182e-02
1.289493659346734218e-02
4.106609040808804900e-02
-1.535677350113687396e-02
-3.693390998232222444e-02
1.123497753115669214e-03
-1.627202694767877766e-02
6.533321712120833402e-02
-2.246597623260331716e-02
5.597843549329119262e-02
-1.417171849428127024e-02
-5.848343469685422791e-02
-7.590377050434761463e-02
1.374516574477787079e-01
1.277583095898818071e-02
-2.932892036333141841e-02
-4.018682302858427730e-02
5.319029611838489019e-02
1.621203943299935057e-01
-2.776429506740043032e-02
3.765485623532057596e-02
1.011014559667963893e-02
-9.460288174511831058e-03
-8.508051894700103049e-03
-9.565541564444243403e-03
-2.520889145735470335e-02
-1.436210328459971985e-02
-9.238395445005247175e-02
3.340941534890185666e-02
5.506505601606616340e-02
-8.812877526735295175e-02
4.443041190626405290e-02
-9.933400887324471407e-02
5.053860513436359697e-02
2.143974134538503828e-02
1.847227311111701228e-02
-4.925305242272999540e-02
9.607751625277972940e-03
-2.105875215896881730e-02
1.848666216979099122e-02
1.579684884251161825e-02
6.049880573497076752e-02
5.051980687965369060e-02
2.719168031801259475e-02
-1.104734681081655095e-01
2.629169191319774210e-02
5.132383243903353154e-02
4.323553198084803539e-02
-4.209237165652641305e-02
-2.841545304379466258e-02
-5.331128426240567403e-02
-4.884630347839938325e-02
4.278808535798474862e-04
5.388171271425715864e-02
5.883397432193543386e-03
3.090285206417720323e-02
3.606847288678726587e-02
5.119723214731897697e-03
7.533952517521613768e-02
-7.121568000880765248e-02
-4.378135482515866511e-02
-7.124193021962919870e-02
-1.051490723071060868e-01
-4.042548326935810343e-02
4.277022637549347805e-02
5.648971678857878098e-02
1.382991795918494876e-04
-2.801736632742616445e-02
8.169673549664871470e-03
1.859038856753785496e-01
7.030691713307681001e-02
-6.543719313752435762e-02
-4.706248965412773017e-02
1.567394768814651951e-02
5.610125368547298763e-02
1.108615456811253841e-01
-2.767992008692094288e-02
9.715546098083553683e-02
5.446117794392771501e-03
-1.059444551590375261e-01
-1.248828159160898961e-02
-2.130371508560916644e-02
2.691160877142571572e-01
-7.559294048429614221e-02
5.981588666272612959e-03
-1.280367209167770221e-02
-3.282659381090400480e-02
-1.171664276054420056e-01
-3.085633956011693546e-02
7.512600247598195773e-03
2.898018882583329112e-02
7.849941809348608135e-02
-1.552086781957423382e-02
1.365831800322322709e-01
1.610820786848483344e-01
1.828056824605841721e-02
1.179022436097646245e-02
-5.666004303102043643e-02
-4.823809795237619241e-02
-5.284662283400379940e-02
7.890909511487431693e-02
-4.744745370514966837e-02
1.029531218767178041e-01
-6.235962310572935180e-02
-1.650875612163310302e-01
4.253009477599820065e-02
2.792073734446054792e-02
-2.818161680997326515e-02
-7.476501693599769960e-02
3.358234757992479419e-02
-2.797586083513442512e-02
-4.134638546455699643e-02
-3.054002671577507252e-02
3.935425847814951611e-02
