-3.193785675948827840e-02
8.838892594585928686e-02
-1.085920853521164936e-01
-4.675107253157105569e-02
4.664007060333625471e-02
4.714184729686630299e-02
3.649212412807440343e-03
-2.713823689296547201e-02
2.764835712043589664e-03
1.656068161075146206e+00
-1.818188457013490134e-01
7.482015043539554100e-02
1.009559969417131442e-01
-2.637680627548925905e-02
-3.123778352558425828e-02
-2.598751756627631221e-02
-4.567244100678752305e-02
1.227885948081647083e+00
-1.640801670034132687e-01
-8.239369526807405197e-02
-2.571495135570196072e-02
-2.554956341958541932e-02
-9.031659747244955017e-02
-2.828332925256037828e-03
6.723439244169279738e-02
6.635159229401625669e-02
1.901795264426665508e-02
-1.738222984010686072e-03
1.226811859216593407e-02
-1.417456950297219138e-02
-1.262821383732721549e-02
2.931993951814699378e-02
5.746834995436532478e-02
5.517905819418149338e-02
4.439436319478373694e-02
-7.269348986961035597e-02
9.526132234909596638e-03
2.285848815088792688e-02
-5.787443921511746525e-02
-5.407994991000298485e-02
1.058189245368727034e-03
5.197342482428952276e-02
8.444821833108129283e-03
-3.941569096564845331e-02
-3.385318590278626333e-02
-9.351046830255961215e-03
-4.073188603332858482e-02
2.497592092137942282e-02
9.515067164035887620e-03
1.284410117311023287e-02
-2.075989366770065667e-02
2.006691274827640190e-02
-1.605977494755829113e-02
7.917489261662660717e-04
-3.775957920696810816e-03
1.725967991418899186e-02
-1.580886837714007981e-02
-2.405206785316830326e-02
-4.533926872416084441e-03
-4.918946359531710388e-02
2.054331880318390965e-02
4.073025253132506879e-02
-1.917308066364103655e-02
1.529317179463037524e-01
4.661384510970983941e-02
-1.986035260953171108e-02
-9.648442768292466235e-03
8.143725168118833013e-02
8.538277696718967608e-03
7.193107186147075505e-02
2.346641431081881307e-02
4.074899970036337943e-02
1.607962514462291104e-01
-2.727021590270992113e-02
7.142676042345248721e-02
-1.161965640077256695e-02
2.727729496362373343e-02
-5.297779661904713361e-02
-2.067955759185993378e-03
1.311396216520432090e-01
-6.864674544374210936e-03
8.072971006287067708e-02
-9.311428608235616800e-02
-2.628675326493645076e-02
2.445466479929223752e-02
-1.748984034648426444e-01
-1.557972316799668966e-01
-2.669719963549512659e-02
1.398230002171464148e-01
7.332151009221937743e-02
-1.003785059392939966e-01
-1.052648654248817574e-02
-2.781749540154275849e-02
-9.125283931143377339e-03
1.071244053390028872e-01
-2.648695831880742632e-02
-3.623184977157214298e-02
-2.354766861027560512e-02
2.464295158398138036e-02
-6.821809198695764909e-02
4.349764431781457698e-03
-2.633134985766730565e-02
-7.212658846638640708e-02
5.869887977017044373e-03
8.334981414259394483e-02
-7.116714824823907604e-01
4.905412149321247695e-02
5.217579352280207056e-02
5.735314333233242079e-02
3.417492946982342988e-02
2.479875139347992221e-03
-6.243471956090618225e-02
5.889282334247723100e-02
-5.445734188707877094e-02
-3.279632998686094619e-02
-1.040744342728627293e-03
-5.073182165413197761e-03
6.364860041283267045e-02
-3.167962759388189692e-02
4.853435142720759926e-05
1.998034211217733502e-02
-2.713098056560706017e-02
-3.291488976107955627e-02
3.254703372470583306e-02
-4.736765824015546494e-02
5.817560662101502189e-02
1.604327260125300303e-02
-6.305707388407094660e-02
5.090106886298399747e-02
-2.307490894270048873e-02
1.820826579316124627e-02
1.869464515644721214e-02
-4.523753849365694940e-02
-1.778261095567329128e-02
2.161577085284258071e-02
7.688583797102113704e-02
-1.358587592393258915e-02
-4.028739456523214128e-03
6.977968014162018451e-02
-5.587254026406828812e-03
-5.544723151032123765e-01
1.667758495429746274e-02
3.975283848971268574e-02
3.513390697284948880e-03
4.121711979150762331e-03
-5.107134073815364217e-02
2.221978555412204830e-03
-5.523100968766752120e-03
3.935079487996722553e-02
-2.623547687496607245e-02
1.928560509526451236e-02
-6.989905004005757781e-03
2.053402971014769290e-02
2.269453988337286066e-02
-4.769640963018945828e-02
3.028811582429121949e-02
-1.053851266256293912e-01
-5.983849178024442696e-03
-3.122185273931062793e-02
-1.780071698345870104e-02
8.395473836983684268e-03
1.431638597204409370e-02
-4.593193257455077672e-02
-8.451390134724087733e-02
-1.581128152016068877e-01
-1.105176893224183304e-01
5.665458100494686483e-02
-3.284603748596182093e-02
1.126172861065306841e-01
1.252582424191723415e-02
4.152179193725146628e-02
2.823694094338246099e-02
2.347030091903407056e-02
-3.938094674250675054e-02
-2.803256101623678373e-02
5.639451953384769928e-02
3.891245637986374267e-02
-1.296945588492257398e-02
3.070684567356954733e-02
-2.318171777400740430e-02
-2.466952705458369793e-03
-2.632516706915095581e-02
-5.255052153312161217e-02
-8.275259520725608553e-02
-7.872578414457880036e-02
7.876585133114575102e-03
-8.670166747884518188e-02
1.085188726538007485e-02
-5.128746083968868316e-03
-3.391075607988783269e-02
-6.528515736329953967e-02
-5.944947476913348128e-03
-4.457744795483693789e-02
9.325154001134929038e-02
3.747585266551477223e-02
8.678524446573497586e-02
-5.987945192581735354e-02
-6.071823035418617842e-02
-6.522728566757257651e-02
1.760092113343647846e-01
-1.396136021585923882e-03
-1.215885188705332354e-01
-6.032546755399820909e-02
7.919364164944762974e-02
1.119576826362593813e-01
-5.690403216815403432e-03
3.597064518040966191e-02
4.453137524619824039e-02
-3.315817221768420364e-02
6.410081788153092902e-03
-4.504482501794002808e-02
-5.849411631796004596e-02
-2.915555222625978993e-02
-1.413023499950802897e-01
1.781335260189765776e-02
6.125405214525399267e-02
-7.255292917591235624e-02
5.177492948042628634e-02
-1.911466524037091219e-01
3.852874990695996649e-03
4.357353009471316013e-02
2.685579180567006577e-02
-3.190630333234938804e-02
6.589516598978054085e-02
1.228092650696225793e-02
2.494005511521907997e-02
2.864508782024856315e-02
4.013196005714513709e-02
6.244817193034689351e-02
3.193435119129412608e-02
-1.202775291408805236e-01
-1.103721850486204421e-02
2.651567382613696441e-02
3.866351465059782860e-02
-7.805589590712919135e-02
-1.524814976243248077e-02
-5.284564199955383429e-02
-3.198938993729896763e-02
-4.942257062666252643e-02
5.005196259334751541e-02
3.788262448491341167e-02
2.933518774577412863e-02
4.080934318614028861e-02
1.492795520591588300e-02
1.043401227110561519e-01
-1.668875373432474329e-01
-3.457073396339725713e-02
-8.434463342969206190e-02
-1.030298221668329156e-01
-2.326749485284512753e-02
6.279760882343959905e-02
1.050166758354835993e-02
-3.265840012600430137e-02
-3.493006464347271633e-02
4.656031727022345856e-02
1.597940830568109205e-01
8.859010845021918212e-02
-4.354399120959889097e-02
-9.790999366187968286e-04
-2.861635408926583961e-03
7.830223993746861233e-02
9.075074453232089000e-02
5.255683768564534640e-03
8.153458586953571396e-02
3.066611083861779663e-02
-9.910666061667888771e-02
2.143906147218595931e-03
9.844797661254546528e-03
4.908969737761763041e-01
-7.740375419448855543e-02
-8.309115257939840224e-03
-4.056827738844102221e-02
-4.015144279909375197e-02
-1.416222778235821100e-01
-2.423509297217472241e-02
-2.951574107473060177e-02
2.024050298502113807e-02
9.966783647941179769e-02
9.656565754611923279e-04
1.237919242099602413e-01
1.723677543285086211e-01
5.485113183862797698e-02
7.255689199213183338e-02
-1.171831925910657851e-01
-3.853504783583051874e-02
-1.210987598479296434e-01
3.670075099475964692e-02
-5.406383357380603605e-02
1.535886176891209653e-01
-9.240289430312961794e-02
-1.763301861945767712e-01
2.952508815211785792e-02
-5.519559885157586387e-04
9.829759005639020913e-03
-3.123725669633769034e-02
-3.168346781461633260e-02
-7.705401246937895743e-02
-6.178789252821206834e-02
-2.789581403614130664e-02
7.462632366013870200e-02
