-3.608011469681406819e-02
1.451613448898774472e-01
-6.966037953937856408e-02
-3.770036768653190623e-02
4.206791044759426723e-02
-2.174341311711301336e-02
4.431981186038469120e-03
-1.672994830065207411e-02
-1.525737358231096276e-02
1.992261985713058570e+00
-1.676927138880736912e-01
3.665460393284564883e-02
1.052834863608383131e-01
-4.060799466565980648e-02
-1.149137565046382398e-01
-4.597659647152453621e-02
-5.577308942468398034e-02
8.707006309588570803e-01
-1.376357155415223188e-01
-3.851064097192895275e-02
-8.125090450931585218e-03
-5.771626761821978951e-02
-2.066055504494195005e-02
-1.588488347333702260e-03
6.129408077919661080e-02
1.166676692693421197e-02
-3.845304316077998580e-02
-1.062527058389193917e-02
1.288325594023561650e-02
3.579091461912972238e-03
3.336359763952986054e-03
5.466567014997351925e-02
-5.193843825715957485e-02
5.304088412863794399e-02
8.384832813126306961e-02
-8.311903778774300255e-02
-3.419847319386685319e-02
-1.460586649643810624e-02
-4.538729886620666149e-02
-3.297145458071477908e-02
-1.218732636776347772e-02
3.159890363405280789e-02
5.241034886714612123e-02
-7.309655031610573506e-02
-6.576232272316412039e-03
-5.716304466139868201e-03
-9.153564376234718525e-02
4.756812045592414412e-02
1.826334847447444107e-02
1.451601037234524338e-03
-4.741340672375597698e-02
4.052134281300104335e-02
-4.762387639532095207e-02
2.212482037032149212e-02
1.429641369325888693e-02
2.536176842671411177e-02
8.200830873589916650e-03
-4.016883232572580203e-02
1.247990546752255053e-03
-4.008933126928128365e-02
-1.710052625666121442e-02
-1.200142401501032470e-02
-1.917674036539604096e-02
1.258854964461591230e-01
-5.554249022682576989e-03
-3.299668507820776447e-02
-3.858226077448141667e-02
3.608447647280399462e-02
1.051589066291389908e-02
4.201637298866206516e-02
4.915009257030735629e-02
4.738403114106744252e-02
1.012254269843172877e-01
-2.069935492967922216e-02
1.024249643117251668e-01
-5.026890558678637211e-02
2.053167994249613382e-02
-3.095994189667019766e-02
9.871852419421222116e-03
1.370546486913777340e-01
-1.985815951842414065e-02
7.445519460678701185e-02
-1.035093199968863675e-01
-3.754090772696445227e-02
1.593258384507776834e-02
-1.724302736555888005e-01
-1.007071305642840836e-01
-1.738566862447032402e-01
1.246259637288129468e-01
7.006499717267443417e-02
-5.107345054618382674e-02
-1.900256989690103648e-02
2.381221692493227030e-03
-9.678102015397739566e-03
7.668120321715650445e-02
-5.825220336791737258e-02
-3.428086812092006469e-02
-1.774940509289911830e-02
-6.381088668810572934e-03
-5.907448202232513240e-02
1.739137947540584511e-02
5.305569599293705196e-02
-3.085950920849199822e-02
-3.306395358980874360e-02
5.910667808035331011e-02
-6.644934770199272256e-01
6.499887212441529845e-03
3.791853687132269030e-02
5.245044714914321587e-02
9.193674017023452730e-03
1.320073766159820866e-03
-1.284436605891842338e-02
1.234151672176298127e-02
-8.799875370639118066e-02
-2.916450837975455984e-02
-1.408563646056641347e-02
2.822247311132862826e-02
-6.537571314338432721e-03
-1.792339207322147035e-02
-2.660651898737008761e-02
4.632041486193524960e-02
-6.826565186266848016e-03
-2.264302417251517346e-02
-2.323745245664170928e-02
-1.065467500043617774e-02
6.962011699177927948e-02
5.610051707875756723e-03
-8.265125129287513583e-02
1.622653539268062786e-02
1.278785781801373284e-02
1.757605070989581852e-02
-3.265061939455865189e-03
-6.558845894204340388e-02
-3.344229571678071500e-02
4.393618352653391040e-02
6.540678817605291573e-02
-2.748155136516878053e-02
2.497811038525442340e-02
6.501621350423740509e-02
7.463504621860863296e-03
-6.617082593695421400e-01
3.530356479004423398e-02
1.171690253622734573e-01
4.016970695268210975e-03
2.985324259459909077e-02
7.823163284090746752e-03
-1.395503482179125468e-02
-2.716084767886972444e-03
-1.000858081565658394e-04
-5.475934348337246210e-02
-4.726692374676109976e-02
-3.177574429233651770e-02
8.532925593022590294e-02
-1.955119778562698640e-03
-5.946856568700432250e-02
3.629068921876341808e-02
-8.643418326080110070e-02
-3.870619043379763813e-02
-1.794044948325257058e-02
-3.583009808152315748e-03
-2.969194469516889864e-03
4.905104565470928303e-03
-5.280278900205026202e-03
-2.347837941736067441e-02
-1.434541569514630466e-01
-8.987058470837389068e-02
4.738980490223358710e-02
-6.525269306115254186e-02
1.165750968649791053e-01
3.234740606300283428e-02
3.763384710767279234e-02
-2.487873843346479971e-02
9.363408440506269803e-02
1.873075925546496823e-02
-4.056636906306367724e-02
3.810237454525688960e-02
2.778245209043426925e-04
3.014016042891691938e-03
3.063057538423891168e-02
-8.224617930791364162e-02
-1.402376424874783416e-02
-4.181874574167639136e-03
-7.160301950094125067e-02
-6.464534371465842366e-02
-2.032184112074380058e-02
3.894741971312487561e-02
-3.127821873344761860e-02
4.582539784849248149e-03
6.113379250159260703e-02
2.295313316434993006e-02
-7.493619924011152289e-02
-1.453791995235151173e-02
-5.077418308409325370e-02
7.904346839703166316e-02
-4.709038715459207963e-03
1.039345162656218624e-01
-4.738918278995297301e-02
-5.705199150303669198e-02
-5.033626147370766357e-02
1.144519255116027701e-01
1.262992343153890654e-02
-2.426815095759995988e-02
-6.015433613098390697e-02
3.653826893637086154e-02
1.641199440305852186e-01
-1.951597329899683667e-02
4.946167296253614620e-02
2.174227723794897385e-02
-1.239958286462881573e-02
2.838261110338169760e-02
2.651235635217739917e-02
-3.712510736329858443e-04
5.028208964886808630e-03
-6.789216867725900162e-02
7.200349204904157863e-02
8.155415279099979819e-02
-1.027585073644673164e-01
3.217177118413942077e-02
-9.906951435091404523e-02
4.439017870084390610e-02
1.317056084722242025e-02
1.196090545772253606e-02
-5.961360871872047745e-02
1.170142959025476277e-02
-3.014964764119628174e-02
2.838118688566062739e-02
6.546170356486833569e-03
5.158329602523656354e-02
5.383501394985434202e-02
1.454858673145507063e-02
-1.212471950425172557e-01
4.659137971027070557e-02
1.795709797678461672e-02
4.516438345401659060e-02
-9.461822409284006974e-02
-6.044311505962435965e-02
-3.525756692641974360e-02
-4.290839811875483273e-02
-3.340561905232699441e-02
4.040546216819187325e-02
1.193202704060656802e-02
3.196740380494495631e-02
4.204475249269905984e-02
3.605940674590037837e-02
1.100314333064319888e-01
-7.931835814475549085e-02
-1.452134834910133974e-02
-9.598506069355369763e-02
-1.413334950172860649e-01
1.063628074800431964e-02
6.638865610550219454e-02
4.137718407544664634e-02
3.478314951849348184e-03
-8.395154459714636308e-03
-1.954299105866678325e-03
1.891055250057262216e-01
6.026359023150069938e-02
-6.133342763343903326e-02
2.145075445120288207e-04
5.470670160039153157e-02
5.802203230912868215e-02
1.027344407062408677e-01
-1.539506834958896328e-02
1.185763761515088582e-01
-4.405184868195936832e-04
-8.928224823157943080e-02
7.034648637834134584e-03
-5.617959174363896212e-03
2.702159369900077324e-01
-8.835495143218355385e-02
4.944970603866635783e-02
-4.616159448971247220e-02
-4.725696995027128117e-02
-9.479020668331449018e-02
-2.212329304972245753e-02
1.207436405865268923e-02
1.441528432152910065e-02
9.526808677518466828e-02
-4.680493198313625917e-03
1.519263056696824876e-01
1.884038802135525603e-01
3.989362453183604301e-02
3.224398863388281550e-02
-9.531255032818450323e-02
-2.934468677527414179e-02
-3.159299706239979133e-02
4.737712499575006536e-02
-3.411409309953617602e-02
9.225340056358619090e-02
-5.950471809953617602e-02
-1.683824336965313306e-01
3.679472249150907842e-02
1.108540125319416175e-02
-4.786682172593910434e-02
-4.594492816043103944e-02
1.477590061726959114e-02
-1.815573003995386847e-02
-3.364365388994366990e-02
-1.059589849621621511e-02
3.530287627252018390e-02
