-4.371836930224363982e-02
1.530923824195171146e-01
-7.221914415122492048e-02
-4.970758355028821740e-02
1.865802695536960404e-02
6.430048566313420477e-02
-1.249729757875802164e-02
3.160072893813471902e-03
9.691458052492177072e-04
1.098926894701542478e+00
-6.942573055166585683e-02
8.023691133286203758e-02
1.100479566588721536e-01
-1.944118920660789160e-02
1.995457179663000583e-02
4.220963250469880398e-03
-5.282415366884584719e-03
1.038659179174143965e+00
-1.647175246014374594e-01
-5.050454667050727903e-02
-3.839909353361158073e-02
-1.847869089183184696e-02
-9.123759129948610935e-02
1.265863741535644058e-02
3.665322496989255330e-02
2.174127207997421374e-02
-6.852957465372187806e-02
-1.782598303078606825e-02
4.321959965734723658e-02
8.767351080016132225e-03
2.793774553022668628e-03
3.314597431152228879e-02
2.353049710141479414e-02
1.048497731709797064e-02
5.884004140977622255e-02
-5.197559937326663021e-02
-6.587640793203760996e-03
3.059357252042661443e-02
-4.031092877648775191e-02
-5.917944055804421483e-03
-7.999952399504005676e-03
-1.085008962842369529e-02
1.970753248021348686e-02
-1.038375102989842237e-02
2.136460372595936144e-02
-1.552764269138196332e-02
-2.767191505947282776e-02
1.207011012265881388e-02
8.228955106448091264e-03
-1.522527598551613737e-02
2.649282807097370473e-03
1.333179985919174908e-02
1.136300532998101194e-02
-2.637383678832567330e-02
-8.207268579806541522e-03
-1.665198977331047020e-02
1.462541834976639060e-02
-3.580547279312133735e-02
-3.316783398518929199e-02
-3.613417333604668213e-02
3.048397100650071523e-02
5.043071633630612227e-02
-3.108930185844798605e-02
1.571675442576631054e-01
-3.199810578703074504e-02
-7.856877859216107596e-02
-3.040961293344243439e-03
-4.211519822765421271e-03
-5.535755796745563811e-02
3.135939794170428119e-02
2.274459326340928442e-02
9.557560913057171204e-02
4.988005790231252179e-02
1.055943385715475344e-02
6.911815947769953117e-02
-6.602605232322991680e-02
5.094047445568682629e-03
-2.514887413586247220e-02
6.888892830519150606e-03
2.288096894996102804e-02
1.460490457614068436e-03
8.402360248200917148e-02
-9.333463300920387395e-02
-4.060482953322411964e-02
5.213839519379791926e-02
-2.372407835243442731e-01
1.319873244251545397e-01
-1.080559493645431163e-01
-1.258851452960442832e-02
4.956113988973254170e-02
5.634549395896777148e-03
6.341538019643763735e-02
1.232238367918660552e-02
-2.783527070361357242e-02
7.636811862163975229e-02
-1.533948553369768146e-02
-4.131575241142802779e-02
-2.341887092898041478e-02
-6.900882791824143603e-02
-3.890836042437054859e-02
1.860351212610244186e-04
8.045543283631971521e-02
-8.657154781164463908e-02
-4.362647027381773811e-03
4.808349321718599634e-02
-4.671566136684974779e-01
1.016880421039752062e-02
2.511278210861452378e-02
6.677308714335562778e-02
2.437305376105167176e-02
6.414278799910952400e-02
-7.368181941451637518e-02
2.405776243185464222e-02
-2.754238780798529823e-02
-5.413753194136666780e-02
-2.087482666267877554e-02
-2.056657848980142020e-02
1.892982684961118031e-02
9.570743320777706092e-03
-2.813298401402219637e-02
3.309800207494970059e-02
2.503320971011882296e-03
2.239627012851319598e-02
-6.985387833759312826e-02
-9.995643023399405913e-02
6.222939056070658087e-02
-6.452043991673860404e-03
-3.055598025441500290e-02
-2.290782278128228669e-02
-1.963085213490968484e-02
2.944790124828362138e-02
-1.234907266126318744e-02
-2.748450912754114850e-02
3.065342496632384242e-02
2.210853849518847405e-02
3.208359063091952706e-02
-3.848869186402197051e-02
-3.249410729226145239e-02
6.161046905022476983e-02
-3.988067985417254502e-04
-4.742388027489259916e-01
6.382336105597549714e-02
7.365812537811326777e-02
-1.740279621138996272e-02
-3.590881501441787159e-03
5.235914271524416685e-02
-6.718258594358945957e-02
1.046564459426887854e-02
5.912698088162986892e-02
-3.859280135344726054e-02
1.331831983773417577e-02
-2.260516178079173197e-02
7.517150340103685713e-02
2.188791488726843024e-02
-9.917330559936193835e-02
-1.238875375528792136e-02
-5.623087837271376066e-02
9.412402855335844087e-03
-4.753754792267116114e-02
-5.564750123594891518e-03
4.790930177772717569e-02
-5.256411781499809727e-02
-9.532634379616664391e-03
-4.153908884047528144e-02
-7.732765186275308844e-02
-6.876897558634464946e-02
-2.693283172606868777e-03
-5.250707333811427402e-02
5.951801214097648951e-02
4.945485306263255193e-02
7.271652861991770300e-02
3.396485242394683621e-03
-2.224046657124617229e-02
1.505604661895925019e-02
-7.434067205881686458e-02
-4.162761620398063717e-02
1.945568708917355324e-02
2.339673798173330394e-03
6.150701010681204617e-02
-8.904527779005111388e-02
-5.929834222465989353e-03
-3.924121870864828721e-02
-6.254668442099670100e-02
-4.228633165830569113e-02
-2.446652660189741965e-02
-5.221388065867049039e-02
-4.342814612194563495e-02
6.463985383302064958e-02
2.792946932368422369e-02
-1.681323999387654769e-02
-1.826181124259634511e-02
-1.087954011194135553e-02
-2.712871577720829541e-02
4.305945027569697131e-02
4.278018459150171454e-02
4.867089643718165021e-02
-5.669560720176917284e-02
-4.972612189890469186e-02
-7.753122408437108926e-02
5.052687765812215875e-02
-3.250474836632406828e-02
-2.560849595744512167e-02
1.223069430802155300e-02
3.423601947410816193e-02
1.245221274862009925e-01
9.003178988238269564e-03
4.853144061440716611e-02
1.620104743041582765e-02
-2.891595596948810104e-02
-3.916622004691436981e-02
-1.204454853239651790e-02
-9.568342496207537379e-03
-1.614650003235913386e-02
-1.120049495310828924e-01
-7.553733153425054754e-03
-5.164259947353037200e-03
-4.437945681549884669e-02
5.793187917623986855e-02
-6.096616296880381231e-02
4.570417206929641013e-02
1.227597474451155163e-02
1.207501577065149892e-02
-8.225484310706582258e-02
-4.560027099246485296e-04
-9.533297095707691376e-03
8.467287395544437212e-02
4.460716562182781564e-02
5.218637628133666884e-02
8.892377172664364671e-02
8.379923934088766291e-02
-1.137024409265276342e-01
-3.090731271780457548e-02
4.482836454254807840e-02
7.292178695058866567e-02
-6.471679528182609775e-02
-4.169752556017410766e-02
-4.514431305598229360e-02
-1.218742414722003183e-02
-2.869237613887151706e-02
5.957125070241267584e-02
8.604259858489336429e-03
3.289012164555463191e-02
5.772449661369115533e-03
6.049104310547972346e-02
4.579065928510250849e-02
-1.029221765701189145e-01
-5.432200377801719993e-02
-9.147947050263291469e-02
-7.881502132162343521e-02
-1.388744138713191370e-02
3.457319260438758424e-02
4.310691800719859690e-02
9.258660466812699760e-03
-1.268042849403572259e-02
5.925155380481084838e-02
1.235586644161137948e-01
7.411119305925643885e-02
-4.396709472771312410e-02
3.136761606378133532e-02
1.363471089947624997e-02
2.620956506918764931e-02
5.034195884768068174e-02
5.412165552082200300e-03
9.710946386370021555e-02
2.053253324847735192e-02
5.066986722913494577e-03
2.671969271640541391e-02
-9.939968288846961521e-04
2.662087212180742068e-01
-8.162828321279025356e-02
4.783927293349058557e-02
7.619580331041358318e-04
-1.849009093624245578e-02
-6.089454095065890971e-02
-4.002617991875804387e-02
-7.523776505280273599e-03
-1.558976762284008076e-02
4.843471725624014235e-02
-8.304116294048072278e-02
1.543124349985045274e-01
1.534857370574800040e-01
6.528568670610374047e-02
2.301482211115793777e-02
-1.101783225394030868e-01
-8.905922912545657238e-03
-3.280770366143935524e-02
7.788842252558141055e-02
-8.252795736978175978e-02
1.499529801273859486e-01
2.147146144037649293e-02
-6.018999961905441981e-02
-2.232165427106558298e-02
-2.709002820413471818e-02
-3.326327174052196023e-02
-3.485053541618517159e-02
5.040589380171796308e-02
-6.690374068028667742e-02
-6.095818824829608157e-02
-2.728722109189483588e-02
2.103116791613985834e-02
