-4.825205764346489345e-02
1.626680517199279030e-01
1.346583222867973710e-02
-1.239860953228819930e-02
6.486337340895489967e-02
-1.611461963715488110e-02
-4.876070605608465863e-03
-3.458629858577112748e-02
-1.976450048610490021e-02
1.739727312668519321e+00
-2.279342712660953063e-01
6.629339306406869213e-03
1.151660349703199776e-01
-5.691078105009836352e-02
-1.124490183647272046e-01
-4.501668050215291983e-02
-8.385631972913112908e-02
8.853590426903923394e-01
-1.413778822377290412e-01
-1.664926752170114987e-02
2.139653011862120355e-02
8.344972375689123020e-03
5.618906963089989604e-03
-4.030653841722610375e-02
4.290195490906839604e-02
-2.339785552829059742e-02
-9.245870660844728028e-02
1.797494083824991221e-02
2.569200056778514138e-02
4.183387493959961345e-02
-1.394106126517747875e-03
4.729201927094797003e-02
-5.658021117781186077e-02
7.143039752698027156e-02
7.769089908019452539e-02
-7.467617277778160201e-02
2.460994855851035210e-03
-1.845020765857573880e-02
-2.847278116165637141e-02
-1.073191029876052402e-02
-5.733877694292571423e-03
1.336789150843627899e-02
4.517241032799345496e-02
-5.843239122341523095e-02
-1.874230897584693804e-03
4.440270253179725950e-03
-4.336215185947215472e-02
2.835811983802378686e-02
1.072715793282789064e-02
2.025440728035323573e-02
9.566529415203873718e-04
4.992717091568707466e-02
-8.176803274001953614e-02
9.359740203368750733e-03
-2.248226940969690751e-02
3.627294180304400928e-02
1.081417744747315696e-02
-4.170002278986167932e-02
4.459085508033896333e-02
-4.604676169553561377e-02
-2.247072938895872465e-02
1.070346841721347639e-04
1.631800914410285949e-02
8.787565252839033003e-02
2.950021244922928360e-02
-1.313832788431197780e-02
-1.768176352151887287e-02
2.891242035101868058e-02
-1.577896490124858914e-02
6.852925109107604884e-02
6.921595117552911854e-03
5.246023569478071996e-02
2.309278722104048456e-02
8.466654774220771368e-03
9.054532683703159224e-02
-4.183071789085284625e-02
-2.152474785995084697e-03
-7.994618891016635684e-03
6.997235402639518168e-03
1.319594654286234958e-01
-2.924708641009004812e-03
6.376885147695070255e-02
-5.254841475312792276e-02
2.916591793113409992e-02
1.521613699807492642e-02
-1.682985474029122797e-01
-6.161036465417660951e-03
-1.471316102958372396e-01
1.257742158267071975e-01
6.244857369105265982e-02
-1.875473187870140349e-02
-4.431145962481256723e-02
2.248471780175689827e-02
-2.847367453928045800e-02
9.857959271867949846e-02
-7.083255325121746993e-02
-3.392126962582712318e-02
-3.284700654280216237e-02
-7.935833971639331269e-03
-5.218250272769011516e-02
2.596884855365790001e-02
6.458416267436581371e-02
-6.615625204200599463e-02
4.049198396439558645e-03
1.078537777406514755e-02
-5.234486235589885794e-01
2.218594511990659365e-02
5.721180900666510832e-02
5.257925307397134235e-02
1.223959839088852551e-02
-1.058183713180482419e-02
-1.172498013343111975e-02
4.933685065955719339e-03
-9.834815417704148577e-02
-4.183538293416056569e-02
-3.137272859074932696e-02
6.556092668811561164e-02
-2.076343437089449295e-02
-1.917937340723532141e-02
-7.058933958946651821e-02
8.219524860670707200e-02
6.224509182363602289e-02
-3.664888921322153464e-02
3.030716754315295955e-02
-9.143155072299909147e-02
9.704766504137318783e-02
7.114700202352046421e-02
-1.344016861300289210e-02
3.070194977181120444e-02
-1.511013572783972102e-02
2.779154377910396032e-02
-3.068335676983024313e-02
-2.174160562233034416e-02
-6.790479356609048500e-02
-8.604368431189127198e-03
4.931525762162617538e-02
-1.879424704575469174e-02
3.835993910415692182e-02
2.014568053665207262e-02
-1.806662119799978122e-02
-6.598414586543223104e-01
4.293033392252371128e-03
9.487359364897443581e-02
-2.638569821719979544e-02
3.564255305668952850e-02
5.924008520108815096e-02
1.820656913866897444e-02
1.537081727313528365e-02
3.875865504913926247e-03
-4.302769277181463931e-02
-2.630631691331233174e-02
-2.879279171345367969e-02
8.421152801589239234e-02
2.713613877999384444e-02
-2.759704942492812244e-02
8.216969666323323263e-02
-7.160363889767787371e-02
1.798538932617671157e-02
-5.798464782274872359e-02
5.036781767379835267e-02
3.267084322273255959e-02
4.198042329521516763e-03
-3.034319820161606590e-02
-8.164512614545789762e-03
-1.607807545448605158e-01
-1.111694262049125054e-01
5.645677057181326675e-02
-8.114125780691135159e-02
1.184670182714397668e-01
2.636508336059590479e-02
9.588966291962148017e-03
2.150194531970075693e-02
-9.394173865364740389e-03
1.225024083579950331e-02
-1.843643923162108580e-02
2.780276977424871523e-02
1.107396141694151279e-02
3.506503815971839799e-02
3.883130327486174205e-02
-5.056627849028263316e-02
-1.303280101102941187e-02
-2.434052005701280857e-02
-5.517536142968793023e-02
-4.452479887315660689e-02
-3.198579051318405087e-02
-6.844630719202035585e-03
-2.844359525356125740e-02
1.422165152931202832e-02
3.527758898551637372e-03
-3.689765457877930421e-02
-3.026789923044317238e-02
4.134858113094030604e-03
-9.740807742072287931e-03
3.290143876518392824e-02
-3.933351248353498392e-02
7.802062259473188655e-02
1.558007754732725070e-02
-8.824337481901378677e-02
-7.968043761478223186e-02
1.010195615039309741e-01
4.340920867861147031e-02
2.648946100553104324e-02
-8.303388334137955240e-03
2.931738574116649759e-02
1.974228594618389898e-01
-3.811383707865893117e-02
4.294469261683713651e-02
-1.486402026809174361e-02
-1.589786305147058987e-02
1.196529976386081356e-03
-2.989087036314174925e-02
-2.115520061043082295e-02
2.377339319384354568e-02
-8.938179987997303677e-02
4.321461020899823591e-02
9.967381909718400768e-02
-1.175454152881334896e-01
4.647878114623385688e-03
-9.149003673031420869e-02
2.710792853430398289e-02
1.280258330685890393e-02
2.715840940790853822e-02
-3.053123404011101605e-02
-2.333940982372544395e-02
-1.819651696111676542e-02
4.924208462051360424e-02
2.805754864595657108e-02
8.498496465610039241e-02
8.331337451593710808e-02
7.340042281346297048e-02
-8.359194040652685731e-02
7.272908647315041997e-02
2.562111810629522438e-02
-4.979771260533527068e-03
-9.233989410156895339e-02
-7.791991273971000942e-02
-7.508542705223751612e-02
-1.474948321127152878e-02
-2.215895067384048359e-02
5.425102457650945315e-02
3.927281318353464251e-02
2.229008910508119973e-02
4.297485586661874829e-02
3.431992427704389642e-02
8.825858238999821637e-02
-9.829893780221689303e-02
2.152049466036926387e-02
-3.360506096677591537e-02
-9.878410902334507082e-02
-7.010478634383769669e-02
6.849480567411131426e-02
4.884027292055006381e-02
2.327028053185873149e-02
-6.315518165470408729e-02
5.254900921868981695e-02
1.958332652664667439e-01
4.696316562409721951e-03
-7.099867446942235982e-02
-6.654801492297983401e-02
1.457479765870040717e-02
4.194397869392436917e-02
8.556729237312908631e-02
-1.645774717461601783e-02
1.486093374915740395e-01
3.944648445023180017e-03
-1.846812928391363684e-01
2.084646811149696785e-02
-1.960473198886225274e-02
1.952825147540307171e-01
-5.932355891337767750e-02
2.676894042511985400e-02
-1.477301833796617996e-02
-4.394430828981352871e-02
-4.554447523992495583e-02
-1.332399593624685255e-02
-7.479630352043983507e-03
3.573996816190227327e-02
7.559819893996244655e-02
-2.041222770639280018e-04
1.359328866785547152e-01
2.016386614500220165e-01
-2.160310522209717143e-02
2.548957160971117991e-02
-2.930133181243293680e-02
-2.706560560900356932e-02
-2.811527058030371257e-02
3.702650582895986031e-02
-3.827899103086481597e-02
1.247429221922632531e-01
-1.730003203699179842e-03
-1.060559140470237471e-01
5.789484657871567935e-02
1.233857018981842843e-02
-3.119707241361669922e-02
-6.627212916526233760e-03
-3.240547984131678799e-02
-2.945715567802337231e-02
-2.219629620952099161e-02
-5.056581500865810208e-02
5.235499849751348161e-02
