-3.401833531480707301e-02
1.466914731635188818e-01
-1.040254909717751447e-01
-3.781172897857865145e-02
7.945377509762276136e-02
3.968094913829865213e-03
-2.183013707975866007e-03
-7.872862745307263391e-03
-3.259330005535466396e-02
1.971641265696355561e+00
-1.561910540550297544e-01
5.802347501105589028e-02
8.938968642449503232e-02
-5.626303485689015255e-02
-6.353465057934368221e-02
-2.899343147566801546e-02
-7.160751279700483529e-02
8.584661795055384959e-01
-1.753907801209078077e-01
-4.073771472964211882e-02
-1.274077056451976796e-02
-7.494392849245792854e-02
-2.043836357689634772e-02
1.185333244424766454e-03
4.733337640680561342e-02
1.107008313258494268e-02
-3.792911848830633065e-02
2.209256647447969610e-02
1.214620284817968972e-02
-2.086155574142905395e-02
7.790029502586476307e-03
6.101663869162941151e-02
-5.549329435818677048e-02
3.611052562108531261e-02
9.047277703277958882e-02
-6.432903414953880517e-02
-2.606459596550261479e-02
-8.145496554482599058e-03
-6.035764511983983394e-02
-2.869033168516585408e-02
-3.255474604639111563e-02
4.216332287881089519e-02
6.591823316063832351e-03
-4.551371708334336214e-02
2.671192021445418369e-02
-1.898240549329200874e-02
-8.576328864409660246e-02
2.897560726074903392e-02
3.880118884193687473e-02
6.509565900955394634e-03
-5.180249202208470766e-02
3.235685524887786657e-02
-6.384063244580356900e-02
-1.753224534740690371e-02
3.443904789513149711e-02
3.704179751663648490e-02
-5.871589302542553485e-03
-4.440553978127387974e-02
1.694691804840223540e-02
-3.823755349791066460e-02
-1.391490069347506991e-02
-2.297594332079454932e-02
-6.244405364682673563e-03
1.250702392171226529e-01
-7.015085255626093974e-03
-4.579253222566350562e-02
-8.818216710771145314e-03
4.570125179752227568e-02
2.560867563973742711e-02
8.607222015812179827e-02
5.454016451653419945e-02
8.026332996266569153e-02
1.149928211924115956e-01
-1.163443091638663440e-02
1.064800208031239231e-01
-1.624095486461047191e-02
3.077505092196346562e-02
-2.767424567052845577e-02
2.811359038716674391e-02
1.313201546057183866e-01
-1.122650259042514732e-02
6.976269627025409592e-02
-1.126156402864603723e-01
-3.851493788488787734e-02
1.568053651668386422e-02
-1.851482142669117481e-01
-1.126987709911492774e-01
-1.761754686343644238e-01
1.219198393436260880e-01
6.399090582525075732e-02
-7.984385717444540675e-02
-2.688313197856059822e-02
-1.474801160849664033e-02
9.808308221765362975e-03
9.399077820304932440e-02
-5.220337968032683074e-02
-1.617277070572679942e-02
-1.329192131957313699e-02
-2.555867558803045711e-02
-6.905017423368391138e-02
-2.849801701422524560e-03
7.442209940824663639e-02
-5.127857703172664094e-02
-5.822097213050763526e-02
6.418350253420557205e-02
-6.518883761228873031e-01
9.758026132044180651e-03
2.914734784613209201e-02
6.240808498632679363e-02
3.268416330226653344e-02
1.828932498337855830e-02
-6.094260371289884209e-02
1.998266653122574357e-02
-1.048217665469822618e-01
-3.239739527552481374e-02
-5.641251500442235473e-02
2.779008984696993562e-02
-3.850925379063791908e-03
-1.464708606784856891e-02
-1.330237288452686822e-02
4.162383997764754900e-02
-2.913989440402735276e-02
-1.134682044797225876e-02
-1.338526855753725993e-02
1.505181649403433165e-02
6.505224425168922020e-02
3.918573592273060652e-02
-6.697355771400292923e-02
2.471717404208608956e-02
3.406613414794999739e-03
2.861491001953207422e-02
-1.997383080906176694e-02
-7.059370952754495665e-02
1.485297088032713417e-02
4.806891979628582362e-02
6.027338038730212233e-02
-1.932903315065417904e-02
1.302856538590697368e-02
4.182248581442801066e-02
3.198300210945632244e-02
-8.135345154361285358e-01
3.965557599965553737e-02
1.083981025798581299e-01
1.370681245901047597e-02
4.675740410307963231e-03
-1.317808207352044779e-03
-2.999383793945283039e-02
2.686305439742390361e-02
-1.169080987474315804e-02
-6.652154478989295849e-02
-4.530543788563997504e-02
-5.043233739403831829e-03
8.674991049993682757e-02
-1.057070177709332377e-02
-8.100076535715790282e-02
2.394842508327642283e-02
-6.615476022820260260e-02
-5.497683574782943200e-02
-2.107119077812784000e-02
-1.812975903894230648e-02
-2.341515877000965862e-02
1.479425849808740576e-02
-1.136840223185141795e-02
-2.870220078493059684e-02
-1.333085461090787738e-01
-9.803536784902015799e-02
3.295353017111058574e-02
-6.478993127109644590e-02
1.311385573793178161e-01
1.030485230421297055e-02
2.075925673440968955e-02
9.243004887295729055e-03
7.047171633481447151e-02
1.291957532079003775e-02
-5.043425510564016057e-02
3.695193315435827547e-02
-3.454691715293153886e-03
-4.927199701434558168e-03
6.190730886471802058e-02
-1.047929046568612660e-01
7.069790347747230592e-03
-3.337164271349149502e-02
-7.525984044733485812e-02
-6.833644178396941493e-02
-4.434691112906961885e-02
4.302774295130595145e-02
-4.511810001049181701e-02
-1.629561295039590706e-03
5.337092304649190128e-02
-6.015778299412307718e-03
-3.851135071389462372e-02
-1.347693531900003537e-02
-6.495962414298048215e-02
5.818133403792696834e-02
-9.779700459646753496e-03
8.323548768697240641e-02
-3.145765930165131397e-02
-9.434005290469070493e-02
-3.086262960116816292e-02
1.468587099543624819e-01
-1.799992753973351373e-02
-3.704594582576217765e-02
-4.852211669247628173e-02
1.108191624312391405e-02
1.503135698642005802e-01
-4.334865887751314546e-03
3.952058849299944221e-02
-6.464833496743024877e-03
-5.391744220853063665e-03
-1.892230679138607067e-03
-1.738565902741635166e-02
-2.834679175648010391e-02
-2.146545201198398270e-02
-9.853257148911559460e-02
5.092152865731854744e-02
5.565637696411272761e-02
-6.758391147992491577e-02
3.449176843851721463e-02
-1.187621182333439690e-01
-8.935626785770693636e-03
2.148888026348743513e-02
2.825077250212092508e-02
-3.235046532511837852e-02
-2.291199156830904440e-03
-2.096152059009121632e-02
1.253334482559897295e-02
2.036137013691253356e-02
6.477721018149709686e-02
4.024756791569394920e-02
3.405093127072039011e-02
-1.288513701030679637e-01
2.642295757941438492e-02
5.413794305351652542e-02
3.004405833335840187e-02
-4.650649676916053521e-02
-4.155752578955602267e-02
-4.953479474777528618e-02
-4.698959263275341580e-02
-2.924710116628359557e-02
5.664915664992990069e-02
-1.169756042523435562e-02
5.705446877951998036e-02
1.439037712384026030e-02
5.321227078770585095e-02
1.069539034249192277e-01
-1.019170922933676643e-01
-6.256029737712168193e-02
-9.773726541958231706e-02
-1.292307817416862847e-01
1.652896451964131538e-03
7.306324613156660319e-02
4.256852336835367789e-02
-1.019354277021874110e-02
-1.833486530898580796e-02
1.461349563414555269e-02
1.748828884152321683e-01
6.924658433162254878e-02
-6.197298846727757049e-02
-3.677740744358487524e-02
6.659549750753605835e-02
5.751685835223614707e-02
1.097653171085011536e-01
-2.100962863678618175e-02
1.210353798826420968e-01
4.832360893680694158e-02
-7.245440244417904185e-02
-1.059693351583699920e-02
-5.344970162552139603e-04
2.651726345283722530e-01
-7.757597334374116693e-03
1.753180613195768831e-02
-4.835935725510827343e-02
-6.202829729702288158e-02
-1.280907488334907807e-01
-5.268191592935662221e-02
-5.462082591965075097e-03
2.045231417596389198e-02
8.764358907851035885e-02
-3.045026358332681565e-02
1.956526260935553818e-01
1.600046075610254970e-01
4.803887980987629758e-02
2.946020732708437215e-02
-9.079740866292922152e-02
-2.927070128470195612e-02
-5.469058479078044155e-02
8.301398795735284719e-02
-4.113790316864068125e-02
9.253074966456278916e-02
-4.665473124879664091e-02
-1.779789254614894123e-01
3.991500396639460768e-02
3.055402125570092983e-02
-4.082708846329143743e-02
-4.351518983884724093e-03
3.341812316581278114e-02
-5.131541824733305140e-02
-1.832744565268485185e-02
2.614497900297493588e-03
2.277349878451017176e-02
