-7.968814076967904725e-02
1.809387292660421809e-01
-8.304100500171321397e-02
-2.238996013822413741e-02
9.894174806057566551e-03
4.477880841458742323e-02
-9.879802937608593225e-03
-2.122034469446078264e-02
4.809900906971540172e-03
1.153258364405042036e+00
-1.028612389652716341e-01
8.948481358998294777e-02
7.429206437947864783e-02
-1.656478542942023055e-02
-3.868977926938935337e-03
-1.899605582022903180e-02
-4.491253351604824855e-03
1.107691377668299948e+00
-1.602343332656590569e-01
-6.135722205603429819e-02
-1.500298837905168770e-02
-4.540846474451501469e-02
-1.033491724290971497e-01
6.489234205196035485e-03
5.121971351524896854e-02
-2.218852945036990231e-04
-8.493162334108102229e-02
-2.586439671619029240e-02
3.816336207972254035e-02
4.426517566026256373e-02
-1.483899665880768215e-02
2.618892864237092749e-02
2.927289092767936321e-02
3.653938507694631799e-02
7.246025879001101455e-02
-6.733108721077679659e-02
-1.020006789629243973e-02
3.209955731246357663e-02
-2.637299447521637696e-02
-2.684907686167199020e-02
5.239717851931786040e-03
-1.847512614309938100e-02
3.056099079770429119e-02
-1.433251064689408834e-02
-1.710006787310669463e-02
-2.820464198005924548e-03
-5.395663262381018843e-02
1.856197783594542433e-02
-2.387770771560887920e-02
-7.413796743937306997e-03
2.655621455531933378e-02
4.123230105619078018e-02
6.340807233632044654e-03
-1.587448783743268532e-02
-1.896755184501197969e-02
-8.582593441081564842e-03
6.711860171451417348e-03
-2.733714996691604879e-02
-5.807434979161495148e-03
-5.240209165771837763e-02
2.273959326807375309e-02
2.538095549045185639e-02
-3.127039291659471781e-02
1.593825522294737840e-01
-4.900920039869363642e-02
-6.292290271868457296e-02
3.595059428120649450e-03
1.650568680982360606e-02
-3.647288151005131235e-02
5.699928212717996628e-02
8.671126100437612574e-03
9.184256145655717019e-02
5.251237149195463194e-02
2.043422937665925407e-03
8.185949632468002279e-02
-2.829820436522657509e-02
-1.707597709366433930e-02
-1.111485751179353519e-02
2.389988962320719473e-02
6.384530015675249359e-02
-5.443159919628933266e-03
7.901928472229716172e-02
-6.701851702120339982e-02
5.381456855839300210e-03
3.197030205376799605e-02
-2.069875975656148281e-01
1.417285571485614459e-01
-1.315797771740303546e-01
3.868155821021562052e-02
3.179059145233482930e-02
-1.019761494986483157e-02
5.692404438476667689e-02
5.245343359172652091e-03
-3.965937748298250382e-02
6.413394160362392848e-02
-2.730230548087403744e-02
-2.222103881243120069e-02
-9.774372349237012494e-03
-5.701453729346981497e-02
-3.346402786471261437e-02
2.589492812671996200e-02
6.154051063947464650e-02
-1.071445945681617079e-01
7.664767612756072076e-04
3.756313847218250429e-02
-4.226889882718913860e-01
5.329077491481135770e-02
5.307285525957242296e-03
4.948788064248289820e-02
2.682207337301833680e-02
4.150333451060710110e-02
-7.569301032414851860e-02
2.788965836521443628e-02
-3.424489740771567703e-02
-3.332564585368057858e-02
1.025651975112463468e-03
-4.170425545788221215e-03
4.289233057501659618e-03
-4.608493684803792846e-04
-2.705010254001100761e-02
3.854459105657524060e-02
-2.459137087382266915e-03
-1.292241555456592229e-02
-4.124287691758757313e-02
-8.677505341995639387e-02
5.533076741611987759e-02
8.681026150063537658e-03
-6.425563514776823359e-02
1.660490203769816528e-02
-4.417100728403363513e-02
1.946372020041589254e-02
4.905686291306037006e-02
-1.404260715776828664e-02
1.464561964156355957e-02
2.487735057082460927e-02
5.728508332029310507e-02
-1.693323326436066076e-02
-2.858593946024934676e-02
3.665793537180155048e-02
-2.331826203702704395e-02
-4.902316348665040624e-01
6.091909051849733747e-02
6.042674122415337551e-02
-1.537727612350532104e-02
2.252600776629713406e-02
1.930161890880970673e-03
-4.299013358024324910e-02
3.974242987534668675e-02
5.200379744562225875e-02
-4.999942667976085137e-02
3.492600501351687120e-02
-2.659739823481443305e-02
7.191075663432690279e-02
7.957132940569624363e-03
-8.743598942763754212e-02
-1.176466567926307515e-02
-6.660821364711262682e-02
3.916104732033492963e-02
-2.805796316097078705e-02
-1.539812353339624178e-02
6.428988681646737036e-02
-3.258278775870232513e-02
-2.282532519482770653e-02
-4.473620460821318284e-02
-1.180078221958569817e-01
-6.685495212944626842e-02
1.073240601384264914e-02
-4.165374149209627452e-02
6.523233992393051572e-02
6.667957304673166608e-02
6.956780021914323042e-02
2.188815672463327849e-03
-2.330352591525517575e-02
-2.877893443965028747e-02
-6.187997102372062158e-02
-3.158135064299551209e-02
1.439032746365824164e-02
-1.617450347305597266e-02
2.945850072036001674e-02
-1.105317473553074636e-01
5.119287996756693819e-03
-2.481031215094915005e-02
-6.153462462194588672e-02
-4.782733866599846867e-02
-5.943848046192074658e-02
-6.453951034320298645e-03
-6.779441743750135030e-02
6.095692016920366274e-02
4.676096302118182280e-02
-1.175425975883790004e-02
-3.316129317354336165e-02
1.082012256132334517e-02
-3.606730750098476046e-02
4.111665688368748572e-02
5.348516630839772468e-02
3.879102390863433530e-02
-6.639600084682771575e-02
-8.469986074220015038e-02
-1.055385601702963499e-01
7.843040895607153451e-02
2.108788163525433801e-02
-4.285916310336896490e-02
-8.945604482301940802e-03
5.789189642194211144e-02
1.214512952653191147e-01
-3.107978238028398857e-02
2.426226173906914294e-02
4.489825979180381114e-03
-1.698099985110535989e-02
-2.173472044652203713e-02
-1.845827959158689510e-02
-2.652653153227590641e-02
-1.283559943076045123e-02
-1.361777527971282653e-01
1.763185005972647823e-02
3.121677851610557552e-02
-6.140647068613617338e-02
6.941671347376755785e-02
-6.837539424197620896e-02
5.067877427673965485e-02
2.246238397431660205e-02
1.667996720439608380e-02
-6.979484662671861517e-02
-8.176616316221860595e-03
-1.991602797667868172e-02
7.024671571814768145e-02
5.858262479453214475e-03
1.081030879955510379e-02
7.964575828177947181e-02
6.263640068373496628e-02
-8.547330557732674139e-02
-5.765511200148119159e-02
6.880753437223456614e-02
7.119980792085751908e-02
-6.976836745207043444e-02
-4.915909623989607458e-02
-5.292024563231152029e-02
-1.145765216425017816e-02
-6.322257847236462114e-02
5.230683513232230880e-02
2.615558069077669398e-02
3.880916411932615329e-02
1.969813993836470184e-02
7.597899067983639176e-02
3.793435805754381829e-02
-9.665912595980552524e-02
-3.270853090398437302e-02
-7.858690219561416390e-02
-8.813425975420074998e-02
-4.557476976976808369e-02
5.650895631603300440e-02
4.530933514581220178e-02
2.479997078174575251e-02
-5.107936598538236062e-02
4.455319003812242135e-02
1.641346814396678344e-01
7.152172091175454383e-02
-5.345636855925298137e-02
2.267958961400034362e-02
1.628922087444657730e-03
2.526169644952893159e-02
8.967636999929852470e-02
5.396681063890133162e-03
9.685724815053635417e-02
7.051327801242688112e-03
-4.834679947348967388e-02
3.320402081287367191e-02
-1.449168506754133908e-03
2.608828195821911722e-01
-1.110397891834031259e-01
3.653085114195274430e-02
5.222799174309250385e-03
-2.450738775823018203e-02
-4.826432145526213247e-02
-6.340831209800133761e-02
-2.429597592004408349e-02
2.295008195791981009e-03
5.896618156748451023e-02
-1.023266916150903233e-01
1.555328227523148643e-01
1.454495003514115758e-01
4.527189016769279928e-02
1.561571779778253219e-02
-8.830558133154636780e-02
-8.898235083176962712e-03
-6.896016507744544277e-02
7.398881591327891027e-02
-7.910169950667479688e-02
1.286772486125650206e-01
4.152316095729641221e-02
-5.412939277124118043e-02
-2.335249526251996499e-02
-4.471509899343514838e-03
-5.643680122380263786e-02
-7.403836095205221755e-03
1.351374821933478722e-02
-4.932818355454501175e-02
-5.608614844812328387e-02
-1.760465291740748520e-02
4.226495461580124374e-02
