-6.190215051174163818e-02
1.540039479732513428e-01
-9.984277188777923584e-02
-4.253332316875457764e-02
2.290576510131359100e-02
5.485690385103225708e-02
8.687638677656650543e-03
-2.894225530326366425e-02
-8.970826864242553711e-03
1.573226094245910645e+00
-1.706936508417129517e-01
1.034942343831062317e-01
1.091041862964630127e-01
-4.178166761994361877e-02
-6.295254826545715332e-02
-1.302801445126533508e-02
-4.419232532382011414e-02
1.155650734901428223e+00
-1.667812019586563110e-01
-7.244891673326492310e-02
-1.823026500642299652e-02
-1.310500968247652054e-02
-7.198886573314666748e-02
-3.225772175937891006e-03
6.801202148199081421e-02
5.047422274947166443e-02
-1.472861412912607193e-02
-1.010628137737512589e-02
5.580754578113555908e-02
-5.319342017173767090e-03
1.825140934670343995e-04
4.050714522600173950e-02
1.942900754511356354e-02
3.988654911518096924e-02
5.202177166938781738e-02
-8.297847956418991089e-02
7.916493341326713562e-03
2.601247094571590424e-02
-5.964525043964385986e-02
-3.200127184391021729e-02
-1.103498507291078568e-02
3.787728399038314819e-02
1.595939509570598602e-02
-3.573150560259819031e-02
-1.948771625757217407e-02
1.014516595751047134e-02
-5.328606069087982178e-02
3.579696640372276306e-02
2.322345227003097534e-02
6.661283317953348160e-03
-2.355559170246124268e-02
1.561128906905651093e-02
-1.667917892336845398e-02
-1.948657259345054626e-02
-1.793363504111766815e-02
1.321990322321653366e-02
1.431045681238174438e-02
-3.525710478425025940e-02
3.237750148400664330e-03
-4.098733514547348022e-02
1.773252151906490326e-02
2.353964559733867645e-02
-1.550775859504938126e-02
1.676533669233322144e-01
2.972475998103618622e-02
-4.609551280736923218e-02
-3.606821876019239426e-03
3.548405691981315613e-02
1.140660420060157776e-02
8.896949887275695801e-02
1.873319782316684723e-02
4.620052129030227661e-02
1.273126900196075439e-01
-2.450795844197273254e-02
8.611987531185150146e-02
-2.305182442069053650e-02
2.411540783941745758e-02
-3.050658479332923889e-02
3.008742118254303932e-03
1.411367356777191162e-01
-2.379875443875789642e-02
5.224649608135223389e-02
-4.156557098031044006e-02
-2.402647398412227631e-03
2.465421706438064575e-02
-2.245657294988632202e-01
-5.737595260143280029e-02
-7.205309718847274780e-02
1.199878379702568054e-01
7.315810769796371460e-02
-5.805767327547073364e-02
-3.776597091928124428e-03
-7.621224969625473022e-03
-3.918805625289678574e-03
1.159091964364051819e-01
-6.412557512521743774e-02
-2.826265059411525726e-02
1.061554905027151108e-02
-2.974291704595088959e-02
-4.110194742679595947e-02
-5.231829825788736343e-03
1.436767634004354477e-02
-8.574049174785614014e-02
7.486811839044094086e-03
5.786162614822387695e-02
-5.643649101257324219e-01
4.051674529910087585e-02
4.188405349850654602e-02
8.593545854091644287e-02
3.772287815809249878e-02
3.427305072546005249e-02
-6.153928488492965698e-02
6.980275362730026245e-02
-7.819536328315734863e-02
-5.125133320689201355e-02
-1.655503641813993454e-03
-5.079900845885276794e-03
1.966293901205062866e-02
-1.151937991380691528e-02
-1.824752241373062134e-02
5.710597336292266846e-02
-1.295725535601377487e-02
-1.868164911866188049e-02
1.207676623016595840e-02
-6.925939023494720459e-02
7.143072038888931274e-02
2.555091679096221924e-02
-4.439901560544967651e-02
4.611634463071823120e-02
-1.298559922724962234e-02
3.125504404306411743e-02
1.924363151192665100e-02
-3.176516667008399963e-02
-2.621381916105747223e-02
-2.208086429163813591e-03
7.373908907175064087e-02
-5.474443547427654266e-03
-2.799789048731327057e-02
7.489688694477081299e-02
8.928780443966388702e-03
-5.349104404449462891e-01
5.018337815999984741e-02
5.202905833721160889e-02
-1.948273566085845232e-04
-9.260685183107852936e-03
-2.352938055992126465e-02
-1.736305095255374908e-02
-3.416392579674720764e-02
3.591818735003471375e-02
-2.863817103207111359e-02
9.326239116489887238e-03
-1.499265525490045547e-02
6.873231381177902222e-02
2.598466910421848297e-02
-6.461528688669204712e-02
5.134966969490051270e-02
-7.579705119132995605e-02
-2.193553000688552856e-02
-2.165620215237140656e-02
-1.932653598487377167e-02
4.146880656480789185e-02
-8.610402233898639679e-03
-4.012044146656990051e-02
-8.723010122776031494e-02
-1.509581357240676880e-01
-1.009009182453155518e-01
4.245061799883842468e-02
-4.261693358421325684e-02
1.102373078465461731e-01
3.608260303735733032e-02
6.021961569786071777e-02
1.337400730699300766e-02
3.926929831504821777e-02
-3.630560263991355896e-02
-4.997822269797325134e-02
2.922010049223899841e-02
5.572618916630744934e-02
-2.717063203454017639e-02
4.002808406949043274e-02
-4.286463186144828796e-02
4.210472572594881058e-03
-2.762328647077083588e-02
-4.012659564614295959e-02
-5.343616381287574768e-02
-4.448070377111434937e-02
-1.685800217092037201e-02
-6.541746109724044800e-02
3.259415179491043091e-02
1.861009374260902405e-02
-3.558065369725227356e-02
-5.878575518727302551e-02
7.483755704015493393e-03
-2.845125459134578705e-02
7.463692873716354370e-02
3.864705795422196388e-03
6.526698917150497437e-02
-5.793609842658042908e-02
-6.752473115921020508e-02
-5.833183228969573975e-02
1.555049270391464233e-01
-2.131901122629642487e-02
-1.151531487703323364e-01
-5.799775943160057068e-02
5.067576840519905090e-02
1.185532584786415100e-01
-3.922945261001586914e-02
1.863159239292144775e-02
1.505440194159746170e-02
-3.647052869200706482e-02
9.904944337904453278e-03
-3.539031744003295898e-02
-4.757121205329895020e-02
-2.694843523204326630e-02
-1.392941921949386597e-01
9.376805275678634644e-03
5.978305637836456299e-02
-5.763787031173706055e-02
8.354595303535461426e-02
-1.611163467168807983e-01
3.477513790130615234e-02
3.717149049043655396e-02
2.111599594354629517e-02
-3.689334541559219360e-02
1.535383611917495728e-02
1.158403605222702026e-02
4.388048127293586731e-02
4.570995457470417023e-03
1.092891581356525421e-02
6.236731633543968201e-02
5.884567275643348694e-02
-1.098403334617614746e-01
-5.374067928642034531e-03
2.445580624043941498e-02
5.113712325692176819e-02
-8.120917528867721558e-02
-2.737526036798954010e-02
-5.506963655352592468e-02
-3.868394717574119568e-02
-5.579599738121032715e-02
6.100663915276527405e-02
1.184253022074699402e-02
9.789029136300086975e-03
1.060687005519866943e-02
3.340898826718330383e-02
7.770009338855743408e-02
-1.361442208290100098e-01
-4.597816988825798035e-02
-8.581139892339706421e-02
-1.183629333972930908e-01
5.616368725895881653e-03
7.571942359209060669e-02
2.567714266479015350e-02
-3.898633271455764771e-02
-3.144229948520660400e-02
5.020871013402938843e-02
1.254084557294845581e-01
8.578076958656311035e-02
-7.928878068923950195e-02
3.345960285514593124e-03
-6.631403230130672455e-04
6.701532006263732910e-02
1.001773476600646973e-01
1.146178692579269409e-02
1.073080822825431824e-01
2.277358621358871460e-02
-9.863067418336868286e-02
2.024880424141883850e-02
3.084258176386356354e-03
4.034712612628936768e-01
-6.268448382616043091e-02
-3.194665908813476562e-02
-3.414286300539970398e-02
-2.319545298814773560e-02
-1.093265190720558167e-01
-4.296220466494560242e-02
-3.443707898259162903e-02
1.907725073397159576e-02
7.961270958185195923e-02
-5.953402072191238403e-02
1.528372913599014282e-01
2.000648677349090576e-01
3.933819383382797241e-02
6.575891375541687012e-02
-1.195726618170738220e-01
-2.559028007090091705e-02
-1.110783293843269348e-01
4.709073528647422791e-02
-6.594398617744445801e-02
1.266810148954391479e-01
-6.477420777082443237e-02
-1.379290670156478882e-01
1.939150132238864899e-02
-8.647257462143898010e-03
-2.040712861344218254e-03
-1.670476421713829041e-02
-2.236850373446941376e-02
-4.809169843792915344e-02
-6.115741282701492310e-02
-2.725882083177566528e-02
4.911506175994873047e-02
