-3.339607302072518380e-02
1.075077578989516586e-01
-5.489789208300625140e-02
-2.651382890247144797e-02
6.869397127932103109e-02
-2.641974327582814232e-03
1.310759332157826124e-05
-1.233529508041916745e-02
-7.491008405033478500e-03
1.988983776894313493e+00
-1.758487924200028696e-01
3.017735399758805781e-02
9.059456387214807893e-02
-4.190578941905539340e-02
-7.968980966391076004e-02
-2.302126592134916966e-02
-6.314827616972853996e-02
8.887395493065930463e-01
-1.298104232478075049e-01
-2.086058646076004511e-02
3.392482954400079416e-03
-4.516420424511281145e-02
-1.031291107401581010e-02
-1.957687451729507935e-02
5.823573148655179083e-02
3.660246476913516303e-03
-3.737745510184810327e-02
1.687351367934307803e-02
-2.690781742266697835e-02
1.951065920610603119e-02
-2.712677646703389334e-03
1.015768756383310933e-01
-3.742039242986798520e-02
6.541045266511145984e-02
7.742964443902830562e-02
-8.555258898652014221e-02
-2.364315859085508800e-02
-3.973520403910595772e-02
-7.765571454044381539e-02
-3.147499646214221847e-02
1.724052520966011179e-02
7.064182081571328264e-02
-3.089203558066104614e-03
-2.687432698685169631e-03
2.749444073293598467e-02
1.861231215145671327e-03
-7.699730371055008016e-02
3.725913376871075222e-04
3.103313723116237627e-02
1.046949239785911062e-02
-2.310504481704164781e-02
6.743400510427481620e-02
-7.131959424562980820e-02
7.648689127249721359e-03
4.423215759075907472e-02
3.954865870018907381e-02
1.500104351143034635e-02
-3.827719366306035764e-02
2.062442703519472634e-02
-6.757397386957365859e-02
-4.348628534428730652e-02
1.683517074433626276e-02
-6.555870143540089637e-03
1.205869180767980831e-01
-1.294371161935367089e-02
-3.361934053209908457e-02
-1.807640078066310302e-02
1.444399886010420096e-02
-2.201648587323166290e-02
8.257867105169796815e-03
2.565555630950722837e-02
4.437698967407130435e-02
8.638992046183519014e-02
-2.061598011123842722e-02
9.040305630027516137e-02
-2.828454650532188919e-02
-2.549402820816768292e-02
-4.334777866548443839e-03
-1.210680156290884837e-02
1.403059333666742681e-01
-3.608121599304271732e-02
8.495529110535733619e-02
-5.401680310993855344e-02
-1.273388623653965400e-02
9.470318560188819082e-03
-1.784211579326091257e-01
-1.056604224301106593e-01
-1.369176597067475187e-01
1.337402562187164912e-01
4.969377499910317131e-02
-7.737566160907970170e-02
-2.906584884781237069e-02
1.153309721388588987e-03
3.479337228999434400e-02
1.161547702984013219e-01
-5.643285828442978769e-02
-1.035806574533332421e-02
2.876596759190385225e-02
-1.462832067353954033e-02
-8.237465795212833841e-02
2.395295400903581576e-02
2.879983514093796635e-03
-7.983658295297241247e-02
-1.328609951113597643e-02
5.347545811466536403e-02
-7.472158081377191507e-01
2.968029919824823146e-03
4.587295041644509630e-02
2.570516627469971935e-02
1.742452245843989847e-02
6.612811148492167036e-03
-3.782671852843053073e-02
8.269205488061494552e-05
-9.879051589022393165e-02
-4.323300126927654558e-02
-3.473596453015666274e-02
2.416392515660213680e-02
6.844184533343040423e-03
-8.059936244208859915e-03
-4.454467935204645818e-02
3.502950286536805902e-02
3.394013302510118495e-03
-2.500601897425995881e-02
3.970774689961003440e-02
-2.006132487399555145e-02
1.107722477510698633e-01
3.261984419050121403e-02
-5.589192543475095254e-02
1.320484912866486463e-02
2.996634112028030705e-03
-1.081445104778620478e-02
-4.083381109250631275e-02
-6.320441864259156162e-02
-5.503613395826475324e-02
1.269981416025434129e-02
8.360328045472385783e-02
-2.044447190433157716e-02
2.389128878520844351e-02
5.325311793087876555e-02
-3.583634380961273763e-02
-6.519015012914335383e-01
2.962634418812725226e-02
1.078445880073940905e-01
8.508864802495874971e-03
3.484251240920926973e-02
-2.395079797239534417e-03
-2.519992729421999256e-02
5.126285255943897326e-04
-5.607696232079250470e-03
-1.736585353308348761e-02
-3.939144576322241992e-02
-4.040599160119816291e-02
9.874794949323896509e-02
2.081886084078756263e-02
-6.681305006599605467e-02
6.278945397237134518e-02
-5.860390526744490430e-02
-2.845944873119824609e-02
-6.381227981533767191e-02
4.281487544234762604e-02
1.110411109295472362e-02
1.699328628015454867e-02
-2.957024499055164318e-02
-2.772722674681150912e-02
-1.387509410108210273e-01
-8.307415969777924569e-02
6.039924856955804222e-02
-7.023476934090468193e-02
1.179640400001477074e-01
1.734785925643395413e-02
4.042152949010534291e-02
3.278399353782085468e-02
5.505382736863040360e-02
1.209694716174782372e-02
-1.075920293086293951e-02
3.998037708881981706e-02
8.351096499340831397e-03
8.593522598668315582e-03
3.764811111366091895e-02
-7.296223348357853966e-02
-1.108313597329402093e-02
-2.301226517675045158e-03
-2.937872917576684131e-02
-1.090608296563351926e-01
-8.671212558386194244e-03
2.847103311349157527e-03
-2.925039734132460489e-02
-2.554671690095000613e-02
4.369477331464764053e-02
6.981802008026090703e-03
-7.251034056810412576e-02
7.212514929562009562e-03
-3.927713306117216335e-02
3.941428687206156856e-02
1.393552762780074332e-02
9.838860799243287492e-02
-2.684352477067559681e-02
-3.899203958918909946e-02
-4.380510056880048547e-02
1.393892885931815595e-01
-3.719421310986997103e-03
-2.518258523797352495e-03
-7.690497485450271953e-02
2.230302803697889122e-02
1.623399127596583114e-01
8.670086370549619226e-03
2.762389566412283906e-02
-8.394713867591403061e-03
-2.163126575055603421e-02
-8.421445630841257329e-03
-2.364123799238539506e-02
2.355031867427071976e-02
-8.859846445102469853e-03
-6.583518518591788271e-02
4.933886818489233855e-02
1.036413458921019992e-01
-8.378283580436048095e-02
7.073083602118204749e-02
-9.722489842094823864e-02
4.853301226861816281e-02
-1.140043965383990415e-02
-6.733900039295609430e-03
-4.599449215222033843e-02
-1.334006894635275491e-02
1.618221775247577487e-02
2.346760362939367180e-03
2.543029246791067219e-03
4.180266646989187068e-02
8.578631675307876736e-02
2.097536282660395282e-02
-1.176999535891089105e-01
5.623213513706709632e-02
4.719333919635170134e-03
5.204374674899555492e-02
-6.403284777306854358e-02
-5.714653371707055507e-02
-5.030333833315396574e-02
-5.218153526410025667e-02
-1.909828693167430619e-02
4.693273747631317161e-02
1.708841257442360317e-02
2.742698074205198594e-02
6.379736838773390761e-02
6.128294333314605359e-03
8.153059201780152310e-02
-8.922893593107712740e-02
-2.072370054450697538e-02
-1.053807404297814748e-01
-1.352152593576173567e-01
-6.280326909269411118e-02
5.134032962019827173e-02
2.908963377006258677e-02
9.323175370456243324e-03
-4.256521000565529483e-02
-6.123318335339698762e-05
1.728067293022460815e-01
5.359472068530382605e-02
-5.747374022588479930e-02
7.177406822288886178e-03
2.588294321609670504e-02
3.929843686694436955e-02
1.171666289471018779e-01
-3.896751280486904223e-02
1.789923257830898229e-01
1.236821314904028822e-02
-1.258663465251576297e-01
-1.142375885156850061e-02
-2.331057770349045932e-02
3.381328182370666458e-01
-6.508367890917128584e-02
2.818967883241329381e-02
-2.079240109362998426e-02
-7.576170770449806857e-02
-7.795433875228954812e-02
-2.002663664004667582e-02
1.025136228131884493e-02
2.004157691784204040e-02
7.829638662395650706e-02
4.880169294387453932e-04
1.415583284271521858e-01
1.740798305573843796e-01
1.952200351359064875e-02
9.128840479806053440e-03
-3.736629007769702582e-02
-6.727842426386181074e-02
-3.578031261606019753e-02
5.755686999226616862e-02
-3.955699640556287200e-02
1.246962486969604850e-01
-6.376027940569792274e-02
-1.803402232206916256e-01
3.913831006062562512e-02
2.068296407396094314e-02
-5.331219900182953414e-02
-2.306831646240071684e-02
1.541253482465414042e-02
-3.432919949653612940e-02
-3.841951577970297016e-02
-3.805748296816574561e-02
5.841179596300422744e-02
