-3.441072828913418688e-03
1.076826231660700239e-01
-7.260782213519663408e-02
-3.713712540856939359e-02
3.932746428839440506e-02
-2.139933237467759111e-02
-3.316942135432879996e-02
-2.005534476632795174e-02
1.738451428439614747e-03
2.017789213397370496e+00
-1.903987958088747545e-01
3.017912121505851586e-02
8.960190019511272974e-02
-5.632884908734305668e-02
-5.979787091685381112e-02
-3.007573031489953544e-02
-4.684568256914180273e-02
1.011074569936704082e+00
-1.702171266083366552e-01
-3.174448419735106247e-02
2.049235172610726005e-03
-3.609707136345444156e-02
-1.860572248456515698e-02
-1.041639705197725321e-02
5.572925497000118245e-02
2.188866675051140756e-02
-4.468512073179318339e-02
3.119896139644572422e-02
-3.138604141999636749e-02
1.366802710981854414e-02
1.163584981623641892e-02
8.557759877003008608e-02
-5.795382948689798558e-02
2.766879674575866213e-02
7.025991608809163680e-02
-8.631732738406264205e-02
-2.167867128785520500e-02
5.496195418261337617e-03
-4.710757795476275267e-02
-4.483750188766472827e-02
-5.515508606071934522e-03
7.773584286198692572e-02
-2.312166720053994342e-03
-1.969625961840452272e-02
8.761755417597759735e-03
-3.953501331440572794e-03
-7.992017060088421609e-02
7.697728283807032598e-03
-5.142052904728055748e-03
7.674226568464093644e-03
-9.781874261147181435e-03
2.749416242579045752e-02
-4.392276619778464480e-02
4.754161960533215270e-03
2.142544157168123006e-02
3.176004223157639222e-02
-7.763333318567857723e-03
-3.395245117317783473e-02
1.766329248044703690e-02
-2.739589601422488460e-02
-1.711462477799673143e-02
1.004799210232347169e-03
-2.338681062889576973e-02
1.397824124772090448e-01
1.551758659343453924e-02
-2.745276480925089996e-02
-1.585620816738096683e-02
1.339892903110222883e-02
-1.057106993270880667e-02
6.252896638891360104e-02
2.835057267752386437e-02
4.399137861250389248e-02
1.094171974131349923e-01
-9.168815666512338620e-05
1.032442514818747159e-01
-2.340887017707453041e-02
3.243468332629222996e-03
-3.099032305470938650e-02
1.786721052943726238e-03
1.071501757728539478e-01
-7.596577537913109211e-03
8.614535302109738168e-02
-8.363189993570359360e-02
-2.742722741252816288e-02
9.947722580280180665e-03
-1.483052042337424659e-01
-1.452726216350928579e-01
-7.761318084476585832e-02
1.223417945877988827e-01
5.941085260141044239e-02
-5.000433989175227106e-02
-2.923431353508879060e-02
3.436057701647467840e-04
1.919269175836316524e-02
1.107416605751841837e-01
-4.724769073751871468e-02
1.807629508122271034e-04
1.891650136571963736e-02
-7.655904531298639466e-03
-5.772100182188597689e-02
2.289746177710547462e-02
1.114006730653868509e-02
-8.305293405634366077e-02
-2.890224414094347272e-02
5.497496354375120547e-02
-7.422164519129571536e-01
1.814064619280028601e-02
3.078153995340826565e-02
3.658263475262558961e-02
1.014511672282179637e-02
1.272106794081719408e-02
-6.588050497463349142e-02
2.915740639730733316e-02
-7.372087842883295883e-02
-2.642020750009727720e-02
-5.014153215028868682e-02
1.353088461238252486e-02
9.160866585184402819e-03
-3.093648335357651255e-02
-2.727572748050725512e-02
3.830364502847015407e-02
-1.005313378111519912e-02
-3.126649535240731692e-02
-1.620765408164647836e-04
-2.460858859366430243e-02
7.200547034814559766e-02
4.524805087036398721e-02
-5.539425600416351958e-02
-1.006727792152885183e-03
-2.770731998018994505e-03
1.386420346252140168e-02
-1.576012581574910004e-02
-6.018473723475415565e-02
-3.015041720285609531e-02
4.073230519879078582e-02
8.260084269754006114e-02
-1.090708492974181397e-02
8.339100916293301982e-03
5.715751435899075333e-02
-1.720615625081065372e-02
-6.255887661018959545e-01
3.494703985798276041e-02
9.458556668389885014e-02
-1.107331686172149422e-02
1.355155627823390573e-02
-1.994918533949244580e-02
-3.828644759217362387e-02
4.792945309807472055e-03
2.140037871490680851e-03
-2.928438948753724416e-02
-5.394391354356591062e-02
1.409985868896994603e-03
8.715635382155986766e-02
1.693619232894746571e-02
-7.362420799146913997e-02
3.964157444903351757e-02
-5.079999636363972948e-02
5.550562134684762679e-03
-5.580855425959072719e-02
1.240199524134777886e-03
-5.141954174181135890e-04
3.440040964640680987e-02
-3.870353246922295792e-02
-3.592227056998673063e-02
-1.199741071461659370e-01
-1.025661832044625771e-01
5.905578634090437318e-02
-6.412934851942232728e-02
1.196754971159262326e-01
1.380282812129415490e-02
5.035002211347111567e-02
2.087555246040304763e-02
5.252419134990957833e-02
2.843321048457627537e-02
-2.691444741568276358e-02
3.239088993895546803e-02
1.517244722008364091e-02
3.516552908810275518e-02
7.393116341061872765e-02
-7.166511889739997365e-02
6.118514073032705995e-03
-8.141367493521720067e-03
-6.658552748300870794e-02
-7.997703939591023492e-02
-3.015766422856817203e-02
-4.767170869297399950e-03
-4.300027863321029958e-02
-5.762673348855032809e-03
2.842764266981570934e-02
-9.332041151554231959e-03
-4.168863031163375782e-02
1.537455034603036870e-03
-5.573680780029387216e-02
6.097543569154770943e-02
-1.045136915333489021e-02
9.097019655337898469e-02
-2.691047557512396202e-02
-5.070693043943908657e-02
-7.435085034084508437e-02
1.661259752162360381e-01
6.725084696649962640e-03
-2.710708258753205535e-02
-4.226178771345666385e-02
2.617270483420513355e-02
1.917216376637983499e-01
-7.453021739383449210e-03
2.479523252902602823e-02
1.435003737112924491e-02
-3.452770396970101380e-02
-3.212803914020693347e-02
-2.162092669746223592e-02
-4.468487554528033021e-03
-1.318555795634468453e-02
-9.245883877582973531e-02
5.060854098224344677e-02
8.373667690869539271e-02
-8.739936170296541684e-02
4.726335734141763611e-02
-1.166375005095536682e-01
2.599322106881661251e-02
7.360176121145457773e-03
-1.507122138016548513e-02
-5.012092924523058046e-02
2.124559771687530713e-02
1.313225115135967409e-02
1.641225589339349736e-03
1.494805994244591263e-02
3.819649399861586858e-02
4.185037379235780758e-02
3.698414711949311179e-02
-1.089874352171995714e-01
2.806002213605360979e-02
2.961405406341256416e-02
5.242354364350328144e-02
-1.909314603414380071e-02
-2.672869918012814663e-02
-3.489245102610211841e-02
-6.375965430489467789e-02
-1.099454323030158234e-02
5.941228210211270400e-02
3.665455809001566447e-03
3.050703239070537073e-02
3.786948937974347895e-02
1.923691942439427829e-02
8.756810792763597417e-02
-1.044344501475852754e-01
-2.358456305136023140e-02
-1.030871294502564428e-01
-1.219661724690932481e-01
-6.521635532937548885e-02
4.402911381205436986e-02
3.038754422694223481e-02
1.437846317354309284e-03
-2.939956019728065181e-02
1.913962652090189093e-02
1.759189163461110927e-01
8.130707580120365152e-02
-8.243130029526318792e-02
-2.168844798696191109e-02
2.902373722467888745e-02
6.433851161458101209e-02
1.095681092594239653e-01
-3.903744211933561636e-02
1.184745355765738778e-01
2.897705769351921826e-02
-1.427978121155185909e-01
-5.100494243172676127e-03
-2.850863926530235876e-02
3.324170921439794646e-01
-4.905349754742555080e-02
2.941941759058011238e-02
8.952668855373381931e-03
-7.462545923524332991e-02
-1.112797535914269026e-01
-3.739705206410926658e-02
-2.119511281865633576e-02
4.761527870037873811e-02
7.738674069555001589e-02
-2.826485149174152306e-02
1.406987115703888236e-01
1.742035878831843521e-01
3.355572672891559555e-02
-3.852166921848827492e-03
-4.514999797915647539e-02
-4.204730470429211137e-02
-6.864428353743273759e-02
8.077121932023688389e-02
-2.323949424829716351e-02
1.066166861107714081e-01
-6.245489291961281442e-02
-1.931862136086034964e-01
5.928532796379575032e-02
4.369136803347489773e-02
-3.276882097271942296e-02
-5.378428355248773135e-02
2.372496173425664434e-02
-3.310017923550273578e-02
-3.667712655853937881e-02
-1.784753159753876481e-02
5.808923758379841429e-02
