-3.639833176905622747e-02
1.156942413881171666e-01
-4.478440699322479290e-02
-4.689511429794231828e-02
3.173736920866262329e-02
-3.468917947308797212e-02
-1.669912128998705253e-02
-2.152669766913579280e-02
-1.062945902607208108e-02
1.867940312748654685e+00
-1.756014099355689140e-01
5.251759232255323595e-02
1.160523542546089693e-01
-4.316236616896384354e-02
-7.921213351874266395e-02
-4.803349993025023829e-02
-7.434185253256955783e-02
9.617869298641923415e-01
-1.482080475208701342e-01
-3.255931600771756751e-02
-8.681779110410289130e-03
-3.209405968577627721e-02
-1.430236061585034822e-02
2.825929576155227613e-04
3.563389954791197634e-02
8.444071340149985477e-03
-6.598214090041672197e-02
2.484269311859608770e-03
-1.936171567342445665e-02
2.437655850413946931e-02
-1.653885224977747620e-02
5.378380202994983289e-02
-4.791146089714628381e-02
4.080832821097553353e-02
5.596840773097074700e-02
-1.047901122233610705e-01
4.379463224096287639e-04
-7.644623481414955339e-03
-4.457164454131208597e-02
-3.229914716166940730e-02
-3.196585038023102426e-02
2.112514101410251782e-02
6.120494739687993430e-02
-5.043680787586481140e-02
1.655258061207416989e-02
-3.029327851479790557e-02
-7.509718080318007749e-02
5.174035201186968219e-02
-2.642664633931762416e-02
6.125135449662587848e-03
-2.260573311687025591e-02
3.633070571480229161e-02
-5.502052679086198023e-02
6.473348798876460072e-03
-3.721446389301440259e-03
2.739817121027002950e-02
5.404258964371990576e-03
-4.278197907991847238e-02
3.204361754394024348e-02
-6.285168577374609933e-02
-3.150916132023864197e-02
9.463540116964659632e-03
-1.840309931533550686e-02
1.241290630815992113e-01
6.921705603961280512e-03
-1.717609092260600351e-02
1.301689761704473425e-02
4.242798521600089218e-02
-1.836180886626926842e-02
3.415266868695127078e-02
4.493011300514841710e-02
5.144578900044168013e-02
8.299223206820051379e-02
-5.958501875499416615e-03
8.815952244382931069e-02
-7.014619239006932017e-02
3.889257056526386133e-03
-1.998704677406303379e-02
9.874980238006834943e-03
1.196533305194608099e-01
1.325047074503280485e-02
6.766868642446290105e-02
-1.125393290663056767e-01
9.981303020881097596e-03
1.055203675886138073e-02
-1.649514275099799032e-01
-4.694159548046838298e-02
-1.721277506903329813e-01
1.341849213661006901e-01
5.299414544531955845e-02
-4.911157559441125392e-02
-2.468262574817681188e-02
5.665901234602371481e-03
-2.316234832324525622e-02
9.191619107936384314e-02
-4.471139429771473633e-02
-2.867203778456216615e-02
-2.839451710512785193e-02
3.378599185107857006e-02
-4.482689758332884106e-02
2.632536859376896632e-02
6.083866896173582839e-02
-8.292204768860672592e-02
9.376997436380211243e-03
5.000119454367220329e-02
-6.908381898272397681e-01
7.793729069803706326e-03
3.169386780018105393e-02
2.996879264534079920e-02
5.155970938398739094e-03
-1.048096256276424831e-02
-3.696896343742835100e-02
-1.670879485478563367e-02
-8.638903619106461096e-02
-3.499567475096596048e-02
-2.917419720870308500e-02
3.809496242890160478e-02
-5.167191084124901504e-04
-1.482498499642611461e-02
-4.577829827863490880e-02
4.319205854723259796e-02
4.048468523892769649e-02
-1.757645731430548461e-02
8.827744412064306503e-03
-8.243690754848345681e-02
7.897663588475568874e-02
4.627494923650352782e-02
-4.227913809420053015e-02
4.057890865752572518e-02
2.527675647440036366e-02
2.820584637330746103e-02
-4.457771192100323625e-03
-6.049071037497134179e-02
-2.480968265492032934e-02
1.777671294665133725e-02
6.914269009865271765e-02
-1.609776337699260831e-02
2.513943375218837158e-03
4.823462644683340628e-02
-1.512328136840074494e-03
-5.690405678094108133e-01
2.105597733059026352e-02
1.182616410453950773e-01
-1.010389191284187874e-02
4.530816895604627276e-02
-1.293399939767077940e-03
1.830449513500687769e-02
8.404316050916061515e-03
-6.118368810841388721e-03
-4.165427783078665819e-02
-2.138804927673080419e-02
-1.389226303941219764e-02
6.978632129226287895e-02
-1.018627628582155975e-03
-6.888539566447288154e-02
9.222914308309956150e-03
-1.042742458386154841e-01
3.629926169035489064e-02
-3.531700634027431368e-02
3.336856995711338231e-02
3.804849112407955591e-02
2.461060246935225029e-02
-3.102378411521901705e-02
-5.418474462105018347e-02
-1.851803463296875230e-01
-8.950665030251588050e-02
7.661969058921901110e-02
-9.139753259695006238e-02
1.292607015308702700e-01
2.337240263797387557e-02
3.907005644357138680e-02
4.163329594117502926e-03
4.646112749434416073e-02
-5.148771738455888139e-04
-1.520941700526558076e-02
2.197639002211762907e-02
1.733410949258418904e-02
1.791980795214702729e-02
3.678703259231412559e-02
-5.170525323693677539e-02
-3.479262866723590447e-02
-1.392480678157325194e-02
-4.737232593430963645e-02
-7.154069371721129278e-02
-6.336175723880295430e-02
-2.348142944232221516e-02
-3.173023421379587289e-02
1.546091651975667162e-02
3.898007055999574977e-02
5.674960323897026981e-03
-2.714879375585813742e-02
-6.453548529607614631e-03
-5.725640106828817910e-02
6.074851186462393304e-02
3.368936650412092566e-03
8.532236268990478489e-02
-4.628244970641882949e-02
-6.145646008164304397e-02
-6.176960963945906519e-02
1.383296191410200993e-01
6.605341182745215478e-02
7.828659923768358647e-03
-3.363338461661654483e-02
6.057494743481031674e-02
1.695743246916681379e-01
-3.086148356055037900e-02
3.706879739190683393e-02
2.983063319928454943e-02
-2.273355389939092294e-02
-8.339964146864811603e-04
1.450134037809427609e-02
2.393447424688960204e-04
7.108505334012848835e-03
-7.863937155887132380e-02
5.046784691444759774e-02
1.119826084977545155e-01
-1.285357307372655133e-01
5.107016296473148448e-02
-1.408568494686374684e-01
4.070027600675666518e-02
-8.023276210263708547e-03
6.899239589321416906e-03
-4.798525063870551222e-02
-1.187991379556492706e-02
3.618775887486682091e-03
3.212813776462764004e-02
-2.709552988324185133e-03
4.156037379128511844e-02
4.579271643392864022e-02
1.137019381214261077e-02
-1.012829082952905607e-01
3.036759506723792773e-02
3.639147005733388285e-02
1.243768489909517164e-03
-4.630472722154041487e-02
-4.172923972655565028e-02
-5.221965113635214373e-02
-4.341599926752215399e-02
-2.342387699987946714e-02
5.654863723507734530e-02
4.615359835011260958e-02
1.361399000818874772e-02
6.906612472226530963e-02
7.922327556887145961e-02
7.960408081405345726e-02
-1.141015077116683957e-01
2.519112830457929247e-02
-6.781488302901926557e-02
-1.216238929596150931e-01
-4.976416586556291904e-02
5.141527018760367468e-02
3.066971781480532303e-02
1.267379639122956890e-02
-3.449569171427632058e-02
-7.693302453084330424e-03
2.138290068814144573e-01
4.466075460179840667e-02
-4.802563398528638533e-02
-2.072599122628086821e-02
1.696540937367243748e-02
2.601752336300894308e-02
1.026671170548490164e-01
-2.433566810208583411e-02
1.541204460360220685e-01
-2.797573105908110437e-04
-1.366328139750704607e-01
6.872886286580693997e-03
-2.845695407220596301e-02
3.300657712848453773e-01
-9.002433418480020044e-02
1.112195097666522775e-01
-1.393724281092799562e-02
-6.070773670245047104e-02
-8.266210602975090915e-02
-4.073543322477166280e-03
1.559240851560287321e-02
2.192433122939115714e-02
1.032530822124202580e-01
4.460618028711614211e-03
1.399299125536082877e-01
1.712167102936317520e-01
1.000955983949968972e-02
3.892661901100318012e-02
-5.290658289179557550e-02
-3.212610954273658476e-02
-5.358384437500842562e-02
3.061404378240940513e-02
-1.779016967208761971e-02
1.280650383855480301e-01
-4.757817399341191661e-02
-1.540607583632281063e-01
6.799483504076252183e-02
1.903945064108669705e-02
-3.915384900672969071e-02
-1.940605833303129385e-02
1.557026764205350113e-02
-2.401647503569670494e-02
-6.156184201320989008e-02
-3.119341680726370972e-03
4.266703223829720892e-02
