-4.247208907594445665e-02
1.388017530148708267e-01
-5.607870152897020954e-02
-3.019374277859749461e-02
7.535176235499511932e-02
-1.647575183933152124e-02
-5.597069940891729635e-03
4.337554203965537578e-03
-2.375296953832719757e-02
1.937776284278182271e+00
-1.628002151112709905e-01
4.142664038613538130e-02
9.412719163834802616e-02
-5.376775104301752262e-02
-7.278699047884147622e-02
-3.656082988890058810e-02
-5.791025423626033203e-02
8.914710836259855942e-01
-1.482298245920221913e-01
-2.998921263713639346e-02
-1.501122122938517052e-02
-6.313175254749486820e-02
-1.252350722739260964e-02
-6.747294599352299596e-03
4.681848226456083312e-02
7.560207334119984496e-03
-3.643067455442504377e-02
3.561929516597171774e-02
-5.561507745832366609e-03
1.367169705325364630e-02
1.511126312128465744e-02
6.269577377494249537e-02
-6.773450922268867136e-02
4.353808252646886034e-02
8.681689895449769268e-02
-8.204657653015344498e-02
-2.902364123746959193e-02
-1.650010974461156923e-02
-4.638061771869645550e-02
-3.510523243672084015e-02
-1.388519386193358754e-02
5.402701251946413763e-02
3.279157808462226237e-02
-3.410834240969586040e-02
2.479267540132214231e-02
-1.840364191080159223e-02
-8.154368515897882086e-02
3.482214920622994647e-02
1.445886412921939916e-02
1.578032757721982860e-03
-2.990907651536306097e-02
6.028616683961549733e-02
-5.868773823602841527e-02
-4.225922952460616465e-03
2.340173732597640097e-02
5.133292188964247438e-02
1.018960507765540556e-02
-3.870599640416307746e-02
2.267279119002205481e-02
-3.999175639743049460e-02
-2.942780451837201730e-02
6.388187087977018931e-03
-6.694774888214316023e-03
1.035861566194636596e-01
-1.677101864445585712e-03
-2.641292443580620444e-02
-1.374250137032860704e-02
2.505890453283700706e-02
-1.435800183348932314e-02
5.251438197957981197e-02
3.223133008620424761e-02
5.726147888702990546e-02
7.160570602465378409e-02
-1.374994509071826750e-02
8.013817393840576286e-02
-3.863209997349564134e-02
-1.078605353953549600e-05
-2.537714957820797271e-02
2.426336240480912038e-02
1.293649736021316998e-01
-2.421044982423113667e-02
6.472692264572664500e-02
-8.494524121037361208e-02
-3.050972073619998351e-02
9.919625198486884537e-03
-1.667988125396382137e-01
-1.036683911262459429e-01
-1.423976546452438985e-01
1.175814140105118227e-01
6.837317165033414412e-02
-5.750844123900779314e-02
-2.434734402510104617e-02
2.048834004175619644e-02
1.570039049003779316e-02
8.737931235682913633e-02
-5.770668778042558483e-02
-1.998887818969311697e-02
2.364948512795970147e-03
-1.702603828644881981e-02
-7.531769364155693758e-02
9.165364404616254193e-03
4.674444255209762866e-02
-7.759492206357733457e-02
-3.162082484242330349e-02
4.454437368809339298e-02
-6.813594044328540322e-01
-5.069977812213066586e-03
4.731795798260414465e-02
5.846592877219740358e-02
3.998556292625871783e-02
-5.035968606940059884e-03
-4.116298339395416811e-02
8.129652521678258983e-03
-8.909823170666773817e-02
-4.224516306540660598e-02
-4.663888084456613292e-02
3.510284286612695703e-02
9.022565896037391389e-04
-2.706611841073828725e-02
-3.509192109569493623e-02
3.140097741479558335e-02
5.987662471388012324e-03
-1.984706618783307897e-02
1.729964296395052059e-02
-1.843086545199693754e-02
8.060860042785608637e-02
4.974229521093447015e-02
-3.450459514887403711e-02
1.509911363385263352e-03
1.537583757915810846e-02
2.402377675431642545e-02
-2.276292468354505424e-02
-6.002291658285451720e-02
-1.856631296892896285e-02
3.515948539538824025e-02
6.270959353524370450e-02
-2.382431925062474670e-02
6.593490835585414690e-03
4.145994184866720611e-02
3.296695442488942716e-03
-6.934529796105752819e-01
4.253471708667398710e-02
1.221988501367814312e-01
2.153899482939445730e-03
1.141944703912883483e-02
7.928713091348930583e-03
-2.879964094876139545e-03
1.286677458959656524e-02
2.419710901799722834e-03
-5.092440237994945440e-02
-4.334787825358755314e-02
-1.206494077303690328e-02
9.592927913763808767e-02
1.754162280703051857e-02
-6.638905618450820223e-02
5.470113950255814372e-02
-6.583822087567325898e-02
-2.932267034523110966e-02
-3.688753549321181074e-02
1.219820670907857153e-02
-3.650484194945624594e-03
2.433528755528643547e-02
-1.260557303141535655e-02
-2.743878973952959544e-02
-1.348044589886457090e-01
-1.049591937143256049e-01
3.396090081986028603e-02
-6.731871469536551689e-02
1.022140624112577306e-01
4.276830454521655250e-03
4.900762473613964193e-02
1.750672097927986198e-02
3.275762261002267139e-02
2.743109643149569885e-02
-2.359413935672500726e-02
3.618395947909468918e-02
3.798581818971086786e-03
-2.786745709625371679e-03
5.958911939119250489e-02
-1.002864970348248397e-01
2.122653363102914876e-03
-2.287590700149915238e-02
-7.250752626919199084e-02
-6.994407166116070607e-02
-3.808133630555857879e-02
6.641579788289037230e-03
-4.287258942706805021e-02
1.732740150088328199e-02
3.560912678046581487e-02
-1.474392095089712557e-02
-5.340314047073634746e-02
1.212741048049208181e-02
-2.721761348879599141e-02
5.720646792144297443e-02
-6.590060738724702952e-03
8.033390611540755510e-02
-2.856718934509977145e-02
-6.672214476172108610e-02
-5.259587696741620244e-02
1.505594756633189257e-01
-3.639420587090779619e-03
-2.468693805804099764e-02
-3.964833766494230832e-02
2.873890333333727759e-02
1.660317465130202730e-01
-2.676679349539841726e-02
3.242988167918721409e-02
-3.633076612258532342e-03
-9.706772002389533680e-03
-5.095133011356644745e-03
-2.864519010591686302e-02
-1.381911899961722583e-02
1.699313792628275607e-04
-7.527820332984674900e-02
5.571202492563397807e-02
7.742376502554594586e-02
-7.159527418552341649e-02
5.397180743015391607e-02
-1.039415324489081083e-01
2.151389104992758664e-02
1.754866903598676503e-02
2.181894492610135169e-02
-4.157331010307119268e-02
-1.119784556500134920e-02
-9.599084177888619548e-03
1.729905250429216931e-02
2.461426645562768065e-02
5.576525180176396257e-02
5.629395238414992148e-02
4.826831377995938893e-02
-1.074428680940762715e-01
4.585196335624461966e-02
5.257601626172581089e-02
3.912754069129047857e-02
-4.972880361216550082e-02
-3.940100093149806471e-02
-4.459499838193254490e-02
-5.240538613094336551e-02
-2.498523689084345550e-02
5.143236869989019355e-02
7.190239293725388808e-03
4.008557361970267741e-02
3.678421545248502372e-02
1.934520436569093713e-02
9.168238822319037251e-02
-8.151068412601876478e-02
-3.432818059333675453e-02
-9.809967480393873285e-02
-1.107717664090379917e-01
-2.872729288588690352e-02
6.717898259054078114e-02
5.442351946827996001e-02
7.749863900781996801e-03
-3.078208787496568635e-02
1.077528212832665200e-02
1.627359694028473192e-01
6.870348240950654994e-02
-7.473721286697887489e-02
-3.535487092288414762e-02
5.883614120049364404e-02
4.613141369991385909e-02
1.018786905692994349e-01
-1.952545170926493073e-02
1.541756955767301096e-01
1.492088783464711257e-02
-1.100858718307176076e-01
-3.044453040787280153e-03
-2.031584031463868831e-02
2.677971335358234617e-01
-4.595151185034739710e-02
3.446271295557325198e-02
-3.606034195430009304e-02
-7.932488797767008049e-02
-1.055611713802618312e-01
-4.101580525774305847e-02
-7.100269880968509278e-03
1.716635507344014752e-02
6.609156620055280096e-02
-1.390700735984045332e-02
1.551862389722934721e-01
1.782323855461317719e-01
2.293067300143525680e-02
2.678481695870763013e-02
-7.021576167789157774e-02
-3.199949089666968144e-02
-4.524472123981238686e-02
5.393138809776795717e-02
-4.779993945558390356e-02
1.129370316626515658e-01
-5.291113389404646095e-02
-1.725740672595439396e-01
5.814752889004713710e-02
3.326352289890835423e-02
-3.315325138009025951e-02
-3.824672047381866280e-02
3.138024084135366404e-02
-2.993702802052076312e-02
-2.738041165174218833e-02
-3.319177800617409413e-02
2.638957643608663001e-02
