-1.177277085466096607e-01
2.149430322859584019e-01
-7.080839686145068423e-02
-2.475915959581156608e-02
-4.288735080164455052e-03
3.824653795479607959e-02
3.284159663440548715e-02
-4.498032261259107822e-02
7.879914884809612746e-03
1.262039017335601532e+00
-1.168675046505216475e-01
9.099441302277791466e-02
1.155482763901225507e-01
-2.041105894989009989e-02
-3.081467931821635538e-03
-1.821764339872918720e-02
-3.506858765497475479e-04
1.144782359350535961e+00
-1.852326942727779147e-01
-2.007141811623998698e-02
-2.659514862615545636e-02
4.286516463628780964e-03
-9.043913497474558028e-02
-2.297577047640913042e-02
4.244280234741960867e-02
7.578614905815763553e-03
-6.462593910192475366e-02
5.936266947234809799e-02
1.306791143590795568e-01
3.097623861598405859e-02
-5.729751099911882528e-03
2.932458634292104543e-02
-1.331072612855716680e-02
4.346625672526120004e-02
1.035886643005540231e-01
-5.557449085373886155e-02
-1.862259765683807813e-02
7.427899216968123115e-03
-1.411453149669876506e-02
4.429146262316707716e-02
-2.542439906062755883e-02
-2.128136860065168307e-02
5.272230469690925014e-02
-2.839225466734068143e-02
-3.221113647622658727e-02
-1.390211584768165538e-02
-8.235556772354495070e-02
2.584342492512589629e-02
6.753533790732642317e-02
-5.061061546254930210e-02
1.712730064975573688e-02
2.658401924803158525e-02
1.413616817657680283e-02
-4.404272396248908733e-02
8.626944068597193135e-03
-1.197237797879202245e-02
5.005146345000489189e-02
-3.683362150140574026e-02
-1.893272799611680351e-02
-4.488953805523982626e-02
1.425633734283024597e-02
3.955874603282510948e-02
1.073611099921291563e-02
1.553628400738061577e-01
-1.624038330577991240e-02
-1.134280269438568828e-01
4.516757770746454223e-03
-7.215702718932069312e-03
-2.106508817584288110e-02
4.470857539608236175e-02
-3.502515544521511530e-03
1.376360636309918173e-01
3.555814992745468667e-02
1.530024948772516248e-02
8.354303708467572531e-02
-9.671845654902595790e-02
-1.813625522683819102e-02
-1.164364048074444102e-02
1.701205388100968802e-02
3.565288563456920495e-02
-2.851890096258976465e-02
6.084495341362873566e-02
-6.623947104962062127e-02
1.881636387897258483e-02
2.410730809658876914e-02
-3.131024860178550084e-01
1.572485272171955939e-01
-1.147996970692069102e-01
-4.546480708333019982e-02
9.972774777141921176e-02
6.431728630888308706e-02
4.733310549227312536e-02
2.224206585604412631e-02
-2.207560299764580597e-02
7.770836136505630820e-02
-9.545791113245964687e-02
-1.268986818317503762e-02
-1.076650269186871407e-02
-1.287786076474617680e-01
-1.173317720986813938e-02
2.246476919639832717e-02
9.991261747448211550e-02
-1.300760549650728515e-01
-8.119615520122150376e-03
6.308055805554091400e-02
-4.231529525284535853e-01
-5.910384802879748226e-03
2.787879264801220239e-02
1.140344236811054734e-01
8.536007346036447729e-02
5.775435671782789410e-02
-5.091677995011215790e-02
2.791825636429886084e-02
-9.184597952170901747e-02
-3.595197480743970303e-02
-4.643971193817370002e-02
3.891256213633249861e-02
-2.532391672778758554e-02
6.636252639294532019e-02
-6.949064614728862888e-02
5.590257962812763409e-02
7.152624175044035304e-02
2.828985740517358030e-02
-3.471641168384168030e-02
-1.121774421001821564e-01
7.411762261898936777e-02
2.285005959289469757e-02
-1.936217570726977283e-02
-1.105074656809379961e-02
1.316557650707951901e-02
5.111868554075899018e-02
-5.898707868908451696e-02
-4.167007047498598286e-03
-7.238958910777025177e-03
1.867595839382696701e-02
2.015023712191282498e-02
-2.690013695750971198e-02
-3.909777365979352076e-02
4.805656652715886018e-02
1.623672619506880133e-02
-3.951187694301005471e-01
6.554400253249954844e-02
7.915723879452457590e-02
-5.634724569797343666e-03
-1.218258833491800766e-02
1.094323670190744252e-01
-6.373908791673567331e-02
-2.345223319425678195e-03
1.923086521755596606e-02
-8.417817981476010888e-03
-3.452585967609599071e-02
-4.321438654867781198e-02
1.731811214696495349e-01
8.372054478497040902e-03
-1.252974205012495346e-01
2.139413625263929600e-02
-5.016763827950929122e-02
-2.618219099259586069e-02
-5.750118174295058837e-02
-2.754064176537165606e-03
5.906335977018848521e-02
-3.359378528468625474e-02
-2.313308320705336277e-02
-7.583573690655862065e-02
-1.240458579777264231e-01
-9.395180635246673517e-02
3.114278233512171937e-02
-4.858410199062086071e-02
8.127495950494173504e-02
5.190441302042560212e-02
1.077440315365116585e-01
2.945678078753537904e-02
-5.380056427858341539e-02
6.164955452495521349e-02
-6.034211723054731802e-02
-1.503506944967180486e-02
2.931424168151760060e-02
-9.693918982773075746e-03
6.595323873430537776e-02
-7.805867949178760257e-02
-5.199181245318898470e-02
4.658621046380308391e-03
-4.735293842634062667e-02
-4.686821504887164064e-02
7.562685799601565062e-03
-3.525050789365477555e-02
-7.682109760632217267e-03
1.117985874834397236e-01
2.844188662159949713e-02
-3.615522195126196631e-02
-2.505280720847321771e-02
-1.338300368419170772e-02
-9.435546867649023325e-03
4.353632255590034889e-02
-3.056684436818770181e-02
5.490937084228780102e-02
-2.388953174810215518e-02
-9.003944769115831970e-02
-9.573900511533858793e-02
3.201717729096410781e-02
-4.000295450439600442e-02
-4.313261428827494526e-02
-2.744144815056493228e-02
1.965205226908760261e-02
1.193700048645820744e-01
-2.262293464029379447e-02
7.621552509729163927e-02
2.814146692201802071e-04
-2.385006068083919337e-02
-1.634453010030730707e-02
-3.261015849645836073e-02
-4.957226065574001778e-02
-1.501030768599263820e-02
-9.760044873887827044e-02
1.301437151887166119e-02
-6.691947311259860420e-02
-7.990734528076730986e-03
5.434530470208433911e-02
-1.068020682442293035e-02
4.060927773188154760e-02
-4.036031946078648402e-03
2.899366376716717639e-02
-1.047772730630118637e-01
-2.512682235113155790e-02
-3.289361581821894503e-02
6.887143665834261075e-02
1.233918985860485255e-02
-9.254813007629019567e-03
1.057018200546865627e-01
8.587043704318092496e-02
-8.371709350159581287e-02
1.363218616006403941e-02
6.416195282860863436e-02
5.542113478609012045e-02
-1.377799075353035030e-01
-2.395166036207733648e-02
-3.761175542255058152e-02
-1.698775155334950396e-02
1.869642534960067048e-02
3.707013548849060619e-02
-1.762492866612594758e-02
2.656333911394507391e-02
7.179368336229716152e-04
2.057799410851593458e-02
6.285930837075077993e-02
-4.159297067889618227e-02
-3.245503451900856595e-02
-8.465223325012420641e-02
-1.121026018104337302e-01
4.417993269181461242e-03
6.326160525092587583e-02
1.886716831395184729e-02
1.542680849013063765e-02
-3.352860785328909410e-02
4.138266659782232487e-02
1.059986524778318145e-01
3.443209062236540774e-02
-1.267111308600807063e-01
4.236492242896957444e-02
6.151634197012281063e-03
7.488066039142243085e-03
6.635627806308713739e-02
-1.181447625117145080e-02
1.592219703156991517e-01
-1.391394356855438219e-02
-2.366776198173852971e-02
2.154196438610761835e-02
-2.640319809516797345e-02
2.452400517179408046e-01
-5.684020400664669542e-02
1.077119904685477046e-02
-2.925847901302145934e-02
9.651030630400909971e-03
-4.002032486140175149e-02
-5.971756725731663246e-02
-1.464791558068243363e-02
-4.597672172214673642e-02
4.401484538485712916e-02
-9.758732724617608101e-02
2.291913855496507391e-01
1.874544386488693759e-01
2.146376286244429735e-02
3.904023756826410785e-02
-1.280179874273605911e-01
-5.524496220686658451e-03
3.883358324692505470e-02
8.968032309481512032e-02
-1.167140015633468392e-01
1.460454335029507389e-01
4.817894558066361521e-02
-2.830069366311734145e-03
-3.026566476143082492e-03
-5.210815819289243804e-03
-4.289633553243180075e-02
-3.804046436058503011e-02
3.957902002547084019e-02
-4.778899098970251780e-02
-5.783336501114055145e-02
-6.126274615185211408e-02
2.121763563609821088e-02
