-5.646209542872375475e-02
1.919163627019983831e-01
-8.854693302570136593e-02
-4.235235259748317688e-02
3.947837591986535360e-03
2.920860663342923769e-02
-2.844588767168569881e-03
-4.785172408147038425e-02
1.228995508501914274e-02
1.613412238711990243e+00
-1.751674738080027105e-01
8.756884447848108100e-02
7.979707198576589666e-02
-4.252350328161193932e-02
-5.575741170613946612e-02
-2.041763208602970919e-02
-6.079313413761168461e-02
1.041433510589403255e+00
-1.954189283284921141e-01
-1.174972763647817373e-02
7.429269708666454142e-03
-8.470706046931590280e-03
-4.718952730884840019e-02
-3.674956223988973952e-02
6.186234565737949026e-02
3.656122332684901000e-02
-2.948558869228453533e-02
3.477904815623334041e-03
6.110587956191169956e-02
-1.827331356701221779e-02
-1.241372873551942722e-02
3.748273591756443729e-02
-3.451865625043088609e-02
4.117684291207440034e-02
9.526847084467036930e-02
-6.259252783366502093e-02
2.864115046294168562e-02
5.403824769850534837e-02
-5.080566226715033107e-02
-3.458799041053470941e-02
-1.631550943693238151e-02
3.027411187822013836e-03
1.788900550482934795e-02
-7.109947694103152700e-03
-1.661687010013167959e-02
1.257731370392558201e-03
-1.038364091024515518e-01
4.718029472316569856e-02
2.840346860838281751e-02
1.682128889418596897e-03
-8.872901963351310928e-03
3.202237920532832716e-04
4.236104756009645813e-04
-2.718498274022640437e-02
-9.745352135934684176e-03
4.241850225610820785e-02
-6.439905243419253612e-03
-1.314413084213964314e-02
1.744378235040571976e-02
-4.900950020050465206e-02
-2.948483969484369960e-03
-3.591416135195288351e-02
-4.600157977754756183e-03
1.258225394517318019e-01
2.272904155473259857e-02
-7.802350888310291555e-02
2.521396932494278029e-02
2.627986618038064687e-02
-1.773206837962654388e-03
7.311092499718489790e-02
6.667482645611476138e-04
4.447340114057846128e-02
9.611668379669632833e-02
-1.628483813199180924e-02
6.999097082743500897e-02
2.001065100169021477e-02
3.563843603786722575e-02
-2.734433124445596192e-02
-5.286039620386956406e-03
1.316280988453459866e-01
-2.602144803712266169e-02
4.773859012195738605e-02
-4.620418106058343105e-02
7.576263962972995362e-03
1.051168928831189980e-02
-1.985540935983288735e-01
-4.396880633358429651e-03
-1.232027831654226580e-01
1.423770996973471314e-01
5.526647782700067763e-02
-2.691497112646845311e-02
-2.111996165635800921e-02
-7.367422156690363148e-04
-1.314290439389569597e-02
8.714939693486413452e-02
-8.680419607688807937e-02
-7.940482062338275610e-03
6.194948716150836584e-04
-6.807362714637643641e-02
-2.943777853054794710e-02
1.768066527436102818e-03
2.017413329853706347e-02
-7.986152503895189991e-02
-1.375745483043855875e-02
6.765863655831755308e-02
-4.840063069915799265e-01
3.720694776624030448e-02
1.572043405594482010e-02
4.913226172262795399e-02
5.230117058952963444e-02
4.741333111045106102e-02
-8.592334366784479260e-02
3.844288443319805737e-02
-9.819076150402618330e-02
-3.501248064253984632e-02
-3.530639958135318307e-02
3.432820331315264428e-02
-4.116933835044996048e-02
2.706450580055934363e-02
-5.143955984058443814e-02
6.921011041831359734e-02
-1.648949004097993243e-03
-7.037494674992875870e-03
1.558308868402592633e-02
-2.932507321076888163e-02
7.938477891058756675e-02
3.543901027956179815e-03
-4.053852429007565039e-02
1.520643105562826357e-02
-2.957227266277070998e-02
5.583564855642396407e-02
-8.178980800997409650e-03
-5.402609766960739940e-02
-7.747230623760490223e-03
4.448093712082214907e-02
5.625500184418318061e-02
2.551459501687054158e-03
-4.962341553210142947e-02
3.028779805318026694e-02
2.893462954108564494e-02
-5.777783179785453971e-01
6.614077164416111432e-02
8.544819540068757102e-02
9.167882963704349422e-03
-2.839578002341710400e-02
1.383567821560052584e-02
-2.376037119644400231e-02
-7.254113851892916203e-04
-4.577324496221291290e-03
-5.973138678410072622e-02
-3.018046307310433968e-02
-1.765145717940225581e-02
1.074851341456548454e-01
3.977153744553627024e-02
-4.366492825351830920e-02
4.482023576675506216e-02
-4.981804938992581699e-02
-3.256967401979653232e-02
-1.975544204596899403e-02
-5.089321698222690205e-02
1.482691096659902695e-02
2.054867914688430705e-02
-3.999153959421075655e-02
-8.500994156926774958e-02
-1.081202570452393652e-01
-9.532085017131944338e-02
3.719274206196915289e-02
-5.856407286993969841e-02
1.074466508254586922e-01
2.101935699336094157e-02
3.505422476657581859e-02
-7.025452367075183356e-03
3.128843619226730211e-02
4.006635574232537966e-03
-2.143798316450343938e-02
2.572007839717500854e-02
3.363601073590377633e-02
4.436445651731320619e-03
5.524310686265948567e-02
-7.133011317022557030e-02
1.848616461352872026e-02
-1.314691363412956795e-02
-5.060079042782751613e-02
-3.808084768368294459e-02
-2.282168833031331459e-02
-7.570732041799474628e-03
-5.429195304887717705e-02
6.173337671376898095e-02
2.948123048095837792e-02
-1.362087472631689535e-02
-2.865990289025444060e-02
1.800497499472885482e-02
-2.310723420709889786e-02
3.545095664848144784e-02
-1.713871653432306325e-02
5.845814723935544022e-02
-3.115670016597648501e-02
-1.092614351565659864e-01
-2.997051039421282786e-02
1.543033382588153146e-01
6.953495313311497915e-03
-6.574507208831627258e-02
-5.307553183284231813e-02
2.750060970074824293e-02
1.063450511976274937e-01
-3.167014324161442768e-02
5.969118553868820419e-03
4.719347034556315747e-03
3.333191777492404764e-03
-1.408396273205971645e-03
-5.286878385311339495e-02
-5.012017083254816791e-02
-1.702969729183710645e-02
-9.886604637574916699e-02
5.920014730484979976e-02
6.613689368887193387e-02
-2.929221157922978769e-02
4.127420921310254870e-02
-1.285370363401753813e-01
3.047909929317801567e-02
3.239978232462449592e-02
2.464183851274956774e-02
-4.146987539698771680e-02
-1.370141299046080501e-02
7.044000012316098576e-03
2.697961942393117818e-02
7.093054014746571698e-03
2.360310866411334616e-03
5.208548625681370947e-02
9.309498462606169769e-03
-1.195263020163069428e-01
1.439782015106215798e-02
3.844942399437437791e-02
6.189264667145043253e-02
-5.136643524848788500e-02
-3.661281494382997298e-02
-5.125983636177703501e-02
-5.476513540814473974e-02
-4.257179818775967683e-02
6.043895653128102119e-02
1.449832382564023546e-02
6.266517104763105403e-03
5.962166062268184179e-03
5.483143767149180337e-02
6.726006444299922893e-02
-1.043387479403748569e-01
-7.841925781106372229e-02
-9.600530030311248131e-02
-1.304584464882385941e-01
3.243793126094444979e-02
7.363027477324016190e-02
3.112345253425814404e-02
-4.234807966526638739e-02
-3.298736660911014834e-02
3.022735143499426669e-03
1.261849666898003375e-01
7.178957905800731343e-02
-1.283936238084623371e-01
-2.248878561758305139e-02
3.728357104600805993e-02
3.521918822690117690e-02
1.027422960827480969e-01
1.268806489779720700e-02
1.258640748663685249e-01
1.097817948168111450e-02
-9.375747763137938506e-02
-1.773436193883114534e-02
1.211571527736285230e-02
3.300818234203221069e-01
-2.483913846483527463e-02
-1.877250381045014044e-02
-1.838859745775614160e-02
-3.764347357360187107e-02
-7.716307857656634628e-02
-8.446257536159779145e-02
-1.991275956088332452e-02
2.261351753597018802e-02
4.626595455438559101e-02
-6.862875375299895553e-02
1.740918080061679696e-01
1.603848877805916229e-01
2.456753123405729534e-03
4.529976019873515475e-02
-8.083166916387836409e-02
-1.088430176948227204e-02
-6.903375770851334636e-02
7.684644173185462002e-02
-8.372979441666360267e-02
1.176915264666139604e-01
-2.579687447934859643e-02
-1.190738918527319140e-01
4.562764042076102033e-02
-2.311865711938012463e-02
-6.020310705548003773e-03
-1.004061646490766492e-02
2.195230820566721613e-02
-2.867156817474124028e-02
-4.919639161287320261e-02
-2.005384935895962797e-02
2.438407567212146423e-02
