-7.094239482968528465e-02
1.900890437634183416e-01
-9.264733375988375152e-02
-7.372775337749384872e-02
3.026997552789705351e-02
7.096229733400534478e-02
2.189732895300963364e-02
-6.891738660686233531e-02
-1.462931483429989049e-02
1.170511893229303046e+00
-1.480432238211499274e-01
1.070600401077394376e-01
7.687614853609205101e-02
-4.930367314728752864e-02
-1.754414129489415865e-03
-2.735348647693355145e-02
-4.930667488676231808e-02
1.218425505314970847e+00
-2.000767668023773482e-01
-2.355920851851730710e-02
6.859609916796076791e-04
-1.211236779050701637e-02
-1.009714385767398054e-01
-7.117415136171584625e-03
8.202981816515683700e-02
-4.584151695128815818e-02
-1.320738675413677676e-01
-1.542823393194939045e-02
6.270245121943236744e-02
3.299947206203854289e-02
-3.797325721153846367e-02
1.342323432263575408e-02
4.113604231031051800e-02
1.500279489047690734e-02
8.342627646030789657e-02
-6.660534663494266372e-02
2.196053423394381254e-02
4.270200172556553458e-02
-6.931241961270094565e-02
9.891655869950123289e-03
-2.644472870769541684e-03
-7.571980383044457641e-02
4.766399724924071796e-02
2.812708830555028100e-03
-4.507477962016285394e-02
2.948460836351095554e-03
-6.309807230029586267e-02
6.333007045445619709e-02
3.436795460551722928e-03
-5.317330908486935306e-03
2.083181786825564694e-03
3.936025516933287782e-02
3.549171100581897942e-02
-3.547691196997564828e-02
-1.683610216100696333e-02
-2.055956054534089153e-02
1.811110890085811803e-02
-3.197596072027020231e-02
5.904576875417277652e-03
-4.713670872715609861e-02
1.570776900290294167e-02
3.918298378835680801e-02
-1.969967980081950218e-02
1.679863308863957794e-01
-7.071087224924071934e-02
-6.558875412368435354e-02
3.450019605909959708e-02
4.880575897269531956e-03
-5.296601008175368108e-02
5.525838277936324927e-02
-2.094962431721932722e-02
1.227274121917055066e-01
5.043004648144996938e-02
-4.087695515130198936e-04
1.012377598575692483e-01
-3.182487913268445406e-02
-2.648948920723804765e-02
3.189430522464261480e-02
1.535678025957938446e-02
3.401910977918651963e-02
2.984801635646305851e-02
1.195344614010053902e-01
-8.677172788919725044e-02
2.561989244056658149e-02
-1.402625795895624979e-02
-2.256957080955123707e-01
2.190112689493114162e-01
-2.030141759831387005e-01
7.926227317690605692e-03
6.807914446640833672e-02
-2.357922352414646219e-02
2.082125904510525108e-02
2.062421939432567894e-02
-7.754424267391475667e-02
9.678006934989788479e-02
-1.447463064797481318e-02
9.926133685919253866e-03
-3.139013316473136805e-02
-1.210298901659946635e-01
-5.892003447858302351e-02
1.834989037258797154e-02
8.591365994986123467e-02
-1.023882186992721433e-01
-7.864159834087159490e-03
1.363332284684767165e-02
-2.701641414554641907e-01
6.133751374561449698e-02
-1.475432168665235383e-02
4.969962150468659745e-02
3.599728421839817893e-02
7.978763639249619732e-02
-9.802108151803948233e-02
3.462246964101036578e-02
-5.687614649061371180e-02
-5.457623109159815550e-02
-1.231825157829109264e-02
-2.370151532359876696e-03
-2.127240847098038970e-02
-5.817793621257593036e-03
-5.944375364095146053e-02
6.848408781484002783e-02
1.596376956704587124e-02
3.251322989826608764e-03
-6.606845970571294246e-02
-1.286941236679844947e-01
8.943832596415667024e-02
5.123566835595905200e-02
-3.702412713302481728e-02
3.298291135796852652e-02
-6.640922105729957226e-02
3.491497304468633989e-02
2.927996145091506588e-02
-2.929945997326150603e-02
7.818097579340014744e-03
3.061079313013824119e-02
5.883774999836361569e-02
-3.499385947400115299e-02
-6.680619726756820143e-02
3.235717396302429522e-02
-4.699306501021102700e-02
-6.138984117269727925e-01
5.715464348130596534e-02
8.610819516808923546e-02
-7.839188378737498367e-03
1.957421910795871176e-02
8.094492361621343987e-04
-6.300172004274232074e-02
5.887824535594596287e-02
-9.613692621264139163e-03
-6.982261304949730074e-02
2.746111443387704715e-02
-3.225034374263627962e-02
1.090026820312090944e-01
-9.702909355445226217e-03
-9.318056951026339185e-02
-1.354529952143988629e-02
-1.038335127899670113e-01
2.598540216252061708e-03
4.002334811259621733e-02
-8.638320333977522400e-03
9.593143106574331114e-02
-4.343047582735508338e-02
-2.424168236912211186e-02
-5.540289582460596052e-02
-1.298057491032622857e-01
-6.634482939892391573e-02
-2.707330580187660481e-03
-8.703046044535790726e-02
6.650226986732209189e-02
7.735647798901659766e-02
4.305101402543592970e-02
-1.340378070493115827e-03
-5.561876538199717057e-02
-2.702280421990364834e-02
-6.605650388477248003e-02
-5.374882487268942827e-02
1.295356948244488597e-02
2.466778619105749679e-02
2.314769918459051029e-02
-8.152666117387548372e-02
1.222509410223137152e-02
-2.945993997454299978e-04
-6.507135548940932990e-02
-5.959412186796355509e-02
-7.863626219923286476e-02
1.380529004678418027e-02
-8.413639495077761266e-02
6.170025376204377882e-02
8.875713053751897730e-02
-1.328853829503652377e-02
-4.332391215836420457e-03
5.345919344845558550e-03
-4.111603497522516720e-02
2.983279991519446981e-03
6.305308200404513563e-02
3.680305183323951540e-02
-4.107213645304236271e-02
-1.628647292441221250e-01
-1.172695236817301173e-01
4.906442377238571378e-02
5.626736611116929521e-02
-4.465904125975284078e-02
3.035992543822327999e-02
6.806016754104048105e-02
1.048954433287950933e-01
-3.452119289433550064e-02
1.825820691936233531e-02
4.815123446631782133e-05
-1.807490009883751247e-02
-2.448919547654736240e-02
-2.627445062542545923e-02
3.238168902101769969e-02
1.873554893518022415e-04
-1.080671313720741461e-01
3.023997858793265811e-02
1.987006814715662137e-02
-4.731066643320940707e-02
5.686266678830444871e-02
-8.314882777726867458e-02
5.813018835582813709e-02
1.480254128184400712e-02
2.041721187187450770e-02
-5.388832649598104124e-02
2.725048385790307393e-02
-3.333866606584149489e-02
1.174686714536314625e-01
-2.412798477478874434e-03
4.357287563778015210e-03
6.457203888372518852e-02
7.467085185173064077e-02
-1.269277712958841731e-01
-9.104227758286641270e-02
4.253489125828009698e-02
5.872313161916793006e-02
-1.073932587579200931e-01
-8.337797760283029158e-02
-6.711812248815259008e-02
-3.643292252628030706e-03
-1.049296744089385780e-01
7.806039356639786486e-02
1.734467199936508275e-02
5.513963253390585101e-02
1.038798224197517994e-02
1.062514522896266383e-01
3.109203793462323936e-02
-7.976199120771587658e-02
-2.188233879278322393e-03
-6.953704381741897256e-02
-1.396946653106508895e-01
-3.666615819484081440e-02
8.155227567648060116e-02
4.715403904245431266e-02
2.861405341807613661e-02
-4.675550315494580306e-02
5.400551195050269648e-02
1.925323267398020566e-01
5.954991908087657604e-02
-6.545426392234382496e-02
2.321410819598627995e-02
7.082044341061423040e-03
5.605189797890375303e-03
9.030756221526940741e-02
9.757186602802060378e-04
1.136712511291040478e-01
-1.450894226882821873e-02
-7.635282312830549145e-02
3.116416917169581580e-02
-1.591184254234958434e-02
2.395348009504110476e-01
-1.304136243585379829e-01
4.118445366909723876e-02
3.873002794941613619e-02
-4.223513919071058415e-02
-4.485899188190553555e-02
-7.842589497859611680e-02
-1.806222924937963271e-05
-3.028994451026339324e-02
5.413780837631565479e-02
-8.453015976004084331e-02
1.909135147208985694e-01
1.691335476449180586e-01
5.053834433255223468e-02
2.474766979106666001e-02
-8.394090858511808750e-02
-1.980450161715517979e-02
-5.748315753128763889e-02
1.294355788867361245e-01
-6.885923877114207003e-02
1.478503352129915682e-01
4.027801272369350982e-02
-3.928479235940200015e-02
-4.711785453048908390e-02
-7.551451962350107239e-02
-8.350983936449442313e-02
1.516436978198473610e-02
9.649225137006139930e-03
-3.822659737540582553e-02
-8.429474054334450128e-02
-2.670054294154513945e-03
3.408857678071162967e-02
