-6.787022047486894472e-02
1.645776032718822834e-01
-6.837109323377825454e-02
-7.894258340766927007e-02
2.403364793607660338e-02
1.096698163936886058e-02
6.289087665810427254e-03
-2.664302629151799398e-02
2.934627742169948483e-02
1.672023121228139786e+00
-2.421592626701467021e-01
9.207885252852297808e-02
8.561591965937623283e-02
-1.847113055661094363e-02
-3.392025165466278774e-02
-2.189921160678150094e-03
-5.253562532349896619e-02
1.094417715629267374e+00
-1.698996946720408852e-01
-2.165017037038566641e-02
1.128946536805922572e-02
6.940695563211697963e-03
-5.448986450211444621e-02
-3.249019049615105292e-02
7.856970783225408761e-02
3.848852163726267789e-02
-3.260478742332386520e-02
4.096589133600942595e-02
3.257166749606294626e-02
4.909129054749790562e-03
-5.765667308674452679e-03
2.298683195743029054e-02
-1.627867869945156740e-02
2.541960439862230720e-02
7.832495849577110480e-02
-6.671206406793753207e-02
2.802668986911369467e-02
3.923831222330514262e-02
-3.562968987462006298e-02
-3.130791792968921905e-02
-2.354864039235606346e-02
1.801091886439474057e-02
2.914077814578652781e-02
-4.148865189721818308e-02
-3.879263217341746839e-02
4.550386662998050571e-03
-5.256765688323201957e-02
3.228531068634091228e-02
2.132202325888727518e-02
-1.385013174839489457e-02
8.653472554898462843e-03
5.277249609435225941e-04
-1.576137825873584822e-02
-2.513410580756354415e-02
-2.359842372924702419e-04
1.150888219750781892e-02
5.889031939672261309e-03
-2.506678834013369508e-02
1.325660793955938006e-02
-5.173214767521254476e-02
7.792599651447073249e-03
-4.369540524784150393e-02
4.171044872403748688e-03
1.442457105413858520e-01
3.722950840546671719e-02
-8.018018204043875219e-02
3.519126274035284940e-02
3.808170878347870436e-02
-1.230278823413616211e-02
7.215920588575393257e-02
-5.380525013869158144e-03
3.960405103299414337e-02
8.878092684518303079e-02
1.462642279318642326e-03
5.033356528897405674e-02
1.222755644196566252e-02
3.088230384950002225e-02
-2.544295698014404500e-02
8.408675898088189757e-03
1.170840405571340476e-01
-4.486394255157399868e-03
7.117696924832606076e-02
-3.201649896342672469e-02
1.791528233200079256e-02
-1.747409448682051350e-02
-1.592337101063829863e-01
-1.094472624416325257e-01
-2.002103259492973852e-02
1.240286169249152082e-01
6.700548021012289746e-02
-3.299293455891260524e-02
-1.621802479447491396e-02
-8.527509070016188117e-03
-2.168005315707457678e-02
8.931690268325183368e-02
-6.778062588790141618e-02
-2.984296663349081391e-02
-8.832988669276684371e-03
-5.243646772856922628e-02
-4.912494390390291510e-02
3.830126918710216512e-03
6.658887419951213180e-03
-9.191943464770274685e-02
4.591676874951819594e-03
4.351195294260164909e-02
-5.936475816043346176e-01
3.657108906958944639e-02
-4.109269260577728261e-03
6.748581594698471742e-02
4.751010762191092834e-02
5.336011749895379352e-02
-1.012211397625655263e-01
1.304367184402669549e-02
-9.853952262565525422e-02
-4.277900839307739733e-02
-4.141073682739747353e-02
3.658497113287961094e-02
-2.470506960734108678e-02
3.032269580979362125e-02
-2.437021161306220096e-02
4.782777328091273455e-02
3.374878214684925992e-02
-1.638302647391634559e-02
2.270934502042173085e-03
-5.479698633182458756e-02
7.883926162393727066e-02
2.400309191018567406e-02
-3.692416323895423430e-02
2.694373191503127499e-02
-1.971323752601757476e-02
4.912247464318752338e-02
-3.370343206590568907e-02
-2.482655594398374549e-02
-5.593264703157006280e-04
-1.230033161009908699e-03
5.740275328592352871e-02
-1.606818605354665142e-02
-3.565617420143936400e-02
4.992904101829214597e-02
1.465395784636414761e-02
-4.504499732941280032e-01
3.389459597130219885e-03
8.088578834632835501e-02
-3.252250167599995273e-02
-2.846572141301594722e-02
-6.227987444110391624e-03
-2.072040982500771011e-02
2.569363426308312465e-02
1.290057517427646398e-02
-2.584072950049006584e-02
-6.822599620473767355e-03
-1.610280302388936505e-02
1.027780731713360679e-01
-7.403638391136403360e-03
-4.755769036193339266e-02
5.262566300080392945e-02
-5.067744640929915112e-02
-4.872673044414342972e-03
-2.357926954966190966e-02
-3.276624438006585371e-02
3.822592823554028796e-02
1.175451556374168538e-02
-5.618231042272366776e-02
-9.745278980000880720e-02
-1.390134417261354172e-01
-1.029906446852561497e-01
5.635335189666754868e-02
-6.205383384129553592e-02
1.300595840353949151e-01
1.637518635605259704e-02
5.001118480463415811e-02
-7.205915243099147820e-03
1.519040151039601806e-02
-3.567658539443471690e-03
-1.339325613925322622e-02
5.214220949965034900e-03
3.211822045972644035e-02
2.442144447105854335e-02
8.912908400235672324e-02
-2.241460444680300548e-02
1.717853817528688237e-02
1.446305474049876597e-02
-2.497791861454341095e-02
-9.058868379972248586e-02
-3.636966794552001780e-02
9.117167668481014273e-03
-4.776777110589841557e-02
3.059440267636888075e-02
3.814453727258711180e-02
-2.061321422720915550e-02
-7.576076890197568602e-03
-7.446158931599929608e-03
6.910733730066957042e-03
5.930021667547685088e-02
-3.428238121393330923e-02
3.535836587251112162e-02
-3.534845387713509302e-03
-4.485109669590546522e-02
-2.183239449803973248e-02
1.547108160158142676e-01
2.172829838167921954e-02
-8.226680198559534196e-02
-5.252903489246068397e-02
4.241439666754768384e-02
1.167838317970573969e-01
-2.163289629999779612e-02
2.023561522276001029e-02
2.464321333586626250e-02
-3.174449742026783094e-02
-1.150315321151876638e-02
-6.690080334429100717e-02
-5.988187383678032077e-02
-2.480571564165675452e-02
-8.488153399079335915e-02
7.208522700679485806e-02
6.184633420609224330e-02
-6.379270100298445323e-02
3.467754466350601167e-02
-1.281609892598343792e-01
3.402298193430355194e-02
-9.122508143828328463e-04
-1.525739096192072972e-02
-4.942573341345094656e-02
1.886031013570437301e-02
1.660839168359874024e-02
-3.343606199978112030e-03
-2.820535099121459621e-03
8.769757419655245870e-03
5.141021458305801428e-02
2.588840473024316136e-02
-8.898042934507290058e-02
-1.737554667883573281e-02
1.720770793068036528e-02
3.798961482286022928e-02
-5.505850427156292609e-02
-7.286637806429231874e-03
-5.988568097220386965e-02
-7.003242388826483311e-02
-9.262103378223977140e-03
3.887306382428087209e-02
9.851789938700387939e-03
-1.436042985613243846e-02
1.528968278345392215e-02
6.033825688433328699e-02
8.712275374708162989e-02
-1.254688842176556185e-01
-5.071707933433549503e-02
-8.768309525186114561e-02
-1.191468626795075120e-01
3.896297405934072335e-03
8.418764591868199698e-02
2.769379781934165966e-02
-5.908113216378133026e-02
-3.505537596774371129e-02
1.934968835692810890e-02
1.054317713151402963e-01
8.899900472446148347e-02
-1.055893307976520923e-01
-4.927978461851900693e-02
2.191151838713052344e-02
5.157351703256464470e-02
1.118724722341526839e-01
-9.706185291603343021e-03
1.275513227666182081e-01
6.837295270754867489e-03
-1.711083590755913819e-01
-1.767158694826219054e-02
-1.500310442856316907e-02
3.486676316571957202e-01
-4.255894736190035665e-02
-4.859775243931985234e-02
-2.159396887802299617e-02
-8.976024037693824606e-03
-1.017427818433108699e-01
-5.717527586890445296e-02
-1.464271281585888262e-02
1.700059761271529787e-02
6.365447832694594299e-02
-3.344813890013104835e-02
1.587709861349720364e-01
1.386114512438879343e-01
-1.319938825356330690e-03
3.088947933185762912e-02
-4.579287445349324026e-02
-1.449848691102539541e-02
-6.638977822425223829e-02
8.383833586626139589e-02
-8.040242410851944355e-02
1.017282329935905866e-01
-3.908337686803444594e-02
-1.819896597341526812e-01
5.767074550680587053e-02
1.530533720809380653e-02
-2.154405023457116319e-02
-3.952278912547905337e-02
9.152800950398661678e-03
-2.528118168665477450e-02
-4.795078892449671643e-02
-1.629623991818917803e-02
4.163417911105237595e-02
