-6.465142220258712769e-02
1.428483873605728149e-01
-5.739091336727142334e-02
-5.603455752134323120e-02
3.322668606415390968e-03
4.173128679394721985e-02
7.537646219134330750e-03
-5.599127709865570068e-02
1.144526246935129166e-02
1.503470659255981445e+00
-1.370801180601119995e-01
5.338068678975105286e-02
9.024982154369354248e-02
-2.602411434054374695e-02
-7.499939203262329102e-02
-1.696235686540603638e-02
-4.447526484727859497e-02
1.224483132362365723e+00
-1.863769888877868652e-01
-5.992413684725761414e-02
-5.954088177531957626e-03
-1.945951953530311584e-02
-7.735236734151840210e-02
-1.910588145256042480e-02
4.604576528072357178e-02
3.068593144416809082e-02
-4.050083830952644348e-02
-2.942555956542491913e-02
3.200071305036544800e-02
1.458341605030000210e-03
-2.263665758073329926e-02
1.636925153434276581e-02
2.443688362836837769e-02
3.700854256749153137e-02
5.132461339235305786e-02
-7.090470194816589355e-02
-3.676155116409063339e-03
3.900447860360145569e-02
-1.481047272682189941e-02
-3.830475360155105591e-02
2.386564621701836586e-03
3.870639950037002563e-02
2.686547301709651947e-02
-2.821376174688339233e-02
-3.650766983628273010e-02
-8.233090862631797791e-03
-7.239506393671035767e-02
3.829034045338630676e-02
-3.615528717637062073e-02
-5.581630975939333439e-04
1.182235684245824814e-02
1.259558275341987610e-02
-3.554708138108253479e-02
1.091569475829601288e-02
-4.477427899837493896e-02
3.306197375059127808e-02
-6.047382485121488571e-03
-4.975900053977966309e-03
1.069896295666694641e-02
-1.381779927760362625e-02
3.991740196943283081e-02
5.938811972737312317e-02
-8.476534858345985413e-03
1.223597973585128784e-01
3.146128728985786438e-02
-3.200839459896087646e-02
1.182188093662261963e-02
3.432606905698776245e-02
-3.933837264776229858e-02
6.100971624255180359e-02
4.326700791716575623e-02
4.154076799750328064e-02
1.320876032114028931e-01
-2.683467790484428406e-02
6.543236225843429565e-02
-4.077393561601638794e-02
3.047835640609264374e-02
-3.877364471554756165e-02
-4.155989270657300949e-03
1.491710096597671509e-01
-3.150866925716400146e-02
5.617113783955574036e-02
-4.703728482127189636e-02
-1.072914618998765945e-02
1.047049555927515030e-02
-1.594558358192443848e-01
-4.061086103320121765e-02
-3.451617062091827393e-02
1.259099394083023071e-01
6.939644366502761841e-02
-4.669744148850440979e-02
3.256241232156753540e-02
-2.688986714929342270e-03
-7.249902468174695969e-03
9.701994806528091431e-02
-8.255671709775924683e-02
-7.794139906764030457e-03
-1.677638385444879532e-03
-2.194467186927795410e-02
2.731171844061464071e-04
-6.283494643867015839e-03
3.379546478390693665e-02
-8.407937735319137573e-02
1.547378255054354668e-03
5.794141441583633423e-02
-6.604408621788024902e-01
5.190587043762207031e-02
4.927210882306098938e-02
6.517311185598373413e-02
4.132411256432533264e-02
6.326106842607259750e-03
-7.417771220207214355e-02
5.727635324001312256e-02
-5.205029621720314026e-02
-3.724703565239906311e-02
-2.465722337365150452e-02
-5.091788712888956070e-03
4.138977825641632080e-02
-3.289053216576576233e-02
1.265411032363772392e-03
4.656213335692882538e-03
-1.015439862385392189e-03
-2.724480256438255310e-02
-3.513150289654731750e-02
-6.503034383058547974e-02
3.522720187902450562e-02
1.396489236503839493e-02
-2.490341104567050934e-02
3.863779827952384949e-02
-1.500330679118633270e-02
1.698265224695205688e-02
3.193281963467597961e-02
-5.911119282245635986e-02
-1.720087602734565735e-02
2.265286445617675781e-02
5.243383720517158508e-02
8.711341768503189087e-03
-1.243794895708560944e-02
6.907957792282104492e-02
2.294371835887432098e-03
-5.076474547386169434e-01
3.635864704847335815e-02
7.621620595455169678e-02
-2.324266824871301651e-03
-1.022407412528991699e-02
1.186084467917680740e-02
-2.500561997294425964e-02
-2.491435222327709198e-02
2.287301048636436462e-02
-2.355758845806121826e-02
-1.992891915142536163e-02
-1.560010598041117191e-03
6.448145210742950439e-02
2.553345635533332825e-02
-5.064555630087852478e-02
3.639064729213714600e-02
-6.742199510335922241e-02
5.076594278216362000e-02
7.532696239650249481e-03
-4.389949887990951538e-02
2.281190268695354462e-02
3.029528446495532990e-02
-1.715656369924545288e-02
-8.118864148855209351e-02
-1.337649226188659668e-01
-9.301082789897918701e-02
6.704595685005187988e-02
-4.532123729586601257e-02
1.062236353754997253e-01
3.581193089485168457e-02
5.375535786151885986e-02
2.751497086137533188e-03
-1.042661443352699280e-02
-1.363447029143571854e-02
-5.335577577352523804e-02
4.322027042508125305e-02
2.216122858226299286e-02
-1.655164361000061035e-02
1.512806210666894913e-02
-2.592183277010917664e-02
-5.509331240318715572e-04
-4.914791136980056763e-02
-6.209147721529006958e-02
-7.398196309804916382e-02
-6.084937602281570435e-02
4.637217614799737930e-03
-3.886671364307403564e-02
2.897609211504459381e-02
9.121502749621868134e-03
-1.685271225869655609e-02
-3.058310225605964661e-02
-1.580297201871871948e-02
-3.725583851337432861e-02
8.888791501522064209e-02
1.506833545863628387e-02
5.983772128820419312e-02
-5.415906757116317749e-02
-9.524384140968322754e-02
-9.872393310070037842e-02
1.702423989772796631e-01
2.248076954856514931e-03
-8.990097045898437500e-02
-3.826772421598434448e-02
6.997290998697280884e-02
1.334503740072250366e-01
-4.002147540450096130e-02
1.991625875234603882e-02
2.982111088931560516e-02
-5.292917415499687195e-02
1.503338012844324112e-02
-4.332944378256797791e-02
-9.116076678037643433e-02
-3.593176603317260742e-02
-1.183110028505325317e-01
-5.476090591400861740e-04
4.187543690204620361e-02
-7.727852463722229004e-02
5.633462220430374146e-02
-1.489770561456680298e-01
3.254423290491104126e-02
5.065293982625007629e-02
4.107625782489776611e-02
-4.210964590311050415e-02
3.391899541020393372e-02
-8.961127139627933502e-03
5.114892497658729553e-03
4.450444132089614868e-02
2.311150915920734406e-02
5.694002658128738403e-02
7.268445938825607300e-02
-6.428170204162597656e-02
-1.818610541522502899e-02
5.206131562590599060e-02
3.648323193192481995e-02
-8.880592137575149536e-02
-4.002415016293525696e-02
-4.088252782821655273e-02
-4.780379682779312134e-02
-3.897895663976669312e-02
2.348495088517665863e-02
2.578171342611312866e-02
3.035494126379489899e-02
3.855666145682334900e-02
1.218631956726312637e-02
7.031603902578353882e-02
-1.481837332248687744e-01
-3.515825048089027405e-02
-6.688797473907470703e-02
-8.363309502601623535e-02
-1.200421433895826340e-02
4.473909363150596619e-02
4.564689472317695618e-02
-1.834035292267799377e-02
-4.474363848567008972e-02
2.741294726729393005e-02
1.142626032233238220e-01
8.303567767143249512e-02
-8.408460766077041626e-02
-1.994765363633632660e-02
-1.198412012308835983e-02
7.181904464960098267e-02
1.008740290999412537e-01
2.592428354546427727e-03
4.789812490344047546e-02
-7.474731188267469406e-03
-1.074328795075416565e-01
-3.505715867504477501e-03
1.390966586768627167e-03
4.314598441123962402e-01
-6.902080774307250977e-02
1.601169817149639130e-02
7.336176000535488129e-03
-2.434902079403400421e-02
-1.124769747257232666e-01
-5.250028148293495178e-02
-4.759754810947924852e-04
2.301098778843879700e-02
8.497201651334762573e-02
-1.322043221443891525e-02
1.330198347568511963e-01
1.682830899953842163e-01
1.093714311718940735e-02
4.648198559880256653e-02
-7.508146762847900391e-02
-3.306683152914047241e-02
-1.082544103264808655e-01
6.432612985372543335e-02
-6.681737303733825684e-02
1.522435098886489868e-01
-6.889113038778305054e-02
-1.490670144557952881e-01
3.376524895429611206e-02
-9.115677326917648315e-03
8.293130435049533844e-03
-3.616761788725852966e-02
-2.455179765820503235e-02
-3.519129008054733276e-02
-3.608052060008049011e-02
-5.483743548393249512e-02
6.988823413848876953e-02
