-1.345020583005143988e-01
2.275609609839656100e-01
-6.336040831018426023e-02
-4.457926968634463860e-02
2.934697317820311388e-02
2.989145820690033203e-03
2.187149349544385835e-02
-5.155053236077901391e-02
-3.329143024414533275e-02
1.201323045179633509e+00
-1.504282801888261467e-01
9.557690457158717068e-02
8.553599836051779814e-02
3.063046152310784469e-03
-3.435550819081789609e-02
1.457324853531322822e-02
-4.006269755729083282e-02
1.169494579850506311e+00
-1.440169201501215746e-01
-2.398509945522223075e-02
-3.460829489063630554e-02
2.573113563340148277e-02
-1.089875184920531259e-01
2.695833481195520758e-05
5.024953970014617993e-02
-1.524584693093139660e-02
-4.384309995252973907e-02
-9.438168713180721545e-04
8.644477563394148412e-02
4.861410950717579699e-02
-3.612841465258172929e-02
5.628684478794104828e-02
2.411596546255877216e-02
-1.538984148166241440e-02
5.006667460454006929e-02
-2.326280023292452009e-02
3.109796153370388699e-02
8.864562232822797982e-02
-1.688602939906792486e-02
-7.659603671386796923e-03
-6.373273159334310982e-03
7.318817099427279808e-03
4.674460002222814020e-02
-1.854660924541434676e-03
-9.699270974744690632e-03
2.317845624007896718e-02
-8.351212516702499755e-02
9.805056987861175688e-02
-1.796723515863607110e-02
-2.752701122073609227e-03
5.311995805066759696e-02
4.092968669548580074e-02
-2.385873921793999278e-02
-5.912058415893495927e-02
4.169517766047742789e-03
3.084913363239807568e-02
4.701510810944030394e-02
-1.099712529417748268e-02
1.595697125482551521e-02
-1.176520456284346934e-02
-1.323044198518626494e-02
7.501689400095741447e-04
-3.424187301343860346e-02
1.871100657048705984e-01
-7.295589204808749714e-03
-9.590946326894289609e-02
-1.646318605831056242e-02
1.982209169295531120e-02
-6.811059860722502857e-02
5.419305244302313057e-02
6.189480296976407683e-03
9.411275741314700793e-02
7.405693472399432764e-02
5.568600758692207088e-03
8.595314878222452826e-02
5.691475585388075346e-03
1.113066483954297872e-02
-2.987471977396996894e-02
6.872291239947105057e-02
5.880541572270334139e-02
2.894604058534725952e-03
5.081950366889868842e-02
-4.782257546107689800e-02
-2.139752425865390495e-02
3.978563807551413478e-02
-1.840837383898790425e-01
1.743388345359970226e-01
-1.256581024233694444e-01
7.254217675482990679e-02
7.999421024491139287e-02
-2.331731557424496400e-03
5.036531616073581380e-02
2.574599216536604951e-02
-4.983973782883831249e-02
7.115666595346156753e-02
-1.212109637938785928e-01
-5.313814792041321455e-02
-5.471355718463357179e-03
-6.355168156025206572e-02
-2.835880654204257778e-02
1.263560798079652048e-02
4.771688486138181418e-02
-9.438095497483323104e-02
3.217012631971723907e-02
6.518195599456477751e-02
-2.757787932883579707e-01
2.920723298684018907e-02
6.730942265471160854e-03
5.892827583267611774e-02
7.426022172568216839e-02
4.307272364866731457e-02
-9.749872219598938738e-02
6.228015177925574908e-02
-9.087746244135287699e-02
-8.974354873801941579e-02
-2.798825417122950340e-02
1.034250828139442017e-02
-6.554109309383036874e-02
-1.912289404673623086e-02
-7.448185557549530378e-02
3.756946881969840113e-02
1.359890458131982408e-02
8.783638161145841325e-03
-4.166266044760186943e-02
-1.064117976159379558e-01
4.568546689451555287e-02
4.466212483737039968e-02
-2.025908393657508202e-02
6.348817644730926288e-03
-2.307742348324350046e-02
5.839143430203645041e-02
4.857026838907530647e-02
-3.963352112002817978e-02
-1.137172353744813486e-02
3.040523434007231032e-03
6.146420268954197463e-02
1.495506778404923770e-02
-5.452982993433280745e-02
6.929433332380997845e-02
1.433111429022853461e-02
-4.624237320542316509e-01
9.231557081106332718e-02
9.564124608495920554e-02
1.266176818249176161e-02
-1.573980515686535658e-02
4.259125133588601009e-02
-5.086221159932084734e-02
-3.360518832774699732e-02
3.931825702509644804e-02
-5.696523176130997845e-02
-1.687235020495097410e-02
1.769774375171106334e-02
8.468321331289684062e-02
2.521844424536097418e-02
-9.329078918368731432e-02
7.658249119665247115e-03
-5.849741433061907137e-02
8.559650248834278080e-03
3.464063672922830604e-03
3.765845103310611064e-02
3.496608540973868834e-02
-3.857641154174117765e-02
-2.227062819529491977e-02
-1.047189722028964431e-01
-1.340053983294988704e-01
-6.532415387868459322e-02
2.186863599837621588e-02
-1.102063574987943995e-01
7.328844216068809703e-02
6.927193937683351344e-02
7.176804278100386292e-02
1.823464905481747902e-02
-2.828812702659088199e-02
1.209661412940418561e-02
-6.327424680203644347e-02
3.575043708177035214e-03
4.287103095864813057e-02
-5.897512406786237921e-02
6.280615689612301100e-02
-8.142439611202229033e-02
4.107271546126369834e-03
-2.199310023116636103e-03
-5.949655228384705119e-02
-8.955126984520675459e-02
-7.198610537267922937e-02
-4.858160517143295110e-02
-1.090954803726792294e-01
1.105838905019289470e-01
-1.726651678436382301e-02
3.244491390736611424e-03
-3.632296053394783088e-03
3.184611558569261369e-02
7.610703679722349499e-03
5.890625470935138830e-02
3.012909342709547272e-02
9.485759682985694767e-04
-7.275711940120911658e-02
-8.520919880746664898e-02
-9.868132863047038295e-02
1.258191131851792433e-01
-2.225976112168273104e-03
-8.861060633841022494e-02
-3.076105649746071688e-02
4.723363673068035895e-02
9.835880673826555287e-02
-3.406079109411418865e-02
4.764654873613567015e-02
1.975868469149980738e-02
1.476464289174818020e-03
-2.143772053500115488e-02
-3.624434073318950206e-02
-7.371490826811405439e-02
1.136385744895376977e-02
-1.447762736283857155e-01
2.045939448101691954e-02
1.588335820590351666e-02
3.957731243575659565e-03
2.293981721672937527e-02
-1.358739217939991528e-01
2.627229652226958229e-02
1.100066221329468706e-02
3.399018209629399087e-03
-2.593665773740939148e-03
1.120222245280601964e-02
4.150809561050775726e-02
3.989525313470126261e-02
7.408479838638784565e-02
9.218739919044679001e-03
6.033040181441890609e-02
5.718939198192111301e-02
-5.797952303375161071e-02
-5.287751720718508568e-03
8.264064006992444256e-02
6.528971184106754921e-02
-7.209795737377681923e-02
-3.157375809694482061e-02
-5.967500726809898265e-02
-1.773260031036195603e-02
1.045187438268252271e-02
3.069341598532817142e-02
-6.727713784342160414e-03
4.457679237129028721e-02
-3.285586306987860975e-03
7.408373878232499266e-02
1.133533643959534765e-02
-1.088196693595784442e-01
-7.213117792337696288e-02
-9.507840991575912393e-02
-1.199364563292426855e-01
-1.466630237544393547e-02
5.426556173771298480e-02
4.131412920011352796e-02
1.490972801298022857e-02
-4.772697562785072761e-02
1.581520628764341435e-02
1.947942555017782573e-01
8.741527484402628057e-02
-7.284436504129158940e-02
3.865330396712621241e-02
2.687419087456422925e-02
2.894344798929533030e-02
1.332844162539181809e-01
1.760833475333359321e-02
1.172403428470603637e-01
1.069385410217471577e-02
-6.898805378832784108e-02
1.741318119394302116e-02
-2.589435145088837126e-02
2.917073894746624596e-01
-2.488254730464982412e-02
5.152771162883278133e-02
8.141174708852198447e-03
-2.288573571214183935e-02
-1.238836580640421542e-01
-7.559736846938544530e-02
-4.667212016098446631e-02
-2.322661426362070125e-02
6.616768701305306144e-02
-1.410321626722994826e-01
1.807503221196350984e-01
1.405201188200751461e-01
2.024182244677805165e-02
3.846044866932567252e-02
-1.464401855861195978e-01
1.299854935298221277e-02
-3.915471498691427965e-02
6.293512444618028223e-02
-1.207876127261744426e-01
1.201132630405079560e-01
1.415430144699530816e-02
-5.201141597795019139e-02
3.909057460209120621e-02
-8.442363484537002138e-03
-4.780053471545470806e-02
-5.080227038615425794e-02
6.131520322656501022e-03
-6.873409710902336767e-02
-8.012553737623824557e-02
-6.265903872091505011e-02
3.287825088488712747e-03
