-3.078837879002094269e-02
1.607486009597778320e-01
-7.996095716953277588e-02
-3.410167619585990906e-02
3.300168737769126892e-02
3.919931128621101379e-02
2.735001500695943832e-03
-1.656615175306797028e-02
1.691487617790699005e-02
1.388007283210754395e+00
-9.738546609878540039e-02
9.537363797426223755e-02
6.797841191291809082e-02
-6.184464786201715469e-03
-6.421111524105072021e-02
-2.306245081126689911e-02
-6.249874830245971680e-02
1.305204987525939941e+00
-1.706863343715667725e-01
-3.871257975697517395e-02
-1.965218596160411835e-02
-6.070569157600402832e-03
-9.845896065235137939e-02
-1.097662025131285191e-03
6.613993644714355469e-02
4.075696691870689392e-02
8.825330995023250580e-03
-2.050814963877201080e-02
3.664131462574005127e-02
5.567497573792934418e-03
-2.371838502585887909e-02
2.704829350113868713e-02
3.575247479602694511e-03
2.507025375962257385e-02
7.880537956953048706e-02
-8.674369752407073975e-02
2.835161983966827393e-02
3.709900379180908203e-02
-4.115046933293342590e-02
-8.976522833108901978e-02
1.375818625092506409e-02
1.628047600388526917e-02
1.485437806695699692e-02
-4.235178232192993164e-02
-5.323798954486846924e-02
-4.966454114764928818e-03
-9.995396435260772705e-02
4.131026938557624817e-02
-4.429225623607635498e-02
8.717342279851436615e-03
1.397002860903739929e-02
2.868624590337276459e-02
-4.180232062935829163e-02
3.159222379326820374e-02
-4.406431689858436584e-02
5.426526442170143127e-02
-5.188543815165758133e-03
2.651655115187168121e-02
3.053796477615833282e-02
-1.984429918229579926e-02
1.808742247521877289e-02
4.047293961048126221e-02
1.006919075734913349e-03
1.386827528476715088e-01
2.295943349599838257e-02
-6.170798465609550476e-02
-9.811688214540481567e-03
5.748140066862106323e-02
-6.049439311027526855e-03
5.242715775966644287e-02
4.988684505224227905e-02
5.949535593390464783e-02
4.712366685271263123e-02
-2.339402213692665100e-02
5.139321088790893555e-02
-2.488071471452713013e-02
1.619352400302886963e-02
-8.606037497520446777e-02
2.536445297300815582e-02
1.425659954547882080e-01
-5.944485962390899658e-02
5.333350598812103271e-02
-2.439557388424873352e-02
-1.002283534035086632e-04
2.273246087133884430e-02
-1.445666998624801636e-01
1.238485798239707947e-02
-2.402590960264205933e-02
1.409028470516204834e-01
3.661060333251953125e-02
-4.561833664774894714e-02
4.944934323430061340e-02
-1.236986741423606873e-02
-3.126335516571998596e-02
5.378604307770729065e-02
-6.536635756492614746e-02
-4.372730478644371033e-02
1.887511275708675385e-02
-1.926547498442232609e-03
7.674420252442359924e-03
1.813309080898761749e-02
-2.934262854978442192e-03
-1.010222658514976501e-01
5.039014853537082672e-03
6.308531761169433594e-02
-5.999826788902282715e-01
7.746931910514831543e-02
5.419787392020225525e-02
5.801350623369216919e-02
7.106385380029678345e-02
-1.659902930259704590e-02
-9.696068614721298218e-02
7.516270875930786133e-02
-4.650025069713592529e-02
-1.550578605383634567e-02
-1.008953712880611420e-02
-2.950996533036231995e-02
2.397227659821510315e-02
-6.118404120206832886e-02
-9.975591674447059631e-04
5.668595898896455765e-03
-3.087872080504894257e-02
2.668477362021803856e-03
1.223244518041610718e-02
-5.613531172275543213e-02
5.468783900141716003e-02
-1.525100320577621460e-03
-2.531583607196807861e-02
4.460145533084869385e-02
-1.666685007512569427e-02
4.947753623127937317e-02
7.689329236745834351e-02
-2.681915462017059326e-02
-2.084127813577651978e-02
3.905462473630905151e-02
4.771167039871215820e-02
4.866177681833505630e-03
9.030592627823352814e-04
5.143871903419494629e-02
-1.812184974551200867e-02
-5.510460734367370605e-01
5.262770876288414001e-02
1.693587563931941986e-02
-1.300011575222015381e-02
7.151995785534381866e-03
-1.324593555182218552e-02
-1.620808988809585571e-02
-6.288561224937438965e-02
5.751999467611312866e-02
-3.320303559303283691e-02
-4.149987548589706421e-02
-3.270643949508666992e-02
2.982822433114051819e-02
3.712594509124755859e-02
-7.735361158847808838e-02
1.711295917630195618e-02
-7.016181200742721558e-02
5.355912074446678162e-02
-1.019289437681436539e-02
-2.575658075511455536e-02
4.208203777670860291e-02
2.366260625422000885e-02
-4.699824377894401550e-02
-7.581864297389984131e-02
-1.127437427639961243e-01
-1.071426868438720703e-01
2.882975712418556213e-02
-4.102466255426406860e-02
1.119850352406501770e-01
7.532671093940734863e-02
5.976330861449241638e-02
-1.201134291477501392e-03
-1.693987101316452026e-02
-7.423879951238632202e-02
-4.982851445674896240e-02
1.878925040364265442e-02
3.606732934713363647e-02
-3.299905732274055481e-02
3.298440203070640564e-02
-8.753954619169235229e-02
1.895703189074993134e-02
-3.390912339091300964e-02
-6.474035978317260742e-02
-6.028924137353897095e-02
-7.380533218383789062e-02
-9.898773394525051117e-03
-4.569679871201515198e-02
5.503395199775695801e-02
-2.503091655671596527e-02
-1.786662638187408447e-02
-9.333903342485427856e-02
4.410461522638797760e-03
-4.114576801657676697e-02
3.643514588475227356e-02
2.772194892168045044e-02
5.421398207545280457e-02
-4.290564730763435364e-02
-7.944621890783309937e-02
-1.472022384405136108e-01
1.733170896768569946e-01
-4.185142461210489273e-03
-7.072383165359497070e-02
-3.469588980078697205e-02
8.487442880868911743e-02
1.080907285213470459e-01
-4.728232324123382568e-02
-1.099553797394037247e-02
1.717968657612800598e-02
-5.560646206140518188e-02
1.006112527102231979e-02
-6.528817862272262573e-02
-8.217138797044754028e-02
-2.117453143000602722e-02
-1.584820598363876343e-01
8.144634775817394257e-03
5.776713788509368896e-02
-6.966288387775421143e-02
9.017115831375122070e-02
-1.467933654785156250e-01
5.961032211780548096e-02
6.771454215049743652e-02
2.330917492508888245e-02
-5.124637484550476074e-02
1.040006801486015320e-02
3.586472570896148682e-02
4.273314028978347778e-02
4.083666950464248657e-02
3.680792823433876038e-02
6.718119233846664429e-02
8.474460244178771973e-02
-8.500289916992187500e-02
-2.256502211093902588e-02
7.228184491395950317e-02
5.801499634981155396e-02
-7.359347492456436157e-02
-3.154847770929336548e-02
-5.014507099986076355e-02
-2.264483645558357239e-02
-1.871130242943763733e-02
4.198610037565231323e-02
3.591945394873619080e-02
2.453735470771789551e-02
1.034625805914402008e-02
7.098720222711563110e-02
1.183894742280244827e-02
-1.603886038064956665e-01
-2.892985194921493530e-02
-7.572371512651443481e-02
-1.035744398832321167e-01
-1.770371384918689728e-02
5.770029500126838684e-02
3.443476930260658264e-02
2.640754915773868561e-02
-8.321131765842437744e-02
-3.508672583848237991e-03
1.330557167530059814e-01
1.156642884016036987e-01
-5.575085431337356567e-02
1.747816242277622223e-02
-1.153196953237056732e-02
6.684456020593643188e-02
9.686573594808578491e-02
7.856032811105251312e-03
5.410593375563621521e-02
3.719316050410270691e-02
-8.492926508188247681e-02
1.630619913339614868e-02
7.534385658800601959e-03
4.069871008396148682e-01
-5.846019461750984192e-02
4.826536751352250576e-04
-1.696254499256610870e-02
-4.293601214885711670e-02
-1.189657896757125854e-01
-7.949569821357727051e-02
-4.234594106674194336e-02
3.670461243018507957e-03
4.107785969972610474e-02
-5.780198425054550171e-02
1.289028674364089966e-01
1.878293901681900024e-01
4.989343136548995972e-02
4.878829792141914368e-02
-9.180838614702224731e-02
-1.324611436575651169e-02
-1.465490460395812988e-01
4.260906949639320374e-02
-9.203276038169860840e-02
1.503393650054931641e-01
-8.273848146200180054e-02
-9.321321547031402588e-02
1.662480644881725311e-02
2.296868711709976196e-03
-5.914736073464155197e-03
-6.349585950374603271e-02
-4.348888248205184937e-02
-3.979499265551567078e-02
-1.257126405835151672e-02
-3.713932633399963379e-02
8.152522891759872437e-02
