-1.894555528910903813e-02
1.856620108564404903e-01
-6.884382241948616699e-02
1.663294971968772712e-02
3.803210967299868600e-02
1.494617257361583384e-03
-4.756529811575817279e-02
-7.457001413848966809e-03
1.221952067854494527e-02
1.042232896423396449e+00
-8.903551321953137587e-02
8.679599382368695382e-02
4.718735136347945031e-02
-1.228370483675090066e-02
1.778623124640079517e-02
-6.905476775646463006e-02
2.088686435090080645e-02
1.111070593179932287e+00
-1.596668742337176705e-01
-5.739806050263477483e-02
-2.493177777212311416e-02
-5.442565663236714757e-02
-7.307028797315999469e-02
-1.811385708348201050e-03
4.719688151630246215e-02
6.205481381685425991e-03
-5.337626344670699796e-02
-2.904210895001323438e-03
4.047620383729426397e-02
7.016809036829541046e-02
-2.117130101389215827e-02
-1.064851262856514845e-02
4.435179528728621680e-03
2.573799181393736021e-02
5.215795193048967937e-02
-5.676691766605879846e-02
-2.895768077587247691e-02
3.687170774339913748e-02
-2.304226321633853422e-02
1.111284150843065352e-02
3.856315340203235291e-03
1.206594900826423941e-02
3.523984746047066630e-02
1.807607094971407438e-02
-2.039773500195827746e-02
-1.156822679944765828e-02
-6.505013827913111446e-02
1.902446628483488514e-02
-8.444747028140364709e-02
-3.388213024748597257e-02
1.498498765095375093e-02
5.378411891463459604e-02
-3.082000930084864004e-02
-1.855987587000136260e-02
-3.100895244173158122e-02
-4.494424001917254018e-03
-1.292419943813702052e-02
3.971896788735185257e-02
-1.323503601526991764e-02
-4.856772990114957556e-02
2.834368737673690491e-02
6.303599324050931929e-03
-5.860978073295292773e-02
1.533723171410392994e-01
-5.294152883582362024e-02
-5.093499023183523794e-02
1.639874742347238734e-02
4.651104007734033208e-02
-5.280914452147796902e-03
4.858333431698701188e-02
3.055386988121946458e-03
8.745470516706503605e-02
5.788629337622450133e-02
1.544340251466385684e-02
8.846349845040682447e-02
3.548564800104802436e-02
8.864561447039053313e-03
-1.558866931588789688e-02
5.711560273717599528e-02
1.349689631464636441e-01
-5.960438234281343652e-03
7.287167257374886631e-02
-1.551727480490761209e-02
-2.571653498627948092e-03
1.527564672971596510e-02
-1.410086974980494512e-01
8.553129537707283847e-02
-9.272544810101304713e-02
8.790302750218274841e-02
3.467869924250281677e-02
9.290120413480918576e-03
4.172517995057092172e-02
2.654405505741022284e-03
-7.512441082369933354e-02
3.655839489876559073e-02
-6.542637371589656026e-02
-2.629120327709543251e-02
9.633156782817783176e-03
-2.878943971505907445e-02
-1.596604311005749358e-02
2.958883268302537478e-02
7.507007202086454778e-02
-9.737202649556639389e-02
-1.381441609285793959e-02
4.004758884230993216e-02
-3.308680150268740738e-01
7.314261070651231766e-02
3.696560937925712220e-02
3.524393224361276750e-02
6.923217614702403822e-02
1.354434571195369495e-02
-1.204093205475126049e-01
7.321697129614722875e-03
-4.915781628303528272e-02
-2.301304235277316923e-02
9.006598366996219213e-03
-2.752640723107360049e-02
-2.406544243468410754e-02
-7.273809774618174295e-03
-4.886102473839005166e-03
1.594096296485860223e-02
-1.539460734609335302e-02
-1.981931942904999536e-02
-7.269803754319045797e-02
-8.822012882444549287e-02
1.152716807711315870e-02
-1.970529774180851748e-02
-7.263136880278833751e-02
7.322127074960989301e-02
-6.241970120600455474e-02
1.975229693614778334e-02
1.039741366165306408e-01
-6.193431876121364803e-03
6.103664987166705636e-02
4.888581689277155667e-02
2.903342311672569773e-02
1.821736937353322580e-02
-5.342069717953917829e-02
3.686271275461472374e-02
-1.228717660006911974e-02
-3.645882112880354797e-01
7.377339676706255733e-02
5.161460623150086052e-02
-2.114521403465453864e-02
4.834386201557797774e-02
-1.381503138032604862e-02
-2.144432386758563652e-02
5.345594544147150989e-02
3.349806690283384930e-02
-3.031533751834433396e-02
8.185708282892863175e-02
-2.150927978071166813e-02
7.742291315776438088e-02
9.970024403963924017e-03
-1.012702460114617287e-01
-2.946637989453168571e-02
-4.830544812229865814e-02
7.869569651194471827e-02
3.028163730154061553e-02
-2.362524733649160394e-02
7.333377009169071703e-02
-1.008334765678214028e-02
-3.898509472004377946e-02
-8.470047890711110417e-02
-1.467429106305807029e-01
-3.599173781707834530e-02
1.404117749246876039e-02
-4.903435666050286884e-02
6.470750025929755678e-02
5.763381689103000416e-02
1.213056749592864164e-01
2.915415854265483719e-02
-3.483251506247909968e-02
-6.593185277974723812e-02
-1.023986741573990333e-01
-2.782568222409288489e-03
1.032654343001907123e-02
-6.475472168277149332e-02
7.171616573216342549e-02
-1.537929137460215256e-01
1.799637837260981837e-02
-5.674013981121202831e-03
-6.741324730911055219e-02
-5.146208750402491566e-02
-7.769655432245160809e-02
-1.077669386432797069e-03
-4.606278728331238137e-02
5.049514888614282937e-02
7.652560331188774934e-02
4.781835814140154156e-02
-2.462741153986371112e-02
2.504445852574244125e-02
-3.372043209616146925e-02
3.558332299690700889e-02
2.658226297300518917e-02
-9.523668872276213823e-03
-7.128450907038341722e-02
-1.010801388132066825e-01
-1.251219811184935693e-01
7.835999445993349632e-02
5.875068912196428073e-02
-1.032697277066021019e-01
-3.822689124189598137e-02
3.413694089447595614e-02
1.492032985745600504e-01
-2.734496848083365489e-02
2.518746524154922076e-02
-2.415469086457933470e-02
-4.724089800259607258e-02
-1.491428250381980104e-02
7.607541999673749812e-03
-1.208267364035196384e-01
3.314979907825523105e-03
-1.127773492165343588e-01
4.124007340249483122e-02
5.028298204480507322e-02
-4.582467254491653236e-02
2.060066497246027667e-02
-7.675516751976853291e-02
6.182144223430901392e-02
4.535328675620301647e-02
3.807097407159863722e-02
-4.419103442891067490e-02
-3.740716204046280052e-02
-4.506175236676749490e-02
2.275652946084684089e-02
5.965143218120719411e-03
-4.426511987771217238e-02
9.274287570281249116e-02
5.801574865010464960e-02
-9.993645698040639833e-03
-3.265806193844662808e-02
1.093522872753786568e-01
4.048382614543729469e-02
-4.181417742783787722e-02
-3.648405481241394029e-04
-8.519957833185752560e-02
-4.052730368828524193e-03
-5.693950050969386056e-02
1.268449281349074906e-02
-8.461241267574182850e-03
-1.435816089723147664e-02
-3.979583724738806373e-03
7.883628440723804143e-02
2.990737622701927084e-02
-9.121958115510483966e-02
-8.630492185951955247e-03
-2.900417050614109357e-02
-8.656438571247228320e-02
-3.814766882302902951e-02
5.224619654987182338e-02
1.071525393358267186e-01
3.439002813185009638e-02
-8.632766179587167410e-02
4.661493144191889565e-02
2.042097926238745642e-01
1.073493950433142968e-01
-4.954156215749501435e-02
4.760987697782115974e-02
-1.419063187670671980e-02
3.658106831755359584e-02
1.067289554875103658e-01
2.069933017296695169e-02
5.042109064907210336e-02
1.953365219112242548e-02
-1.084211865069290431e-01
5.412450743139064074e-02
-4.767514506996970054e-03
2.685177642048621194e-01
-9.690824185031642057e-02
3.907089935423297550e-02
-1.524031078554002015e-02
-3.542776260263539451e-02
-9.040365857245470649e-02
-8.468370438685028645e-02
-4.427773402668984393e-02
1.118141960527558286e-02
1.685857427365722479e-03
-7.290337121657770869e-02
1.077626989044484646e-01
1.178172520147807295e-01
4.983766811770096866e-02
9.300764735502944566e-03
-5.472064388808562524e-02
2.873795814395581349e-02
-1.013522319327653104e-01
7.497741910109663455e-03
-9.855118335472215496e-02
1.161324951507486380e-01
5.821124377105341141e-02
-8.452071821360236659e-02
-4.238818923564884392e-03
2.309335626439681932e-02
-1.943743151109716266e-02
-2.230445039511916912e-03
-1.225505088424337814e-02
-4.843469779643515966e-02
-6.798887821490272321e-02
-1.285781339738241089e-02
3.256694194617911625e-02
