-1.245199992930896143e-01
2.018589177886018771e-01
-6.014717845838805921e-02
-5.516448279813375433e-02
-2.158572079490933202e-02
9.435908311441915108e-02
-2.453706277022219689e-02
-2.054274470501313635e-02
-2.751647450390853206e-02
1.251951642768534656e+00
-1.481047105315966006e-01
1.242285127745548778e-01
7.774860584728911228e-02
-1.065341305885827115e-02
4.372526259013107680e-03
-5.543263842331618702e-02
5.535403205439561568e-03
1.117795899007589133e+00
-1.850251722809033994e-01
-3.295635840242812364e-02
-4.539828770910865618e-02
-3.845764979659223315e-02
-9.138617574020359291e-02
-2.128555823402382419e-02
1.210626534252088812e-02
-2.870114622099386933e-02
-4.886403348246862177e-02
1.781745015426609152e-02
4.342674883359785160e-02
-2.919311345284679796e-02
-5.535351095739610670e-03
1.620788574218750069e-02
1.406183014539550552e-02
2.843833651656792801e-03
7.086954111254013811e-02
-5.376231677338733084e-02
-3.344044949809361900e-02
-9.212532867413825610e-05
-2.873659506918600434e-02
4.800083674816659624e-02
-3.086243922850992472e-02
-1.514687524228783624e-02
1.516589305585960314e-02
-1.003351963130062405e-02
5.835095442879360134e-03
2.201161292722471699e-02
-1.061844967710157683e-01
8.752965175541813081e-02
4.156841538624671956e-02
-1.399388399586229447e-03
1.005258287384157984e-02
2.862701816859470737e-03
3.392506792610733984e-02
-4.640924795566075262e-02
2.617152582047212531e-02
-5.393934010485077618e-02
2.051083040877663480e-02
-4.092404732423015473e-02
-2.663582057474095030e-02
-5.041750469753356750e-02
3.788872232787872385e-02
-3.038650040590338761e-02
-1.711268828615276558e-02
1.821437143124270408e-01
-4.384615976630910905e-02
-1.349091164076182126e-01
8.975060279788291476e-03
1.145626943290964372e-02
-4.334880697469716687e-02
3.158733236532217103e-02
-3.292979581691476976e-02
1.496127527774737398e-01
8.890712936232121610e-02
-1.005589206247947676e-02
7.050209735752334395e-02
-2.379396063364255104e-02
-8.415855501245074824e-03
3.083022207247883978e-02
4.437375578070271165e-02
4.001537886406341532e-02
3.922808413886912440e-03
6.507697342016929842e-02
-4.175272873111865457e-02
-4.798273285856319292e-02
1.834610261488434091e-02
-2.628224993615003169e-01
1.539072048991170505e-01
-4.526237135941148237e-02
1.010974587854139226e-02
9.209253742064360537e-02
1.876035246039021304e-02
-4.907588658107349920e-03
1.110121353425551002e-02
-2.954937811838696804e-02
8.016358134486281650e-02
-9.895509807811588010e-02
-4.949756539918773353e-03
-1.573865593210410727e-03
-8.313452903805458594e-02
-2.539343981456144289e-02
5.613535687858015565e-03
8.583997202003064431e-02
-1.298969222033712900e-01
6.398697478410728633e-03
2.000839669872847212e-02
-5.585532736792176989e-01
7.062862149053196481e-02
3.309838004927849638e-03
1.200704401999416193e-01
1.728302910532508729e-02
7.076359006722489353e-02
-1.043844691787069456e-01
-1.358330187154526032e-02
-8.419324136657180269e-02
-4.042045562084975452e-02
-7.521497344525321371e-02
2.757519901807866172e-02
-7.785117911513061463e-03
7.134875082092820286e-02
-3.951155556201656205e-02
4.818988539500328183e-02
5.676269887555640548e-02
2.881664447595136402e-02
-5.670262218147986005e-02
-6.950399974460011454e-02
1.860832753267750370e-02
5.625594674114309940e-02
-5.250080240030283174e-02
3.536335265365039143e-02
-2.858115673343549282e-02
5.571641805084281973e-02
-3.595505517891674219e-02
2.562408981724086099e-03
3.587228181552831047e-02
6.157684771553925684e-02
4.550991114022365919e-02
1.062615122352506512e-02
-6.961687024545752667e-02
4.350769791210595122e-02
1.829232184147876542e-02
-4.551461366206946968e-01
4.216312869417688375e-02
9.504938253657690961e-02
-1.704265819400357582e-02
5.680536736679299946e-03
2.496407013919293635e-02
-7.899145693091433329e-02
-2.580507304051850651e-03
4.352579823865294906e-02
-5.548862651016582548e-03
1.578158385838532643e-02
-2.167529603297850896e-02
1.475961911212054778e-01
1.711457581528431525e-03
-1.367752173179363762e-01
1.760169818118797330e-02
-3.082121110282581844e-02
4.358723602027692740e-02
1.156717936197916748e-02
-2.389475771786522124e-02
4.971955539327021362e-02
-1.949744995616015412e-03
-4.153097122646672718e-02
-7.223096358727379429e-02
-1.579419387131494323e-01
-7.903141304546118517e-02
4.074894804322642949e-02
-8.256796743879524225e-02
9.614336199740951272e-02
3.287729061770285760e-02
1.153934939730188319e-01
1.432933462201957386e-02
-2.463960931514065297e-02
-3.741475565699339551e-03
-1.138853377093366898e-01
-3.002944652336908896e-02
3.970032985350992194e-02
-1.111296627581363078e-02
6.999926458515762229e-02
-8.879950368049474574e-02
-6.726589971164897465e-03
-4.424410328416885502e-02
-1.110594990513718572e-01
-3.811445264042433168e-02
-7.377050414255190494e-03
-6.417901907061807076e-02
-3.727584099532983003e-02
6.225962196256567410e-02
3.613702759572934992e-02
-4.958776862594863055e-02
1.432748361421619550e-02
2.370894788930239319e-02
5.851711311050833420e-03
1.285750282764156448e-02
-1.274174001574585914e-02
7.103412581408713455e-02
-2.567600622138153238e-02
-3.850100506695125491e-02
-8.392278400695052376e-02
6.041341715922358274e-02
-8.414209369185091103e-03
-4.547867738776087410e-02
-4.587309526130600376e-03
3.264158731027437532e-02
1.370097234384121399e-01
-2.969951596235018143e-03
4.699051785176773521e-02
3.500730711607924484e-02
2.171665242869326440e-02
-1.660160703820508579e-02
-4.840403933728291280e-02
-3.312920583178269318e-02
-1.778981865183066821e-02
-1.297665713477816618e-01
-1.249593833838717272e-03
-6.328345820420817197e-03
-1.924145237020213201e-02
8.370114052010362016e-02
-4.316559105119855549e-02
4.066114364419147476e-02
-1.833176487590302065e-02
1.675470266436806729e-02
-7.727952947132224470e-02
-2.288807670205779410e-02
1.740611310737284756e-02
9.328491424720884717e-02
1.326626111246032198e-02
-3.333947426105060606e-04
6.069301019547212322e-02
1.132478855398059009e-01
-6.790318976211325019e-02
-3.278828190560238026e-02
5.469405602378867720e-02
8.301381981310201885e-02
-6.972388308158201931e-02
-3.390710655876021801e-02
-6.913021374917907580e-02
-1.187318800766427700e-02
-1.026771665663309997e-02
1.381411043023478627e-02
-3.767561592418271904e-02
4.976913265087976219e-03
-3.599856009764484943e-02
2.936789918488671297e-02
6.063022201546993534e-02
-4.800946647078407903e-02
-4.931487413574503487e-02
-1.031778757570782218e-01
-1.072636539171957087e-01
-1.065963148305239423e-02
2.717439614745238707e-02
6.253883731483508845e-02
1.039830712776607276e-02
-4.108681130395322456e-02
6.889276454411120965e-02
1.604553757114711154e-01
1.174558266518899580e-01
-7.403561602679874232e-02
3.840906395942790541e-02
1.483055511136118984e-02
2.402221537165243753e-02
4.388434147876532632e-02
-8.163151070171117615e-03
1.035975539190199940e-01
-2.102260288966725007e-03
-4.154394787790061105e-02
1.275917761380117137e-02
-4.072371091469643989e-02
2.416452313193228341e-01
-7.905843526525102583e-02
6.686695319341068311e-02
-2.506730791705432879e-02
1.383972257045160137e-02
-8.177059104549766477e-02
-6.847467550532691793e-02
-3.786013592632625491e-02
-1.500873198233636241e-02
7.640486325844643434e-02
-9.368211664933595584e-02
2.092351429099168214e-01
1.707655354960230520e-01
2.045010167537762713e-02
3.420066677612376010e-02
-1.434048395997518932e-01
6.925574534828734348e-04
2.533223185007570794e-02
6.436156157645578357e-02
-1.162459409661412701e-01
1.442436828435128549e-01
3.599964326679254423e-02
-6.626891555385289179e-02
3.542614261518078813e-03
-2.813739409171136033e-02
-6.751399711078881483e-02
-6.463980065126970209e-02
5.793940894310055378e-02
-4.486072938900138862e-02
-1.197215884732559799e-01
-4.342351625067270883e-03
-5.444534577894684368e-03
