-8.622677831048469743e-02
2.096411528933045665e-01
-8.389328231701838334e-02
-6.117281566094167483e-02
-1.140423906145704956e-02
9.863015498241425871e-02
-1.091245916448449309e-02
-1.169815799934855773e-02
-5.543945713634729905e-02
1.273526070548367306e+00
-1.447818589225200181e-01
8.608930943853973505e-02
9.636164782937975404e-02
-1.264894759295093901e-02
-2.985190005487523002e-02
1.762753194987982074e-03
1.970949672433379429e-02
1.122015156474635456e+00
-1.725401415524235038e-01
-6.478565566273875032e-02
-2.850250789433148371e-02
-1.174234675048778029e-02
-8.376250738087903658e-02
-6.487763836340238940e-03
3.521279746145897227e-02
-1.935097127754993249e-02
-5.905073271269768026e-02
3.989179340518458905e-02
7.673964611091856070e-02
2.841378942753260486e-02
5.627881400906885323e-03
1.628112981000654630e-02
3.266342579889992825e-02
1.789803245420645839e-02
7.229020954476021721e-02
-8.156449965662866675e-02
7.607839807246739861e-03
2.091544937318686945e-02
-1.649550874513824872e-02
-1.773667224845643445e-02
-1.388649148210457842e-03
-2.890863925873510959e-02
3.972917839985751903e-02
-1.429473569834347445e-02
-4.104324688679336121e-03
-1.187936559940760452e-02
-8.643575947640685930e-02
1.419612926045196732e-02
2.312976949193879667e-02
-9.175862931059380542e-03
5.915658715374050303e-02
3.933931555584437023e-02
1.266175757984185600e-02
-5.500564998267098299e-02
1.908300324959244856e-02
-4.762970490924727657e-02
5.613725105578661230e-03
-5.848991126097504573e-02
-2.591227251148047438e-03
-2.238021164269485622e-02
3.528246202858646707e-02
2.006639130773131205e-02
-1.916885611016443461e-02
2.044369713044259518e-01
-6.455421095194084635e-02
-8.411769212749024838e-02
-2.301904878520358300e-02
-1.787267854556970695e-03
-3.802558176569880571e-02
3.256235488951145229e-02
-4.239512733620866974e-02
1.257001806710823510e-01
5.356838424535325521e-02
-6.605096998389042851e-03
5.811379730983004532e-02
-5.986275852130506885e-03
-1.413358107414253509e-02
2.044047075366797750e-02
5.647717262592421433e-02
3.439257972953892184e-02
7.324784726033001930e-03
7.555843470007958529e-02
-3.936109717167924488e-02
-1.514703418028920216e-02
1.317031995107760881e-02
-2.795318396680530060e-01
1.286485911346015587e-01
-6.615629793560022509e-02
1.164487727884640049e-02
1.133875406750616127e-01
4.909544619820548073e-02
1.424430303442377789e-02
2.976676672972504781e-02
-2.520689025114243240e-02
9.894132522078455394e-02
-8.294667455297545511e-02
-5.877701842973402820e-03
2.058920775088570604e-02
-1.305336636276699658e-01
-1.440656328622407119e-02
2.970525522598325974e-02
6.633139825939618484e-02
-1.615208301242554989e-01
3.038064075657219074e-02
3.427004309791538417e-02
-5.392787116194290853e-01
2.252156901442801257e-02
-7.143076961107581481e-03
8.945046748241425316e-02
2.828632385291512605e-02
5.079542509851869142e-02
-8.646930436819676158e-02
-1.732075445018869259e-02
-6.044934410460309909e-02
-6.193862698802372196e-02
-6.178923940041589763e-02
4.429963982112600229e-02
-2.216450896295440662e-02
2.637362571241528078e-02
-6.709918016083897541e-02
3.474290071754980447e-02
2.978019220771719114e-02
-1.041553972878478569e-02
-6.233219029992041749e-02
-1.081907600219500915e-01
6.255982924496816810e-02
3.070953676259402607e-03
-3.238589070763375766e-02
2.770787252981233434e-02
-2.573664632512451256e-02
4.259308732542616688e-02
-4.748825978929194919e-02
2.518436402896513659e-02
1.670026295384383422e-02
3.180806866463852661e-02
7.747949900679040880e-02
-2.635916981958564415e-02
-5.831294064650081876e-02
8.184512849949938940e-02
2.399892816800164308e-02
-3.800712254826453251e-01
1.007874776166820668e-01
9.044539192467652977e-02
-1.020119777326100076e-02
-7.360487597315285534e-03
7.347027772161891790e-02
-5.912764026879235857e-02
-6.571685609251450358e-03
2.718024246989884929e-02
-1.686021166676293995e-02
-3.511351661580278203e-03
-1.392517653939463924e-02
1.536690891193006892e-01
3.298807416419567706e-02
-1.206555604493992628e-01
5.742213072339032859e-02
-2.896595389036506554e-02
5.710835812345964324e-02
-2.093576308661942997e-02
1.703460248350533932e-02
7.539610550324758742e-02
-9.435462912486843393e-03
-2.429626176528162929e-02
-3.767570954716702863e-02
-1.550155880956048393e-01
-5.754509356066440928e-02
2.654485759315953000e-02
-5.575516521134986359e-02
9.303204906038201050e-02
5.650261961035377145e-02
8.417070208204970039e-02
2.566200267316183850e-02
-4.397603942031218238e-02
3.304009883157475735e-02
-6.728206751257959084e-02
2.741782321017193305e-04
4.905667151237420170e-02
-2.323606768827659805e-02
6.565826911166307289e-02
-1.391592135833846777e-01
1.443588748852754622e-02
8.333372820033310702e-03
-7.431614049824142310e-02
-3.907980896359622425e-02
5.616379489299329689e-03
-4.494526616893869397e-02
-3.104218463188668231e-02
8.641646489589752123e-02
8.652915366990142354e-02
-2.871683668762194455e-02
1.841078793691594898e-02
4.438977479493992628e-02
-4.270969844496110522e-03
3.734934382380879214e-02
-4.848781859123087699e-03
6.499685811222787046e-02
-3.539101159359596405e-02
-5.190295307365475758e-02
-9.558148089315054996e-02
6.540191393413688492e-02
6.102233874183289435e-03
-3.041754765881726080e-02
-8.076355143429733707e-03
6.577399146706203181e-02
1.571010173579020230e-01
-5.788515552795748392e-02
4.150086514732876514e-02
5.571753877368299662e-02
-5.339042458306055873e-03
-8.344104302250204830e-02
-4.157463883834591062e-02
-4.647842817762887907e-02
-7.453909838902286929e-04
-1.367365002117991446e-01
1.933631481735533647e-02
9.772553975686422076e-03
-7.518247618864243309e-03
6.295357306749332915e-02
-2.941833358203686452e-02
4.353205347286404070e-02
4.129494764790640066e-02
3.780305478136552350e-02
-5.523214569373844501e-02
-4.135086582925780185e-02
1.021708020147392947e-02
6.501951721028445541e-02
2.037453799307481148e-02
-2.769151375410762103e-02
5.754052563892739919e-02
9.298514638208564553e-02
-5.480989623446805986e-02
-3.834746982263426834e-02
4.290407705316800352e-02
7.225007601503131982e-02
-8.756699952826556277e-02
-2.328765862872895012e-02
-5.888510919689617790e-02
-3.799926231323166870e-02
3.629282921779128780e-04
2.235792860844757618e-02
-3.123604803267483222e-03
9.352485059736983380e-03
-2.339156756633163983e-02
9.970824844319612149e-03
3.983615852523619133e-02
-4.593376744133805673e-02
-7.280794411230488705e-02
-9.155667552372150075e-02
-8.988821578481206998e-02
-4.583374449643150272e-02
5.730799285017457168e-02
3.951990390416409982e-02
3.369717256174265766e-03
-6.313659078802115465e-02
4.257261942583179248e-02
1.516873030428476099e-01
9.580601605822550160e-02
-7.721721204944546890e-02
3.308485543906602988e-02
4.495115282110032778e-02
2.442055586844064582e-02
6.971602769915537234e-02
-4.459247757556576014e-03
1.139340666878465858e-01
1.479318195310895534e-02
-6.485061441806581894e-02
-2.201166660248510872e-03
-1.745212231360071531e-02
2.438861651840727174e-01
-5.039833180099866777e-02
-2.068926642185414232e-03
-2.224997823844090256e-02
2.223898714684098207e-02
-6.291052629678835217e-02
-8.711324595014376115e-02
-4.579595760487266409e-02
-2.514842486425600612e-02
8.183846464879851457e-02
-1.228150592395769181e-01
1.701073396423803674e-01
1.709045347478948540e-01
6.076711050218858851e-03
2.546754258446292871e-02
-1.174153645833333343e-01
-4.121310315746182880e-04
-1.053947030359480945e-02
7.679239031371945523e-02
-1.146147321543181385e-01
1.515769609070137525e-01
2.178561715380468097e-02
-7.135393100001283240e-02
1.200284364410043186e-02
-1.631820312048723421e-03
-6.905306731682583909e-02
-4.722533603056325996e-02
3.894915186078378583e-02
-4.745488537976227245e-02
-7.131797428565926633e-02
-7.166032773509704856e-02
-2.123950982539407617e-02
