-2.650159363228852399e-02
1.289029293779081764e-01
-7.074106830887491593e-02
-3.573385515203422735e-02
2.674915474771394699e-02
4.517194946848741149e-02
-8.404407129640282040e-03
-5.500034171614810036e-02
-9.229846994722158693e-03
1.745698604293432821e+00
-1.345916293958045740e-01
5.581832994713103319e-02
1.000358793633140675e-01
-2.474445399518607897e-02
-6.926688270850377138e-02
-3.218878106104910986e-02
-4.315349393359794311e-02
1.292687054720389916e+00
-1.863856691338139915e-01
-6.746790032021782180e-02
-3.145299279097105161e-02
-3.704949977283283208e-02
-7.646523822991767305e-02
-2.366621304805078402e-02
7.137623091050092350e-02
3.594226371951219495e-02
-3.409942092761569701e-03
-9.855654222140197013e-03
-4.989960298842006578e-03
-1.022242483842635170e-02
-3.595098139279839788e-02
2.277273892100654604e-02
1.489347485941201754e-02
4.629152342218685601e-02
7.118849508807588433e-02
-8.409085128832813338e-02
2.825023821926505446e-02
4.064071095334577388e-02
-3.855900547384994576e-02
-6.918873989865095830e-02
1.258890279056092479e-02
4.173745250927843320e-02
-5.127630357137150791e-03
-1.678308359924941470e-02
-3.497456453411822153e-02
1.874604979128849727e-02
-9.467253373152835494e-02
-2.173935966155553928e-02
-1.805965681512160942e-02
1.435580039609112707e-02
-6.868150239058158635e-03
2.381535392072425122e-02
-5.117867603351741040e-02
1.913904416750289786e-02
6.618904365650992230e-03
-5.109357572975788478e-03
9.129855126085102733e-04
-3.322382895390716545e-02
1.178046550927257588e-02
-3.383334828029392616e-02
2.084957025990267707e-02
2.795090993700571902e-02
-3.233748084858256103e-03
1.502637589268974450e-01
4.143286241419312510e-02
-6.228244515763750599e-02
-2.102510550090760238e-02
4.982858099881116998e-02
-4.719208403973534222e-03
6.288233759278434587e-02
3.565179251008803590e-02
1.506797500675109876e-02
1.258869306706038860e-01
-3.312249588475886519e-02
5.393641939134112551e-02
-2.040824169082148740e-02
4.493340979252952866e-02
-6.853017065634001148e-02
-2.724264371519255837e-02
1.780544363644304684e-01
-2.084433757534067191e-02
6.719520567417250345e-02
-8.390512115493599377e-02
-1.288455675038029796e-02
2.534885298888612040e-02
-1.931650978017248610e-01
-1.281908348699740963e-01
1.097628719629373945e-02
1.677641197844761400e-01
5.324544287478055749e-02
-8.193595896503383380e-02
2.169938528044625808e-02
-4.131098975777001969e-02
1.623588419361247578e-02
1.071692330831032353e-01
-6.805733570860178494e-02
-4.134854337208490604e-03
-2.822674627437852732e-02
-1.820188596687460567e-02
-1.689279520546777685e-02
-4.452505857943553705e-03
-1.444737133563110329e-02
-8.118583958908574816e-02
1.153927412099887452e-02
9.507696719311925504e-02
-7.840154207359684158e-01
3.734121933642685354e-02
4.342935107687358187e-02
4.879759857936629558e-02
2.703181542121533762e-02
1.079187615714109240e-02
-8.531046834520035482e-02
7.238051519543300949e-02
-8.499556684467197976e-02
-2.433162119062228304e-02
-3.465456974857680783e-02
-1.525796410845274911e-02
4.631070646459707618e-02
-3.681346512757580069e-02
1.906839148266924883e-02
1.580117918369754529e-02
-4.254036894425056864e-02
-2.041971822682309146e-02
-3.081249399541644441e-03
-2.397165202397159509e-02
5.158328010351152793e-02
4.511116086218596409e-03
-5.097932219495150685e-02
5.308034387463567844e-02
-1.851302367958083950e-02
3.534070265095830971e-02
6.143805735684740137e-03
-5.631596553104387115e-02
-1.788737561731945994e-02
1.044253776654192369e-02
5.302062261114946079e-02
-6.869441765476396247e-03
-1.205143014449749396e-02
5.739024919546070747e-02
-9.035324286793624399e-03
-6.014456540497008508e-01
4.110176976008163979e-02
7.445096052031667522e-02
8.699511293477346641e-03
-3.877245271084601898e-03
-3.193546087172005610e-02
-9.807058915192876786e-03
-4.014322517193332635e-02
2.800177828883733053e-02
-2.699342644990178341e-02
-1.319721849546890736e-02
-6.920284053038328569e-07
5.015590778451023413e-02
3.485683017176820914e-02
-5.946750221175069184e-02
3.319410564112274670e-02
-7.464841686054439485e-02
1.523098405395659737e-02
-1.701647797543718449e-02
-5.394088017690809589e-02
1.310305826132160617e-03
4.053167553896942082e-02
-1.427584747269200309e-02
-7.944530930421332682e-02
-1.190364123938998792e-01
-1.183670115985751004e-01
7.022095402754341409e-02
-2.218488478123775004e-02
1.149478777180165667e-01
2.065202445429279235e-02
4.456769195492662344e-02
1.554370821675369815e-02
5.678832194301699360e-02
-2.670247046294165622e-02
-3.274655402650478858e-02
5.772325599263264384e-02
2.265998133061371961e-02
-1.763901763581560839e-02
1.693330533857495546e-02
-4.260420561531676892e-02
1.804174293278408558e-02
-4.582418539397658391e-02
-4.261533677333137482e-02
-8.772963724625454374e-02
-4.204224650221148607e-02
5.367104218132147907e-03
-4.695630946826370722e-02
2.938730161488426959e-02
9.682503337599708895e-03
-2.677857221372675553e-02
-5.545123891994128279e-02
-8.132736134014249135e-04
-6.978239056294847920e-02
8.547838030340798587e-02
1.146242855918756798e-02
9.116323539046121416e-02
-5.531201414055708643e-02
-7.238261243043837834e-02
-9.460199339856999179e-02
1.823944145372074777e-01
-1.380666812208118134e-02
-8.993409755245351800e-02
-4.633681787265003099e-02
6.942798697530509766e-02
1.410336445763239188e-01
-2.969523937973508887e-02
1.099278939812418053e-02
2.786902830641415849e-02
-2.762089502866087870e-02
1.013769279914693809e-02
-6.581221650709039028e-02
-8.489005595023521589e-02
-4.717850818813808939e-02
-1.672245145333725314e-01
2.272261333990600179e-02
8.948658754964121387e-02
-6.502059767735550444e-02
8.829594063187094777e-02
-1.756796506152954740e-01
9.906184478050803974e-03
7.215333138124030432e-02
8.187404683997950849e-03
-4.534070198516942235e-02
4.450085923385275338e-02
1.288556063519189637e-02
-1.509245003054639385e-02
5.186867883382548228e-02
2.708266712832468198e-02
5.255802000642353228e-02
4.588118108419193125e-02
-1.145410807058640512e-01
1.131537451856805265e-02
4.540137615900530221e-02
3.666728701546547592e-02
-7.006005781977041325e-02
-3.372888808395012317e-02
-3.884355948450895352e-02
-6.970814261810562296e-02
-3.177121699418154060e-02
6.697403892707853856e-02
3.405966864951914114e-02
4.569064894842639335e-02
3.034168502246637963e-02
2.802894039498325315e-02
9.180592972891206405e-02
-1.560786092948390213e-01
-5.694655083404705914e-02
-9.578639022312981921e-02
-1.122779394313204171e-01
6.311297934802756471e-03
5.258690276073358510e-02
-4.082759997552559694e-03
-2.662202027846487240e-02
-4.458759904275536728e-02
7.535599440697384431e-03
1.155620846143111530e-01
1.080335602208714746e-01
-5.872327090630379692e-02
8.462241297739725790e-03
7.271742622027119358e-03
1.085378786607736346e-01
9.524542010480049892e-02
1.982629850804699251e-02
7.927272017904928025e-02
1.925634160589345667e-02
-8.776180317203133296e-02
-1.996510118767749926e-03
-5.607171567505400515e-03
4.629557724429445575e-01
-4.282667897310851735e-02
-1.395623551576268516e-02
-2.925959602360248164e-03
-4.963206092421085236e-02
-1.372709636282192225e-01
-7.228379271435206310e-02
-2.786707879331888973e-02
4.149071530760511939e-02
9.593350460086755294e-02
-8.332082690514159076e-03
1.311166441496863788e-01
1.811863905293927268e-01
3.606547627607761819e-02
4.992007287592038767e-02
-8.471671781256924494e-02
-5.367773544026222671e-02
-1.305371997558419095e-01
7.140738983058068923e-02
-7.214187148996097088e-02
1.394930673400189280e-01
-1.016095296627592820e-01
-1.984278427321419513e-01
4.586689575130814545e-02
2.671225651933823927e-03
1.241151946523703182e-03
-3.730072272715651699e-02
4.992788341184315783e-03
-3.630773604746169447e-02
-4.713506130184631077e-02
-4.462524524333785075e-02
9.488222394262071924e-02
