-4.947925731539726257e-02
1.789136230945587158e-01
-1.005415394902229309e-01
-2.796651609241962433e-02
2.756864577531814575e-02
3.029078245162963867e-02
5.315829766914248466e-04
-4.163101688027381897e-02
1.126991352066397667e-03
1.271054029464721680e+00
-9.557186812162399292e-02
1.338073015213012695e-01
9.298197180032730103e-02
-3.146571293473243713e-02
-2.312975935637950897e-02
7.411864586174488068e-03
-3.524541854858398438e-02
1.270987749099731445e+00
-1.902604401111602783e-01
-4.047148674726486206e-02
-1.618042774498462677e-02
-2.189139463007450104e-02
-8.768099546432495117e-02
1.407618820667266846e-02
4.965677112340927124e-02
7.697736844420433044e-03
-4.019305109977722168e-02
-4.529500845819711685e-03
3.171116858720779419e-02
3.884066268801689148e-02
-2.351343072950839996e-02
3.478076308965682983e-02
-3.168006986379623413e-02
3.683964535593986511e-02
1.044095903635025024e-01
-5.833465233445167542e-02
3.459084033966064453e-02
5.993191897869110107e-02
-2.943149767816066742e-02
-4.106942564249038696e-02
8.143893443048000336e-03
2.297443524003028870e-02
3.496484085917472839e-02
-2.281983010470867157e-02
-6.448837369680404663e-02
-2.526640146970748901e-02
-8.969281613826751709e-02
2.663453668355941772e-02
-3.633475862443447113e-03
1.176856108941137791e-03
4.303530603647232056e-02
3.028517961502075195e-02
-2.036981470882892609e-02
-1.925928890705108643e-02
-3.239985927939414978e-02
3.510943800210952759e-02
8.450453169643878937e-03
1.077358983457088470e-02
1.459673978388309479e-02
-2.455993369221687317e-02
-8.812800049781799316e-03
1.959558017551898956e-02
2.033163234591484070e-02
1.606644243001937866e-01
-3.888649493455886841e-02
-7.816087454557418823e-02
7.631453685462474823e-03
4.716612771153450012e-02
-3.377734497189521790e-02
7.636321336030960083e-02
5.289905311656184494e-05
7.758035510778427124e-02
5.153860524296760559e-02
1.460375264286994934e-02
8.615113049745559692e-02
1.807129196822643280e-02
6.223156582564115524e-03
-1.569885574281215668e-02
3.469434008002281189e-02
8.380305022001266479e-02
-3.632792085409164429e-02
7.069940119981765747e-02
-6.309555470943450928e-02
-1.288635842502117157e-02
2.351829782128334045e-02
-2.050373107194900513e-01
1.039672493934631348e-01
-8.609899878501892090e-02
8.532742410898208618e-02
6.094227358698844910e-02
-2.006517164409160614e-02
5.526866018772125244e-02
-5.937896668910980225e-03
-5.649473890662193298e-02
7.545040547847747803e-02
-5.587754026055335999e-02
-4.364088177680969238e-02
8.699158206582069397e-03
-3.876227140426635742e-02
-3.278466314077377319e-02
5.147122591733932495e-02
1.419124100357294083e-02
-1.107015982270240784e-01
1.331762131303548813e-02
5.534365028142929077e-02
-4.305254220962524414e-01
5.776387080550193787e-02
2.087916992604732513e-02
5.658169463276863098e-02
6.550998985767364502e-02
1.877038739621639252e-02
-1.154416576027870178e-01
6.560888886451721191e-02
-5.955895036458969116e-02
-3.659729287028312683e-02
-9.067066013813018799e-03
-1.147060655057430267e-02
-2.003049850463867188e-02
-2.744837664067745209e-02
-2.468589320778846741e-02
-6.213601678609848022e-03
6.442877347581088543e-04
-4.850047174841165543e-03
-1.085108146071434021e-02
-7.275374978780746460e-02
6.472866237163543701e-02
4.433667752891778946e-03
-4.652650654315948486e-02
3.129628300666809082e-02
-2.611354924738407135e-03
5.098078399896621704e-02
6.009793281555175781e-02
-3.601189702749252319e-02
3.331065550446510315e-02
5.111441388726234436e-02
7.501238584518432617e-02
-5.332454107701778412e-03
-2.164752036333084106e-02
5.750796198844909668e-02
-1.061119791120290756e-02
-5.140221714973449707e-01
6.827877461910247803e-02
3.498572111129760742e-02
3.784011350944638252e-03
1.155503466725349426e-02
2.083787694573402405e-02
-3.428927063941955566e-02
-3.210844099521636963e-02
3.456282615661621094e-02
-1.826776564121246338e-02
-1.741788536310195923e-02
9.903065860271453857e-03
5.138986930251121521e-02
7.546077482402324677e-03
-8.777124434709548950e-02
-2.434734720736742020e-03
-7.309124618768692017e-02
6.340420246124267578e-02
4.358443431556224823e-03
-1.176020130515098572e-02
7.029993832111358643e-02
8.465319871902465820e-03
-1.725967787206172943e-02
-7.095967233180999756e-02
-1.202591061592102051e-01
-1.127561107277870178e-01
3.281291574239730835e-02
-3.379863128066062927e-02
8.722112327814102173e-02
6.643721461296081543e-02
8.085685968399047852e-02
-1.204048935323953629e-02
-4.576746746897697449e-02
-2.050402201712131500e-02
-5.394661799073219299e-02
-1.063310820609331131e-02
4.107550904154777527e-02
-1.474469806998968124e-02
5.126164108514785767e-02
-1.348879933357238770e-01
8.060554042458534241e-03
-6.404276471585035324e-03
-5.814490839838981628e-02
-4.879901558160781860e-02
-8.523592352867126465e-02
-2.225190401077270508e-02
-6.197556480765342712e-02
6.000698357820510864e-02
3.525600954890251160e-02
-9.260551072657108307e-03
-4.382115229964256287e-02
-7.029873318970203400e-03
-2.589806541800498962e-02
5.821918696165084839e-02
3.347858041524887085e-02
2.895995415747165680e-02
-4.048293828964233398e-02
-1.104488596320152283e-01
-1.449949741363525391e-01
1.486874371767044067e-01
3.943487536162137985e-03
-6.796073168516159058e-02
-3.797378763556480408e-02
5.066426098346710205e-02
1.338537633419036865e-01
-5.946949869394302368e-02
-1.284977421164512634e-03
2.409490011632442474e-02
-6.478676199913024902e-02
-1.987363211810588837e-02
-3.538962081074714661e-02
-5.449360609054565430e-02
4.623464774340391159e-03
-1.820303499698638916e-01
5.066941678524017334e-02
3.512337058782577515e-02
-5.676391348242759705e-02
6.103574484586715698e-02
-1.543371379375457764e-01
7.383885979652404785e-02
5.488613620400428772e-02
1.375592686235904694e-02
-5.154823139309883118e-02
6.960421800613403320e-03
1.715071126818656921e-02
4.319617524743080139e-02
2.190337749198079109e-03
-8.868015371263027191e-03
9.563000500202178955e-02
7.271438837051391602e-02
-7.172138988971710205e-02
-6.572867184877395630e-02
8.294068276882171631e-02
3.984520584344863892e-02
-5.981599166989326477e-02
-3.082808852195739746e-02
-5.704546347260475159e-02
-3.086042404174804688e-02
-2.425564825534820557e-02
4.447587579488754272e-02
1.864807307720184326e-02
2.755205333232879639e-02
-1.005075965076684952e-02
6.524052470922470093e-02
2.149801887571811676e-02
-1.188420355319976807e-01
-3.325046226382255554e-02
-1.032185852527618408e-01
-1.192310005426406860e-01
-3.100176528096199036e-02
6.026513502001762390e-02
8.494101464748382568e-02
2.304386161267757416e-02
-7.468472421169281006e-02
-1.432404760271310806e-02
1.933766752481460571e-01
1.120044887065887451e-01
-5.619660392403602600e-02
4.662355035543441772e-02
-5.025056190788745880e-03
4.547495022416114807e-02
9.897296130657196045e-02
-7.990034297108650208e-03
8.545160293579101562e-02
1.569409854710102081e-02
-6.299659609794616699e-02
2.209418453276157379e-02
-9.322836413048207760e-04
3.431951105594635010e-01
-7.499821484088897705e-02
2.579516358673572540e-02
-1.208873745054006577e-02
-4.230752959847450256e-02
-9.452074766159057617e-02
-8.605501055717468262e-02
-4.549163207411766052e-02
-1.445022970438003540e-02
4.583580419421195984e-02
-9.975611418485641479e-02
1.481819003820419312e-01
1.862844973802566528e-01
5.174521356821060181e-02
4.683454707264900208e-02
-1.046592295169830322e-01
-2.474556490778923035e-02
-8.053740113973617554e-02
3.081095404922962189e-02
-1.042138263583183289e-01
1.577647775411605835e-01
-1.786634884774684906e-02
-6.598822027444839478e-02
1.219601742923259735e-02
3.681162837892770767e-03
-5.305992811918258667e-02
-7.230104506015777588e-02
2.086525782942771912e-02
-3.673144057393074036e-02
-3.226975351572036743e-02
-2.297540754079818726e-02
5.111835151910781860e-02
