1.165082140261823607e-02
1.321539798108924690e-01
-4.940518083424885049e-02
-6.223511725650015397e-02
4.858144420176586237e-02
4.161630234166316389e-02
3.971486697444099462e-02
-6.574809269278306112e-02
-2.464171566518838161e-02
1.518550101514368089e+00
-1.292524813968861652e-01
6.532856441315540441e-02
9.173509041375856043e-02
-4.611073918346904332e-02
-7.201441080771239789e-02
-9.993142084479409576e-03
-3.686198947461602482e-02
8.015108003748222520e-01
-1.303719667702005480e-01
-5.992902387842779371e-02
-3.486178712325917802e-03
-2.874415591863098418e-02
-4.314417709831141340e-02
-2.191931655645154922e-02
5.358009491223180570e-02
9.266310036862910118e-03
-3.657954903268520463e-02
2.765956505754949002e-02
2.958602086816999530e-02
3.048472942516479087e-02
4.644679410994517754e-02
2.217018232953260268e-02
-4.571571332019300909e-02
8.735845081871203288e-02
6.497990854450745590e-02
-7.963913783638415511e-02
-4.650635407242256075e-02
9.514475232395873047e-03
-4.047126272043023720e-02
-9.508652029883459672e-03
-1.333797501344661553e-02
6.104691046776043739e-02
1.560137454821730607e-02
-1.457115549040931615e-02
2.137837930342159978e-02
1.833256696885366896e-02
-1.888487057675374697e-02
1.433228848592800822e-02
3.384183131196549787e-02
2.951074654208268866e-02
1.239728917340512070e-02
3.361578744907452176e-02
-3.764016076361961782e-02
-1.282953886278873946e-03
-2.808113972479521492e-04
1.626334868923274418e-02
5.272759068639330804e-02
-3.493920192658518664e-02
1.373610903900292397e-02
-2.127681444731888832e-02
-3.074412620964837601e-03
1.085075886912791922e-02
6.703738070054053859e-05
1.401346781967601485e-01
-5.338963977040788594e-02
-1.552020865056573384e-02
-1.247753340364616929e-02
-1.439663691161383562e-02
1.490942320754437556e-02
6.077164614669499504e-02
1.925504231749796682e-04
3.005723615099656354e-02
5.936954809403070972e-03
8.093562871275506929e-04
4.809953705106145838e-02
-2.960378893291435234e-02
4.769325133086144142e-03
-2.000257835472001380e-02
-2.104638444679381507e-02
1.153943165080672933e-01
-2.906125946984996350e-02
6.001599983069719202e-02
-3.581512518226137587e-02
2.674513424820801691e-02
-1.383353493788976735e-02
-1.901377621669143869e-01
-8.323423239267616069e-03
-1.195724544498028979e-01
7.139868964506322635e-02
2.429911834636594783e-02
-3.742960249097276176e-02
-3.337468398772402978e-02
1.048448350694444406e-02
-1.817338014993564316e-02
1.419380644548920711e-01
-6.211243688169133109e-02
1.162435600560483145e-02
5.734360216507326802e-03
-6.812233949723460469e-02
-1.514682290698981561e-02
2.876819158472477839e-03
1.485245600987947570e-02
-1.167905387666408196e-01
-4.022391598133528978e-03
1.698088977713961209e-02
-4.317485008455043127e-01
4.248418697458909710e-02
5.563558941948321818e-02
7.063692166934588956e-02
-1.045390150413597063e-02
2.426376069954624612e-03
-5.798051115984877851e-02
3.496627344153903361e-02
-8.812683481498535809e-02
-6.452030022302195078e-02
-3.463686346098698160e-02
2.439084331816003190e-02
-1.073598629551822219e-02
-5.708547612460148149e-03
-4.803907777259434908e-02
3.671806210215523142e-02
2.521701494072045580e-02
-3.938829430954073757e-02
7.264766074342444979e-02
-5.085167012340592596e-02
6.835374770111692089e-02
2.599849686958096220e-02
-8.876238957661843759e-03
5.528334154603421063e-02
-2.908412891769392855e-02
3.871710743878845062e-02
-5.213520440705646242e-02
2.483501905185146936e-04
-2.666470594744275308e-02
2.982285652293767061e-02
6.208695100282463075e-02
-5.603258746694724651e-02
-1.778515437773981259e-02
1.032036622755643819e-02
1.256619146467924429e-03
-7.289021941374779212e-01
2.493735659328416565e-02
6.826267486489433212e-02
-1.807185999667453025e-02
-2.184551216497902446e-02
5.493911914744086661e-02
-1.547487142305742662e-03
-1.563389980984568328e-02
3.294375122433194220e-02
-2.297792323346150439e-02
-3.236882797858504478e-03
-3.641099039450583497e-02
1.076108470593145489e-01
9.235297440506723063e-03
-3.803511825784380157e-02
1.621176292482214704e-02
-4.861585487147796619e-02
-7.371616909984760047e-02
-1.820820859399823128e-03
7.813979795535724512e-03
1.894242680009613003e-02
-2.894732507452016379e-02
-2.552180713214589197e-03
-3.471243755907085782e-02
-7.182283020611186786e-02
-7.771963989157888719e-02
2.606231132639788995e-04
-7.494712758262515873e-03
1.012500113597809281e-01
1.691141235777554250e-02
9.687569894207622920e-03
-7.760998382114757226e-03
2.523909288531030626e-03
1.266197732806508686e-02
-2.220001227277072428e-02
1.230405613810195073e-02
-4.463036382559387141e-04
-1.996352910779775752e-02
5.448933887715886465e-03
-9.682942624186807734e-02
3.490023814097774086e-03
-3.411986720920980043e-02
-2.955105338512215192e-03
-5.882187123023566167e-02
-4.819469559552683538e-03
-2.438028292922805873e-02
-3.075486606734145409e-02
3.186169264774783849e-02
1.893199657532056504e-02
-3.604415887638134919e-02
-5.894491448693507663e-02
4.580410398591992782e-02
-1.610151782871335410e-02
4.026112518041014693e-02
-3.724780129336575235e-02
4.974543782783485968e-02
-3.294417721611655331e-02
-1.196025789058797612e-01
-3.650166090515407497e-02
8.760624655840711095e-02
6.315882390547248280e-03
2.043348350753346893e-02
-7.136990627423420164e-02
2.352398422101185937e-02
1.210392125332547114e-01
-5.302666321497619822e-02
4.428433885065270748e-02
-4.454931099983574366e-02
-2.720990706268714213e-02
-7.591690971338683862e-03
-4.388049600926689081e-02
-4.405752649332314239e-03
-1.885251360817608024e-02
-1.024764154118736753e-01
3.086867161330430695e-02
9.643329595544676558e-02
-2.450982650501109389e-02
5.121706589144155858e-02
-3.016402598040799493e-02
5.324297763587308024e-02
3.106360755760334547e-02
3.127846519178002771e-02
-4.229958396064568103e-03
1.477610092685714693e-02
2.067427667857171802e-02
3.590875133961268090e-02
9.273185728336982500e-03
3.820025318427281574e-02
5.683023341741254286e-02
3.905166876443954410e-02
-1.049069141685246287e-01
6.174957602773200466e-02
1.525174573536994781e-02
4.544912135039690104e-02
-1.149346976682661253e-01
-3.859908930740004601e-02
-5.374359161099532406e-02
-2.724385755608870786e-03
-3.083506559474091108e-02
5.209878473905153046e-02
2.062192307711726083e-02
4.451484247938746613e-02
-2.017760970140437121e-02
-3.106577958978905523e-03
6.231184311014981853e-02
-4.819962934297046531e-02
-9.349809028408876538e-03
-3.864509379055862393e-02
-8.865046812394984654e-02
-3.933785898590646396e-02
4.434885293981032789e-02
5.090202655967267925e-02
-1.937520552788817713e-02
-2.286054146017109379e-02
4.495229396891559787e-02
1.178283494187831182e-01
5.474595553933210568e-02
-3.179061250003365618e-02
-5.564089722452783722e-03
2.881555424539415655e-02
9.894569031789883506e-02
7.633253701269064606e-02
-2.417372161653553314e-02
1.239704988172364436e-01
2.235074499546955279e-02
-1.175278095851643584e-01
5.052242843590458096e-03
-3.864511482718996360e-02
1.519702866838460176e-01
-2.798727633012095678e-02
-7.624000213059002606e-02
-3.077352555933878311e-02
-2.203489706818359192e-02
-4.088594994527110227e-02
-5.151932546967224330e-02
1.190842678646439161e-02
2.380338059664851257e-03
3.227144678253979909e-02
-9.203121255479621704e-03
1.436285786675768061e-01
1.712252205312136399e-01
7.834856679955086445e-03
6.166903728465221446e-02
-1.096048567523210948e-01
-1.202752698957727448e-02
-1.051826061248614967e-03
1.091075297508455055e-01
-8.270684667459662909e-02
9.808934164768320918e-02
-7.822785860893002874e-02
-1.046152833482777572e-01
2.330903718115198697e-02
1.452613972892365102e-02
1.797026490041427060e-02
2.404930834922019631e-02
4.451603104905809544e-02
-2.661209136028075406e-03
-4.813978538597001727e-02
-5.117025412755536046e-02
9.083596375371590786e-03
