-2.417626976966857910e-02
2.003720253705978394e-01
-6.221118196845054626e-02
-5.078284814953804016e-02
1.512267999351024628e-02
3.729503601789474487e-02
-1.642543822526931763e-02
-1.949593238532543182e-02
5.239775404334068298e-03
1.331542491912841797e+00
-1.057215929031372070e-01
1.360047012567520142e-01
7.796610146760940552e-02
-2.104925923049449921e-02
-4.596029594540596008e-02
-5.029001832008361816e-02
2.247714251279830933e-02
1.278553128242492676e+00
-2.021502405405044556e-01
-1.097610667347908020e-01
2.103444375097751617e-02
-5.406891554594039917e-02
-9.758944064378738403e-02
6.732409354299306870e-03
5.130115151405334473e-02
4.884752258658409119e-02
-7.648829370737075806e-02
-3.440317930653691292e-03
-1.614702492952346802e-02
7.656646519899368286e-02
-2.386631630361080170e-02
-5.515148863196372986e-03
-3.087045624852180481e-02
3.804225474596023560e-02
7.128436118364334106e-02
-8.052819967269897461e-02
-1.050303969532251358e-02
4.595538601279258728e-02
3.765723202377557755e-03
-4.619172215461730957e-02
1.739598438143730164e-02
4.225116595625877380e-02
4.200633615255355835e-02
-5.568282678723335266e-02
-2.596756629645824432e-02
-1.401915960013866425e-02
-1.105174273252487183e-01
5.618141032755374908e-03
-7.398830354213714600e-02
-3.270010650157928467e-02
3.547773510217666626e-02
1.251917798072099686e-02
-6.912474520504474640e-03
-4.084668122231960297e-03
-3.689393028616905212e-02
-1.396127627231180668e-03
9.984194301068782806e-03
4.548883810639381409e-02
5.120099522173404694e-03
-6.160468608140945435e-02
-3.811992472037672997e-03
2.437749877572059631e-02
2.115587517619132996e-02
1.808723658323287964e-01
-7.337559014558792114e-02
-7.640442252159118652e-02
9.688965976238250732e-03
6.346116960048675537e-02
-1.206688769161701202e-02
1.036479622125625610e-01
1.020897179841995239e-02
5.034833215177059174e-03
8.108512312173843384e-02
5.530326813459396362e-02
6.274615228176116943e-02
-8.608485572040081024e-03
1.398790627717971802e-03
-3.901794925332069397e-02
1.593720866367220879e-03
1.366369873285293579e-01
-6.525839865207672119e-02
5.620601400732994080e-02
-3.521222993731498718e-02
3.873047605156898499e-02
4.375508427619934082e-02
-1.970452517271041870e-01
5.316925793886184692e-02
-5.530442669987678528e-02
1.039591804146766663e-01
6.320933252573013306e-02
-2.788366563618183136e-02
5.717901885509490967e-02
-2.796568535268306732e-02
-4.235931858420372009e-02
4.394837096333503723e-02
-8.284262567758560181e-02
-1.187330484390258789e-02
-1.897680573165416718e-02
-5.039370805025100708e-02
-2.679661288857460022e-02
1.879248581826686859e-02
2.940781041979789734e-02
-1.078055500984191895e-01
-2.620030194520950317e-02
6.527102738618850708e-02
-5.136741399765014648e-01
1.005663871765136719e-01
5.542249884456396103e-03
3.368500992655754089e-02
4.391721636056900024e-02
2.868596650660037994e-02
-1.265773326158523560e-01
5.880841240286827087e-02
-6.135905534029006958e-02
-1.185618154704570770e-02
2.509224414825439453e-02
-2.719341218471527100e-02
1.166066527366638184e-02
-1.093034166842699051e-02
5.003703758120536804e-03
2.396196650806814432e-04
9.574119932949542999e-03
-9.222583845257759094e-03
-3.658441081643104553e-02
-8.848685771226882935e-02
4.076572507619857788e-02
-3.163262829184532166e-02
-8.513806760311126709e-02
3.837381303310394287e-02
-2.976295351982116699e-02
-2.770484192296862602e-03
7.803231477737426758e-02
-5.167390033602714539e-02
7.351931184530258179e-03
5.700987949967384338e-02
4.869443923234939575e-02
8.407182060182094574e-03
1.957591064274311066e-02
2.535760216414928436e-02
-2.761849015951156616e-02
-6.166568398475646973e-01
6.741897761821746826e-02
5.474171787500381470e-02
-6.825211923569440842e-03
3.026498854160308838e-02
-1.329667773097753525e-02
-4.733954742550849915e-02
2.342072315514087677e-02
5.239238217473030090e-02
-6.668967008590698242e-02
-2.893708087503910065e-02
-3.819556906819343567e-03
5.018628761172294617e-02
1.937207649461925030e-03
-9.594380110502243042e-02
-1.148050371557474136e-02
-9.645492583513259888e-02
9.181420505046844482e-02
-1.240550167858600616e-02
-3.401730209589004517e-02
8.909204602241516113e-02
2.165344357490539551e-02
-2.919977903366088867e-02
-8.714794367551803589e-02
-1.158955693244934082e-01
-5.344641208648681641e-02
4.392125830054283142e-02
-1.736733317375183105e-02
1.030114367604255676e-01
7.218753546476364136e-02
7.777936011552810669e-02
-1.699373871088027954e-02
-2.854491584002971649e-02
-8.764480799436569214e-02
-8.593520522117614746e-02
3.069918602705001831e-03
2.381687425076961517e-02
-3.889990225434303284e-02
4.578511416912078857e-02
-1.275042891502380371e-01
-1.336814649403095245e-02
1.476239040493965149e-02
-6.722762435674667358e-02
-8.939032256603240967e-02
-7.099931687116622925e-02
-2.638124674558639526e-02
-3.987107798457145691e-02
2.392532536759972572e-03
5.335468798875808716e-02
1.943144947290420532e-02
-2.913918904960155487e-02
8.836151100695133209e-03
-1.147129759192466736e-02
6.530860066413879395e-02
1.943960785865783691e-02
5.897344648838043213e-02
-4.675282165408134460e-02
-9.641148895025253296e-02
-1.524003446102142334e-01
1.094844266772270203e-01
1.965440995991230011e-02
-8.221843838691711426e-02
-3.580683842301368713e-02
9.572692960500717163e-02
1.599662154912948608e-01
-4.891714081168174744e-02
3.389042243361473083e-02
4.074001684784889221e-03
-7.700277864933013916e-02
3.007749561220407486e-03
-4.820084944367408752e-02
-7.440686970949172974e-02
-2.532993629574775696e-02
-1.378284990787506104e-01
1.816770620644092560e-02
7.028722763061523438e-02
-6.496805697679519653e-02
7.896741479635238647e-02
-6.972228735685348511e-02
7.484471052885055542e-02
9.164279699325561523e-02
-2.656712196767330170e-02
-5.733525007963180542e-02
1.225018687546253204e-02
1.634670980274677277e-02
2.219160087406635284e-02
9.189262054860591888e-03
-2.129975520074367523e-02
9.731639921665191650e-02
7.179208844900131226e-02
-3.332473337650299072e-02
-5.501782521605491638e-02
7.972075790166854858e-02
4.165516048669815063e-02
-9.113730490207672119e-02
-3.157030045986175537e-02
-5.525430664420127869e-02
7.636410184204578400e-03
-5.448274686932563782e-02
2.693377062678337097e-02
1.952378824353218079e-02
2.326002903282642365e-02
2.888471260666847229e-02
1.028309836983680725e-01
3.769819065928459167e-02
-1.292897164821624756e-01
-3.268080204725265503e-02
-4.173520952463150024e-02
-1.098776981234550476e-01
-1.796906441450119019e-02
5.339489504694938660e-02
4.205324873328208923e-02
2.918592095375061035e-02
-7.700891047716140747e-02
4.889189824461936951e-02
2.138034254312515259e-01
1.304270327091217041e-01
-2.939151227474212646e-02
-6.131951231509447098e-04
-2.358280494809150696e-02
5.268596857786178589e-02
1.310752630233764648e-01
2.635597065091133118e-02
3.152066841721534729e-02
3.055175393819808960e-02
-9.429639577865600586e-02
9.313453920185565948e-03
2.034979872405529022e-02
3.297650218009948730e-01
-5.627941340208053589e-02
2.726268582046031952e-02
2.658273838460445404e-02
-5.040736868977546692e-02
-1.185168549418449402e-01
-7.692094892263412476e-02
-2.737911418080329895e-02
2.379515022039413452e-02
5.970732495188713074e-02
-7.819004356861114502e-02
1.388332992792129517e-01
1.663029938936233521e-01
4.216290637850761414e-02
-2.359867654740810394e-02
-8.693013340234756470e-02
-1.037235464900732040e-02
-1.022324711084365845e-01
1.158969849348068237e-02
-1.155845373868942261e-01
1.606754362583160400e-01
1.755316182971000671e-02
-8.281149715185165405e-02
1.394660118967294693e-02
3.549876064062118530e-02
-5.097196996212005615e-02
-2.152715809643268585e-02
-1.674760691821575165e-02
-2.279411815106868744e-02
-7.812812924385070801e-03
-5.798595026135444641e-02
6.193359568715095520e-02
