-6.327358546515163273e-02
1.598683955237016341e-01
-8.672456184513294142e-02
-5.598342645286877306e-02
3.640123529899461866e-03
3.290834793982903850e-02
1.228575728029550167e-02
-2.980255803194246933e-02
2.286155039776073192e-02
1.372818176581281913e+00
-1.461740682245862011e-01
1.384079604751526638e-01
9.195942289490444121e-02
-3.436038725365477692e-02
-3.512705638557388210e-02
-1.152069534420324670e-02
-1.781165672614875781e-02
1.163717264647899929e+00
-1.734789642459387826e-01
-5.534121068997465559e-02
-2.548379079017691271e-02
-1.925858145374086377e-03
-6.958465046820794253e-02
2.817299966125906161e-04
8.488033549635483344e-02
4.875530191791639656e-02
-3.070938839137127632e-02
-9.715682385876313332e-03
6.391903280895963602e-02
1.207199945399408877e-02
8.337864734848848824e-03
1.277086633046223968e-02
3.936304015031139025e-02
1.224425381159030719e-02
5.254938105662020076e-02
-6.797374801179641157e-02
2.320466522021855105e-02
4.008031984975261169e-02
-2.875325058285968516e-02
-1.332952119297015937e-03
-8.701962956006694533e-03
6.929778359303992961e-03
4.534937815132269318e-02
-4.177700921574369064e-02
-3.093938381790295455e-02
-8.203865857113768270e-03
-6.438786206707566850e-02
5.091955478741023305e-02
3.338629375648066548e-03
-6.910981903296897419e-03
-8.925661644002345907e-03
1.980282624690768434e-02
1.169294813913944811e-02
-4.069702362521922245e-02
-3.060669037509440929e-02
9.075892652657631399e-03
-1.562509317360347757e-03
-3.892858784989582793e-03
-9.940140526639927934e-03
-4.820828965386055737e-02
1.590243622196912954e-02
2.556972458979799370e-02
-1.043643587853396171e-02
1.605096111841852469e-01
-1.598886694747542192e-02
-5.036358848146050421e-02
1.617449533082187738e-02
4.860000164016795021e-02
1.841530369584845443e-03
7.464982539212015877e-02
2.268042208459646308e-03
6.012073136289156072e-02
1.358744135399465036e-01
-9.133629814943049555e-03
7.786162303019829312e-02
-3.472237432113048361e-02
1.796706951541838029e-02
-2.096959572410214689e-02
1.069230504828694479e-02
1.454885105234776099e-01
-3.789468041527452313e-02
6.611552647991154885e-02
-4.378927152140379281e-02
-1.953157815860344197e-03
1.587744303766705847e-02
-2.271784130694983195e-01
4.154289149208879178e-02
-8.463616674347453073e-02
6.951718105934047431e-02
6.380593372761371451e-02
-3.243792789381632485e-02
1.010514570442013274e-02
-8.876063596412272008e-03
-1.426673747641758576e-02
1.040689816637223597e-01
-7.954786445131981076e-02
-3.728577743860971017e-02
-7.045750391090047429e-03
-4.359844260552280665e-02
-3.817103683917233425e-02
5.781675637335262699e-03
2.141160661101696935e-02
-9.229645740723850522e-02
5.520082443942259630e-03
7.363455267819424277e-02
-5.197028175685189932e-01
4.277706787175006992e-02
3.293248166112210107e-02
7.317993737558725620e-02
6.779518597704405070e-02
5.064043870592348923e-02
-6.845157194096675168e-02
3.400117234504813207e-02
-6.678538257317549742e-02
-6.949834788082299986e-02
2.258601397970652364e-03
-1.067175763173148877e-02
1.182261844862913906e-02
2.856839727888135783e-02
-5.253882372554949387e-02
2.258798644731220551e-02
2.620069545121420443e-02
8.123662331772772693e-03
-1.931265730360788926e-02
-1.069261367364018056e-01
6.730461699278006416e-02
1.566184908584639102e-02
-3.936405587932204075e-02
5.804872543948500635e-02
-1.856040839831998857e-02
4.142820162284618218e-02
4.834902125227623707e-03
-2.579017841426962249e-02
-5.334067302241749485e-03
1.655714076371420443e-02
5.969295630872601538e-02
1.205011986977466525e-02
-2.425174744143800479e-02
8.005924181636199510e-02
3.172507989818157403e-02
-4.460671272738328530e-01
6.285709906694444959e-02
6.121986891457685542e-02
-5.131321150410802188e-03
1.876724793806385828e-03
2.731901621726064849e-02
-3.461167236024968730e-02
-1.385322950820164038e-02
3.308132190236279940e-02
-1.881031055080040204e-02
-2.548795176313554435e-03
-1.735399267384980099e-02
7.459266953936083411e-02
2.504291751975402242e-02
-6.872063699322811248e-02
1.387087975308671541e-02
-6.882308498390235507e-02
-3.852871096500281624e-03
-1.630486883731894088e-03
-2.202576793863691637e-02
4.510542192020462748e-02
-9.978687442594121049e-03
-3.069241477827329423e-02
-1.135753801189241796e-01
-1.583864312705620947e-01
-8.311148561612709262e-02
2.672756190233879781e-02
-4.040574692348496144e-02
1.040096505882202316e-01
4.058466837004109234e-02
8.940302361961864619e-02
1.712956969293655610e-02
-9.620070251443747431e-03
-9.076466148883645044e-03
-4.166170053313459493e-02
1.302797703359824012e-02
5.049119217307852098e-02
-5.935270896739826274e-02
3.823955010493074180e-02
-6.260914242618444148e-02
-1.700126124165114369e-02
-1.098143602248620324e-03
-6.858253535162001091e-02
-7.374269500196820037e-02
-2.762240353412189278e-02
-4.686316988234595117e-03
-4.762827401025865326e-02
4.965012479777929089e-02
3.810848355871641197e-02
-1.240560705291221880e-02
-3.467577267412182834e-02
-8.785130066068765411e-03
-3.264328407853964078e-03
6.929591465166033692e-02
8.960909003331941902e-03
5.177294529959867997e-02
-4.772212112020270819e-02
-1.190791687068755850e-01
-7.463348621898882596e-02
1.189276281891265691e-01
8.442448491100488367e-04
-9.373068552219747385e-02
-5.247063549307449254e-02
6.433068121175608556e-02
1.253814015555192729e-01
-4.790549302248549995e-02
2.910252697376211270e-02
8.850558640954834036e-03
-5.816316840844502206e-02
-1.374650451706254696e-02
-3.332901601624006088e-02
-5.837522762330862869e-02
-2.271551513124944049e-02
-1.291810281372812452e-01
2.142865054381568740e-02
2.908069973865323732e-02
-3.469499026700333805e-02
6.095394168362840148e-02
-1.197210594364862962e-01
6.018494418828487791e-02
4.617783173496966403e-02
7.680268490743452463e-03
-5.717097305764110016e-02
1.950785541689468994e-02
-2.557513061212468228e-03
2.167749321280499145e-02
1.780568267690611599e-03
-1.461507002067011576e-02
7.037209985302494974e-02
4.798934848428479394e-02
-8.999484047166429745e-02
-2.605746203411229284e-02
3.771667468748799573e-02
3.655259923616178269e-02
-9.709963050216342817e-02
-1.551566067865349334e-02
-5.787995190707528187e-02
-1.114669923450161380e-02
-8.574889006134229011e-03
2.371313603763025232e-02
-2.452808042543556596e-02
6.038107755359148517e-03
5.966028890108347228e-03
5.558747965791697304e-02
7.526882002717077969e-02
-1.332547202833570255e-01
-3.229245362225091620e-02
-5.856016531092783639e-02
-9.145190217478270378e-02
9.531890128049112440e-03
6.634886287355824808e-02
5.711796137924523425e-02
-1.211517887556685762e-02
-3.070825390019938164e-02
3.539429625093609699e-02
1.381743615546232040e-01
1.007849891328872066e-01
-9.216913186910340172e-02
-1.446675092654487729e-03
-2.868013059537296780e-02
3.588380262638894008e-02
1.154868508535274035e-01
9.832261511078735014e-03
9.160457405838358380e-02
2.130347249120809801e-03
-9.582143711516059870e-02
1.490863758198839560e-02
-3.852074921221932974e-03
3.798212937004749046e-01
-4.280089843699994706e-02
-4.163000978800229096e-02
-2.848711083014900808e-02
-1.560323527129178073e-02
-9.520732423000115296e-02
-7.115739276701933680e-02
-3.387810974343772458e-02
8.615855701123794827e-03
6.528731042058706635e-02
-6.842808203560044045e-02
1.295599544393346014e-01
1.915598282264103780e-01
3.260961734981662058e-02
5.312894665413738643e-02
-1.367312262775708109e-01
-1.237273649946754595e-02
-7.519208091908612113e-02
4.378390222158749095e-02
-9.344411867775259672e-02
1.390129849296568021e-01
5.795046928430471270e-03
-8.002457576655849780e-02
5.944498169737581078e-03
-2.316643318025765966e-02
2.391124929317762181e-03
-4.167409867770459353e-02
-1.882733573167892291e-02
-6.225711887897320690e-02
-4.094886503877997325e-02
-4.734232285386023864e-02
2.898710890495186793e-02
