-3.025547042489051819e-02
1.730360239744186401e-01
-8.076900988817214966e-02
-3.467351570725440979e-02
3.842651844024658203e-02
3.611381351947784424e-02
-2.260348526760935783e-03
-2.860978245735168457e-02
4.231043159961700439e-03
1.312139391899108887e+00
-1.126410886645317078e-01
9.259679913520812988e-02
8.821106702089309692e-02
-2.219527587294578552e-02
-2.723423391580581665e-02
-2.547395974397659302e-02
-3.005366772413253784e-02
1.121069550514221191e+00
-1.779369413852691650e-01
-5.889335647225379944e-02
-5.965998396277427673e-03
-3.163408860564231873e-02
-8.498937636613845825e-02
7.901280187070369720e-03
4.515547305345535278e-02
8.475767448544502258e-03
-6.153593957424163818e-02
-1.508402987383306026e-03
4.665093496441841125e-02
6.303209066390991211e-02
-1.662745513021945953e-02
1.689539849758148193e-02
-4.115010611712932587e-03
7.348208129405975342e-02
9.618005901575088501e-02
-7.541781663894653320e-02
-4.677013028413057327e-03
4.770181700587272644e-02
-2.654818445444107056e-02
-1.161508914083242416e-02
-3.995143808424472809e-03
1.777135534211993217e-03
2.133827842772006989e-02
-3.088673576712608337e-02
-2.088942751288414001e-02
-7.531419396400451660e-03
-7.346878200769424438e-02
3.414047509431838989e-02
-3.749124705791473389e-02
-1.444849558174610138e-02
1.306011155247688293e-02
5.233922600746154785e-02
-2.720989659428596497e-02
7.317534182220697403e-03
-1.699695177376270294e-02
2.568831900134682655e-03
3.908664453774690628e-03
7.264746818691492081e-04
-9.135020896792411804e-03
-5.876323953270912170e-02
3.828542772680521011e-03
-5.184714216738939285e-03
-1.754773408174514771e-02
1.571681946516036987e-01
-5.363079160451889038e-02
-3.415762633085250854e-02
1.898200996220111847e-02
3.761906921863555908e-02
-2.681035175919532776e-02
7.757887244224548340e-02
3.414086997509002686e-02
5.824600532650947571e-02
7.031323760747909546e-02
1.516497787088155746e-02
8.638238161802291870e-02
4.715110640972852707e-03
6.814374122768640518e-03
-2.103141136467456818e-02
3.053913451731204987e-02
1.205080226063728333e-01
-4.236990585923194885e-02
6.927029788494110107e-02
-6.088829040527343750e-02
3.165930137038230896e-02
4.195067286491394043e-02
-1.756113916635513306e-01
6.586620956659317017e-02
-1.101084500551223755e-01
1.070117801427841187e-01
5.089758709073066711e-02
-3.139704093337059021e-02
3.715704008936882019e-02
-2.054350823163986206e-02
-5.549558624625205994e-02
5.842840671539306641e-02
-3.067866526544094086e-02
-3.659872338175773621e-02
-2.209018729627132416e-02
-3.276100009679794312e-02
-2.015367709100246429e-02
3.856453299522399902e-02
3.002927452325820923e-02
-9.005420655012130737e-02
-1.009791623800992966e-02
5.848925933241844177e-02
-4.361234307289123535e-01
7.606712728738784790e-02
3.088440932333469391e-02
4.830355569720268250e-02
4.360708221793174744e-02
1.184280216693878174e-02
-1.120183542370796204e-01
2.733669988811016083e-02
-7.348106801509857178e-02
-2.429077588021755219e-02
9.886647574603557587e-03
-1.422881893813610077e-02
-3.530343528836965561e-03
-1.761991716921329498e-02
-5.276663228869438171e-02
1.368830353021621704e-02
-2.519235014915466309e-02
-2.971079200506210327e-02
-8.085674606263637543e-03
-7.727499306201934814e-02
3.291121870279312134e-02
-7.468660827726125717e-03
-7.984191924333572388e-02
4.262408241629600525e-02
-4.055057838559150696e-02
1.502153836190700531e-02
8.659349381923675537e-02
-4.524456337094306946e-02
-1.540300808846950531e-02
3.053658269345760345e-02
8.098255097866058350e-02
6.265775300562381744e-03
-2.084300853312015533e-02
4.341437295079231262e-02
-2.027370408177375793e-02
-5.439046621322631836e-01
5.645234510302543640e-02
6.346198916435241699e-02
-5.997630767524242401e-03
4.107601568102836609e-02
-1.717550307512283325e-02
-1.513994950801134109e-02
3.315363312140107155e-03
1.571359857916831970e-02
-3.427959606051445007e-02
9.835437871515750885e-03
-1.779097318649291992e-02
7.880806922912597656e-02
1.994817517697811127e-03
-7.383860647678375244e-02
-1.212914823554456234e-03
-7.772330939769744873e-02
5.282434448599815369e-02
1.194513309746980667e-02
-6.961130537092685699e-03
4.246839508414268494e-02
3.402860462665557861e-02
-5.017557367682456970e-02
-8.928227424621582031e-02
-1.128836870193481445e-01
-7.681304961442947388e-02
4.736661911010742188e-02
-3.609355911612510681e-02
1.112445294857025146e-01
5.526730045676231384e-02
7.318423688411712646e-02
4.095721058547496796e-03
6.983555504120886326e-04
-3.508149832487106323e-02
-6.309869140386581421e-02
-2.942111575976014137e-03
1.899727992713451385e-02
-3.590402752161026001e-02
5.512631312012672424e-02
-1.261219233274459839e-01
7.331259548664093018e-03
-2.944567427039146423e-02
-4.311440512537956238e-02
-6.861065328121185303e-02
-7.005190104246139526e-02
-3.048927756026387215e-03
-5.367997661232948303e-02
2.292423136532306671e-02
5.359313264489173889e-02
7.763649802654981613e-03
-2.054079622030258179e-02
1.002276130020618439e-02
-4.467978328466415405e-02
5.453136190772056580e-02
5.725257843732833862e-02
4.274055734276771545e-02
-6.607838720083236694e-02
-1.020653769373893738e-01
-1.277249008417129517e-01
1.145311966538429260e-01
-1.234064460732042789e-03
-7.912038266658782959e-02
-6.133557483553886414e-02
4.212071374058723450e-02
1.645695716142654419e-01
-4.700348526239395142e-02
1.164455059915781021e-02
2.018797211349010468e-02
-4.619239270687103271e-02
7.474043406546115875e-03
-3.876206278800964355e-02
-4.215804114937782288e-02
-5.233464762568473816e-03
-1.298416703939437866e-01
1.537125930190086365e-02
6.304179131984710693e-02
-6.946770101785659790e-02
4.414337128400802612e-02
-1.102868840098381042e-01
6.829304993152618408e-02
5.592797324061393738e-02
1.066820230334997177e-02
-3.166446462273597717e-02
-2.047283016145229340e-02
6.364526780089363456e-05
3.046911768615245819e-02
-7.255290169268846512e-03
-1.536673400551080704e-02
8.739560842514038086e-02
6.776587665081024170e-02
-8.323161303997039795e-02
-6.596098840236663818e-02
6.994936615228652954e-02
4.515318572521209717e-02
-8.134624361991882324e-02
-2.767008543014526367e-02
-9.324031323194503784e-02
-2.584971860051155090e-02
-7.153257727622985840e-02
4.776138067245483398e-02
1.106079015880823135e-02
9.351611137390136719e-03
-3.076945664361119270e-03
7.064049690961837769e-02
5.350144580006599426e-02
-1.064285114407539368e-01
-3.897408396005630493e-02
-7.498601078987121582e-02
-1.054564565420150757e-01
-3.967079147696495056e-02
7.337362319231033325e-02
4.229284077882766724e-02
1.507131755352020264e-02
-8.451788127422332764e-02
2.957599051296710968e-02
1.874320656061172485e-01
1.078215464949607849e-01
-3.013958595693111420e-02
1.392944529652595520e-02
9.574019932188093662e-04
5.297751352190971375e-02
1.149418279528617859e-01
-7.759076077491044998e-03
8.300881087779998779e-02
1.260691974312067032e-02
-9.475585073232650757e-02
1.997876912355422974e-02
7.526975590735673904e-03
3.031442463397979736e-01
-8.783773332834243774e-02
1.842227391898632050e-02
-5.679031601175665855e-04
-3.437219560146331787e-02
-1.002652868628501892e-01
-6.724745035171508789e-02
-3.989522904157638550e-02
4.162903875112533569e-03
6.095667928457260132e-02
-6.127669662237167358e-02
1.347187906503677368e-01
1.633841395378112793e-01
4.611447453498840332e-02
2.104894630610942841e-02
-8.716602623462677002e-02
-8.064271532930433750e-04
-8.515569567680358887e-02
3.934439271688461304e-02
-8.935787528753280640e-02
1.545927673578262329e-01
6.812692154198884964e-03
-1.030971109867095947e-01
9.822416119277477264e-03
1.608119904994964600e-02
-3.372435644268989563e-02
-2.535817213356494904e-02
-1.685501076281070709e-02
-2.327143028378486633e-02
-4.667831212282180786e-02
-3.086413629353046417e-02
5.354611575603485107e-02
