-4.771377592723816813e-02
1.757927988024845511e-01
-1.197037262440779765e-01
-1.863414290791924263e-02
2.082602262350367189e-02
5.997870570345557178e-02
-1.548714941438035682e-03
-3.136025883656445856e-02
-2.881314749226406881e-03
1.382110954395862734e+00
-1.114014616616487707e-01
1.150424158908131683e-01
9.443156476314147618e-02
-4.821289080158719376e-02
-4.894837646440228229e-02
-2.703496301063365581e-02
-5.251851922879145762e-02
1.215611833658818863e+00
-1.829825640630085848e-01
-5.256853313679885065e-02
-3.330332719586882179e-02
-5.956684256163882057e-02
-1.041116950731890284e-01
8.921785434975227497e-03
3.974733604090945754e-02
5.268343732023423633e-03
-5.899912356243897094e-02
-1.433135091251785606e-02
4.747008559958274670e-02
3.193158683654072350e-02
-6.830155924902976336e-03
2.025302587454454531e-02
-1.767707342679175272e-03
5.750697060289410717e-02
7.804821105870944631e-02
-5.393654529899460925e-02
1.131131478207162561e-02
3.245567555479458161e-02
-3.234744305628074051e-02
-5.571181167724494759e-02
-5.450162321597489673e-03
2.419669911562307915e-02
1.804207694935309678e-02
-2.057137726780337850e-02
-3.502100628283109224e-02
-1.540867737639744009e-02
-9.441475366227712607e-02
2.999048080242916123e-02
-1.659262608431600478e-02
-2.538912731986128334e-03
3.271638668060716792e-02
3.509277131845367492e-02
-1.585588113407403882e-02
1.766768340275329252e-02
-3.211022464928370290e-02
4.241119800849200983e-02
6.569950279933083406e-03
8.233589822700806277e-03
4.897288787059294983e-03
-4.858193596355014215e-02
1.412715982913988200e-02
-6.295991251729141785e-03
-6.803212030115603909e-03
1.788556153880058452e-01
-4.950854636106063328e-02
-8.145195571023651493e-02
1.462116140055400373e-02
4.310343305282810650e-02
2.914574119455021033e-03
8.182059030697352853e-02
2.815411746241094221e-02
9.309968234082853511e-02
8.315027421872174529e-02
1.067198415737394268e-02
7.812601537636523763e-02
2.119446131882238727e-03
1.140523709585548363e-02
-4.192014875422678949e-02
3.915266983591235428e-02
1.160559557492269744e-01
-3.575795982669591200e-02
7.213018262223788724e-02
-2.494550607488201302e-02
1.911270303289212130e-02
3.671641330995601554e-02
-2.080781118619127734e-01
7.478955927509402246e-02
-7.691399151194802664e-02
1.235872141547774000e-01
1.910739658771382424e-02
-3.513712119221502200e-02
3.615228565281319167e-02
-5.719138279922064173e-03
-5.869728307181476534e-02
7.683261130361469793e-02
-7.582704435700787782e-02
-4.862157978859263374e-02
2.343421327085254760e-02
-3.134488029931105368e-02
1.157652667399009004e-03
1.594568565522890349e-02
1.791611951124620281e-02
-1.222426616012983192e-01
2.129015116005072289e-02
6.388601522661929710e-02
-5.158764248467505587e-01
7.886146572174153324e-02
2.315436892257513243e-02
5.547497293271490965e-02
6.786973402860656257e-02
-4.404993765324236553e-03
-1.056226545688899177e-01
3.435628793799275216e-02
-3.260179483577108767e-02
-4.079063967086407616e-02
7.278058305665652088e-03
-1.937903625349218784e-02
2.239982205176024779e-03
-3.404175303546323056e-02
-1.443934943299971137e-02
6.829774055096052114e-03
-1.425864444641751147e-02
-2.281681367197388802e-02
1.569636799035367724e-03
-8.816999477019366038e-02
5.025683459543732468e-02
-5.638498082298390793e-03
-6.873500686429739881e-02
2.904735950228404945e-02
-3.142968629920708107e-02
4.176024022074247000e-02
6.501741379295730705e-02
-1.414750929590306329e-02
1.377027269548061067e-02
3.337966583981478996e-02
8.060161773647427086e-02
-6.151478362382632736e-03
-2.273356163938465221e-02
6.810444489744946206e-02
-1.190279910656768777e-03
-5.556193859399298773e-01
7.255377556841298425e-02
4.557146423699640070e-02
-1.518286870946970735e-02
7.306099248395457775e-03
5.985677886805066024e-03
-1.966201723180219588e-02
-3.914981795273000942e-02
5.020595541017956048e-02
-3.745959596708754030e-02
-2.377257420052620099e-02
-2.668451910221375512e-02
8.514191288572293959e-02
2.549587979695580597e-02
-1.099873779005506175e-01
-3.624939426177794209e-03
-6.236671198600412386e-02
7.037348438743173951e-02
5.351299429227808144e-03
-8.287628815060373369e-03
4.898242689007630685e-02
3.712298104329409681e-02
-3.207020336911413361e-02
-7.371408587308099503e-02
-1.403018807525044376e-01
-9.383664250671314155e-02
2.119816247604065090e-02
-1.379197415794749734e-02
9.572287627764367035e-02
4.583311789695670990e-02
8.174151456152128903e-02
-1.013479487666867768e-02
-1.115600082663997274e-02
-4.973810971319979346e-02
-7.601590436094082803e-02
2.019639463736124310e-03
4.056523053246265803e-02
-4.571801394925816692e-02
5.218913113591054642e-02
-1.235063460493065340e-01
1.780223291151597151e-02
-3.646032214660523130e-02
-6.685347031272603768e-02
-8.063573438234603041e-02
-6.443839321334444981e-02
-2.442055428671770570e-02
-7.569751765024321233e-02
2.962644188741478737e-02
4.926423356354652644e-02
-1.397516460928458805e-02
-4.860142236040287944e-02
1.842943309965903304e-02
-3.950911550158674179e-02
5.515237461744150471e-02
2.819699062576285636e-02
2.203313074190919874e-02
-5.351796742912778848e-02
-9.123609587752251615e-02
-1.400550206847175627e-01
1.691428429351560514e-01
-3.121441878408839129e-03
-7.810270586676340554e-02
-4.988213864326787594e-02
6.600017450346506998e-02
1.259614554655573149e-01
-9.218688547656504750e-02
2.606504018912629908e-02
1.035235581796883561e-02
-3.607982309777449381e-02
1.414137620192307612e-02
-4.811665961024239740e-02
-7.820338705539582602e-02
-1.252969799281106536e-02
-1.539336174833188797e-01
1.218856022951249514e-02
6.690688793889687513e-02
-5.312663696328794732e-02
7.905295687486438294e-02
-1.361526291149054158e-01
6.185670609646803236e-02
7.197741262606913160e-02
3.129679560639760105e-02
-4.886557472915762507e-02
-3.075678975994878064e-02
1.974734195658045879e-02
3.961199961546372356e-02
1.845438597383458265e-02
-1.616980791445438159e-02
8.601704370151622148e-02
6.907008989418329803e-02
-5.216111557758987272e-02
-3.672307506184789572e-02
8.520655262806950403e-02
4.976209908349833733e-02
-8.065098268654388725e-02
-3.884372612541137776e-02
-5.779038863450915164e-02
-4.864925100188510071e-02
-4.889121960439948150e-02
4.279124013795838899e-02
1.929373580945309419e-02
2.899488882494077879e-02
5.885536944619147899e-03
5.109349147634804911e-02
3.197858110353151567e-02
-1.257740964527729599e-01
-8.099105982300876597e-03
-8.129033428097084957e-02
-8.645967716187931418e-02
-4.302369510539853781e-02
6.676399358154994079e-02
6.988894237126369591e-02
1.295160011660405515e-02
-8.717163258110013913e-02
-1.135954957409994297e-02
1.842954721913312444e-01
1.355097546059590985e-01
-6.536428843271943623e-02
2.519628858571457478e-02
8.956061561156525297e-03
2.992176851792204689e-02
1.101472599459558388e-01
-2.129079722085484752e-04
7.115766396897942048e-02
2.536059855500818333e-02
-8.499016268059925161e-02
4.552341486152173405e-02
2.361010736006948288e-02
3.649404985918230926e-01
-7.821504181019674207e-02
1.244607954179437377e-02
2.646715351049690624e-03
-3.527876178048488381e-02
-1.092874480692379996e-01
-8.506170698222939586e-02
-5.865489773058614464e-02
-9.813409080807501683e-04
6.509107714091488806e-02
-9.458756189027973937e-02
1.698162405405772013e-01
1.966550218007486195e-01
4.455645870487279225e-02
4.387537955651468063e-02
-9.195275734546218271e-02
1.521254308374358002e-02
-8.754205070849607750e-02
5.036777108535858000e-02
-1.004899800188058245e-01
1.583362011093631394e-01
1.085678072442353408e-03
-9.861503899892860858e-02
2.280203111650008080e-02
1.204313626061218317e-03
-3.901255231219033504e-02
-2.829486187067149425e-02
-1.013548798140494547e-02
-4.200388640159939679e-02
-5.898628125875872430e-02
-1.919392872743074310e-02
4.556354871602744799e-02
