-2.553477911849909299e-02
1.912412603314295190e-01
-6.598858437105277475e-02
-1.774328360546295960e-02
8.611409268339144732e-03
-4.331511420455715945e-03
-9.604919088345735198e-03
6.383952207270443026e-03
-6.281622706963246351e-03
1.319291713575704295e+00
-5.749788051238398368e-02
8.364291331724696410e-02
6.142578661307595417e-02
-1.525843040679574760e-03
-1.798869393869446595e-02
-2.340061812668186095e-02
-1.149419666914369351e-02
1.247825937723104017e+00
-1.747474098488384919e-01
-4.327427371080234952e-02
-2.834658352754819075e-02
-2.841724205320857871e-02
-5.243019742126146104e-02
-1.248004533515363265e-02
4.777764858723707736e-02
-3.027009228137528176e-03
-2.263732370496732496e-02
-1.835460454394118382e-02
-2.691202774898401873e-02
6.110287581003899515e-02
4.798147295915653095e-03
5.867835788621011267e-02
-3.193184002416387529e-02
5.721191593957658528e-02
8.118432377189850613e-02
-9.264034740718875283e-02
-4.379895683882283758e-02
7.497305054334395258e-02
-1.082649840587930450e-02
-6.094751822587731599e-02
-2.637656450310886611e-03
5.627089990698280753e-02
-1.188132494362334479e-02
-8.408219080150955080e-03
-3.003604764685389224e-03
-1.841754962561439543e-02
-1.092752896919105959e-01
-1.001314838515637851e-02
-1.603876265042355337e-02
1.300392936485735007e-02
6.556998020381404890e-02
1.584557258773134150e-02
-3.964314950711186891e-02
5.756355003664053761e-03
-2.828244918378274367e-02
3.041646000947333811e-02
-1.580577320109561104e-02
-6.483948350548449872e-04
-5.130380130532978013e-03
-2.139348158877478132e-02
2.366247835462546162e-02
-3.432410507960520756e-03
-3.245382820651875749e-02
1.713710961097534291e-01
-1.713210747003542089e-02
-7.662416464728979970e-02
9.349121817765253467e-04
-2.671069754257424187e-03
-3.525550712817150656e-02
1.065736080029106442e-01
2.798127224603904825e-02
3.820179602977923083e-02
9.061352301746389282e-02
1.443408071729639260e-02
9.006495543069360787e-02
2.717327658626915096e-02
-8.949897795861593702e-03
-4.093108616339276307e-03
1.970876513245510553e-02
6.638525355765005631e-02
-3.534356079068043388e-02
6.574233873874182899e-02
-2.631335294359931840e-02
-3.162433465679746064e-02
9.562689557919504951e-03
-1.425414093820363548e-01
6.852832798169861128e-02
-9.453414874255175460e-03
1.400352547160744754e-01
5.743194685663682852e-02
1.273216487640040605e-02
-1.601042281632709258e-02
-2.795780878875144329e-02
-1.844866753305371074e-02
6.647909666064857892e-02
-6.340879467227744648e-02
6.317666599663970817e-03
2.651870780331841426e-02
-8.739182541729020870e-03
-2.883519192518122984e-02
1.570911448322258319e-02
2.922318633642704069e-02
-1.153226190517051969e-01
4.464801958230648488e-03
2.453127520645697127e-02
-6.288422792300510933e-01
4.207139208718902595e-02
3.907522389769482046e-02
5.819284934647701857e-02
-3.529256933491851673e-03
1.428531703501702450e-02
-8.544777071949311020e-02
9.371994532236806175e-02
-4.737075737787632690e-02
-2.546984567641688221e-02
-1.357921445524877882e-02
-6.151590908213314633e-03
1.207867189296630509e-03
-1.910361039055206295e-02
2.289032413143912356e-02
-3.273749738281893362e-02
8.777297252131501318e-03
-2.339127832991240441e-02
-2.741684872521829922e-02
-8.026761319951672413e-02
2.183213159315105026e-02
-2.202052438440468829e-02
-5.221264424529079018e-02
1.480549652000727641e-02
3.621785747690015999e-04
2.086752473021582718e-02
7.649260303112472015e-02
-4.399425056805700285e-02
7.533595380375089634e-02
7.863209492043769788e-02
3.864496576641358871e-02
1.011840076185711694e-02
1.998395930798300274e-02
4.348567812019468737e-02
-2.162057299532511509e-02
-5.285213527651161369e-01
3.337536554725684806e-02
1.173301980433782803e-02
-6.970265122587044476e-03
-3.501025617885343425e-04
2.847402093830660522e-02
-3.411987311391345007e-02
-2.902925214694656447e-02
8.459563694464275474e-02
2.715615965898559702e-03
-4.808441653166016516e-02
-9.134373362921065914e-04
3.859468961090669475e-02
1.702724592749464694e-02
-5.933155908479323393e-02
-2.600033969723076349e-02
-7.130403084498050659e-02
1.002635200999505705e-01
2.210290525332596345e-02
-4.262569816522736310e-02
4.770269960081553046e-02
1.354817833471772155e-02
-5.683834552110220151e-02
-4.247545695552337047e-02
-1.231963010221593657e-01
-1.028719700766104611e-01
5.590886546488000458e-02
-7.755489161867070921e-03
6.812773838658081615e-02
6.663649757674776353e-02
8.657360371244988972e-02
-3.655699426622823628e-02
-3.169360682732440260e-02
-2.553501777537893480e-02
-8.607567428881322813e-02
-3.957779774510544052e-03
2.975037670245482893e-02
-1.616761725400214095e-02
7.798535622837607373e-02
-1.117255396541545348e-01
1.855614357512081966e-02
1.219696609720811141e-02
-8.311961118128398385e-02
-2.525388533400379013e-02
-1.029566959504915197e-01
-2.721560198167801564e-02
-1.301052192597067399e-02
2.266936540223927696e-02
2.650710210695947019e-02
2.082427956728128901e-02
-4.459726946496238298e-02
-1.397994080880333827e-02
-4.074499346133780148e-02
5.767901840264429841e-02
-1.298363548545705334e-02
5.209270977778845957e-02
-4.841198248462298681e-02
-8.579355504146300715e-02
-1.556670229179251963e-01
1.333002288531769941e-01
5.951335127031961991e-02
-4.395260628329397679e-02
-5.520846383484815517e-02
5.632136645168597799e-02
1.341572269379153193e-01
-3.909358706975259168e-02
-8.082068979239317649e-03
3.845665677322169119e-03
-7.203188069773189262e-02
-1.306960425218985089e-02
-3.312130323174666130e-02
-5.454045518356307604e-02
-1.157877103612911171e-02
-1.531059396280685381e-01
4.646825359368993158e-02
8.212562941059366184e-02
-8.295323783911802418e-02
9.816027187791750985e-02
-7.819792710678785674e-02
6.473597362567960756e-02
4.130374552933988724e-02
4.245284220500507820e-03
-3.008193814700148294e-02
2.924068630465081662e-04
1.383894822357762712e-02
2.731895918141441157e-02
2.925371832781866258e-02
3.649553743813155424e-03
7.445271418838211863e-02
9.243638962875501408e-02
-4.633588215305618069e-02
-1.407329184958330988e-02
7.568889783211599220e-02
6.274639043536163474e-02
-1.308093643167526979e-02
-5.899407680439618107e-02
-3.083383603231918194e-02
-1.845721895765830081e-02
-1.528597851680487708e-02
3.782180600939095971e-02
4.012412892920396573e-02
3.524613515294634791e-02
1.036257222454383883e-02
7.151860751379812697e-02
5.434434358524630609e-02
-1.244973188910703521e-01
-5.787237874299797080e-02
-8.795252562263167206e-02
-9.937106135702125642e-02
-1.015391371003864819e-02
4.610016423883793457e-02
6.774937337820582939e-02
3.433217583852764959e-02
-5.961323855991542547e-02
-1.171578153746087071e-02
1.970150406392443265e-01
1.111412539815475886e-01
-5.291934212648964631e-02
4.120101849102778685e-02
1.657470153409714916e-02
6.504308480696359418e-02
1.132673167286781246e-01
-3.455410528447470930e-02
4.788900213321709010e-02
4.521418945473392598e-02
-3.344743992496842372e-02
2.517810775234774132e-02
1.191711945329232761e-02
2.882141257413916025e-01
-8.079504490396233196e-02
1.277696211351529443e-01
-1.040257339691224095e-02
-6.312871875686473788e-02
-8.663318212319456868e-02
-7.355434533575429257e-02
-4.095534938938162617e-02
3.476812151185540434e-02
6.618255073898896002e-02
-6.877396758642703722e-02
1.043107331882585503e-01
1.585625476241144527e-01
4.446790402839941730e-02
7.476019944421371383e-03
-3.648807605871409732e-02
-2.618018508618677465e-02
-1.114615797819759474e-01
5.589548928307258926e-03
-8.334674281090394266e-02
1.261911820734252232e-01
-2.181512527930899725e-02
-1.011813140136745559e-01
1.743809508690757210e-02
2.341154003085699209e-02
-6.898007595831731620e-02
-6.189729752457576173e-02
2.391066005735487804e-02
-2.627328004009006623e-02
-1.359082283314569720e-02
-1.396679188733936441e-02
1.980624976402465751e-02
