-1.931191055056130992e-02
1.385656089520109768e-01
-9.843033921897942351e-02
-2.676196176116995423e-02
2.201931877554766034e-02
1.297409244846428091e-02
2.673412663877982546e-03
-3.880678921588972402e-02
9.467544340063342983e-04
1.916500076550752274e+00
-1.445670466996480386e-01
8.063258474998340197e-02
7.148917239183286143e-02
-4.379661352845474337e-02
-5.043310403846721496e-02
-2.592719900970534563e-02
-3.728131516613358148e-02
9.658222795891714396e-01
-1.750101222229600573e-01
-5.722107842832082486e-02
-1.397493552991335881e-02
-4.662225786328404870e-02
-6.370807376402815025e-02
-1.973029348451645765e-02
8.544087123056717803e-02
5.003687247405574912e-02
2.175080569954936441e-02
1.837935474678143756e-04
6.657556557920789667e-03
-1.978785245914680205e-02
-1.370476609998358235e-02
7.199253105608680037e-02
-7.603696006356479298e-02
5.070930713614413277e-02
9.331287387664076449e-02
-6.101023618443381785e-02
6.514663381613339417e-03
2.598149571465660848e-02
-5.524532109466653157e-02
-3.424013766338512843e-02
1.629112268364802177e-02
2.176083028859633617e-02
-3.116703999569286898e-02
-2.992247780835196463e-02
1.631505920462845982e-02
1.204367795950223074e-03
-9.631486811596609576e-02
1.285807561871223255e-02
3.194016728645106967e-02
2.003192283096210530e-02
-3.887465379230582024e-02
1.682963901377383317e-03
-4.343301907174373228e-02
-2.447225735602002322e-02
2.324000929100169047e-02
4.006836708483667991e-02
-8.187536718997866919e-03
-1.633464543224889473e-02
-5.118493470676220222e-03
-5.821484034902531246e-02
-6.826921674630712089e-03
6.492169752964727786e-03
-1.281062229449581730e-02
1.068265459101607751e-01
1.174841395689685437e-02
-8.032933597756232447e-02
1.552401915313655206e-02
1.696139210655680379e-02
1.921239961648534347e-02
8.247334068174440314e-02
1.991575468665840454e-02
2.955025031606007321e-03
8.950516567704067117e-02
-3.110845244238403043e-03
7.470720778364359216e-02
4.599415656346610669e-03
2.468616209114520010e-02
-4.811061301242888777e-02
-1.765722288051257624e-02
1.307058699900760790e-01
-2.472120401939869802e-02
7.445268950230943261e-02
-9.979744457679423641e-02
-2.229531111367048790e-02
3.401144373219964351e-02
-2.403155804760534475e-01
-8.267737754646538317e-02
-1.092688276229239058e-01
1.349255140429126976e-01
4.096271894783296702e-02
-1.003067333303819808e-01
-6.353692169451776589e-03
-4.833703001988474968e-02
4.500838729354354056e-02
7.184525876459997573e-02
-3.194915969409212880e-02
-1.161964369724742497e-03
-1.033343105371188099e-02
-4.427131609880765456e-02
-7.564476715659147754e-02
2.146710352474710468e-02
-4.451621870065704603e-03
-7.451337384297687660e-02
-4.611978907270292138e-02
7.681021344978271326e-02
-6.993312415609712618e-01
1.875724724647866506e-02
5.253997903385572432e-02
3.961886559278873787e-02
2.714203689446510401e-02
3.360828772568637268e-02
-6.235795166327261219e-02
3.869763017778220238e-02
-1.154751236571337908e-01
-6.002695459779496673e-02
-3.816234414312961315e-02
-1.958953852693295222e-02
6.500269134546478485e-03
4.688873359692616316e-02
-2.203966517865377575e-02
3.631575899840257943e-02
-2.874181719726483231e-02
-2.469938410077768265e-02
2.248549188873302102e-02
2.278940356299942460e-02
7.078025651188657452e-02
-6.717446497192062875e-03
-5.262896279840958980e-02
1.691811434342050877e-02
-2.730098202279367808e-02
2.466266330154632397e-02
-5.834247777607152324e-02
-5.531347388927625175e-02
1.923694770044537782e-03
3.298103126544849745e-02
7.602620231948779839e-02
-5.262507095211381783e-03
-1.398079626674432474e-02
1.852749231206790234e-02
1.359733997376522639e-02
-7.501609410393194066e-01
4.122540821495635638e-02
6.800816672015996822e-02
3.217374291329105213e-02
-3.455065313701293633e-02
7.870944344893880326e-03
-5.690508861037788316e-03
3.785129006175247737e-03
1.749066699050862844e-02
-3.693360513461865086e-02
-2.871102108327614963e-02
-7.802473609589319001e-03
9.895487471500985510e-02
3.250636111964236991e-02
-6.023826897190494994e-02
7.836486058482469014e-03
-5.774678120803543313e-02
-4.681790757857058616e-02
-3.759603502266086611e-02
-6.038795509076336915e-02
-2.244592133211220988e-02
1.971378218474924629e-02
-2.396201207830219587e-02
-2.704444261137673236e-02
-9.086398476178882133e-02
-1.190874055105474033e-01
5.190436784873018322e-02
-2.223931572274055399e-02
1.141183797433797387e-01
-2.123975701361681054e-02
2.800929264453335538e-02
-2.152288995748666278e-02
1.095859108686389055e-01
1.457819062007723390e-02
-1.434932826138484926e-02
4.892237595204233791e-02
1.958087576885085210e-02
-1.828115042061410206e-02
3.400700156929042234e-02
-5.631577787669426322e-02
-3.586933963966269703e-03
-1.840849782810298138e-02
-2.021516655437686008e-02
-5.638034235479336825e-02
9.459374254955969091e-03
2.567581329986312957e-02
-4.343706493463672658e-02
1.468071568598120456e-03
1.129104050543556538e-02
-2.123239484013343670e-02
-7.159186453422095031e-02
7.927884551089788012e-03
-4.597879633510967845e-02
3.703089678860371770e-02
-2.894785357570408418e-02
8.575983509999557386e-02
-6.210163922368314160e-02
-8.256233525448052057e-02
-4.873825856722815986e-02
1.484479479095188459e-01
-3.306860636358102679e-02
-5.440603331756203170e-02
-8.307055039529701035e-02
7.326688869987539945e-03
1.118619339164102638e-01
7.742149541663899751e-03
3.371466906095284266e-02
7.770734481698375259e-03
-3.268265698322708745e-02
1.389234548067819902e-03
-7.144488046092775657e-02
-4.534085418534320594e-02
-2.580323456326412412e-02
-1.423933915487969604e-01
2.068030568479259368e-02
7.192559238061771443e-02
-1.381677939888983041e-02
5.082545186271959781e-02
-8.901812736800067405e-02
-2.568377847984847431e-03
3.913374393473633556e-02
2.612209305291547570e-03
-5.222426842728785518e-02
-8.391580789173694321e-03
-1.889820215543399837e-02
1.726906592893184909e-03
2.190977424560617073e-02
3.721154114418472741e-02
5.691958418415343779e-02
4.774773910120194004e-03
-1.500316204180224544e-01
4.623942844487607950e-02
5.160637545561531925e-02
7.561842401369428535e-02
-7.108219389152665990e-02
-3.418965264404453391e-02
-3.277064279228553145e-02
-3.350182352768923955e-02
-4.556703341278932340e-02
3.379127745681799466e-02
-5.800146836721742187e-04
3.975347429739321814e-02
1.488049187518676597e-02
3.448763783170455399e-02
9.493331582119589329e-02
-1.004467209070249584e-01
-8.666360809519593755e-02
-9.487467062424832787e-02
-1.136871116548059113e-01
-6.060920128368924888e-03
6.771801746463908256e-02
3.400529410166366591e-04
-2.021203218152120215e-02
-8.284918441168440811e-03
-1.289735975850312896e-02
1.442719833239258787e-01
7.875456941124170385e-02
-8.570786215423040200e-02
1.612479196410784160e-02
4.973024794604186810e-02
3.056333456460145689e-02
1.052258613227785577e-01
-7.051098235972074781e-03
1.242277769938242848e-01
5.685197900411160382e-02
-6.485467058735640278e-02
-1.828983119233330498e-02
9.167855963015380041e-03
3.188637424279316401e-01
-2.507064516143907990e-02
-1.538531955154632570e-02
-4.041535296814013217e-02
-7.854601472633566950e-02
-1.019861231009879660e-01
-7.753212076480657522e-02
-3.116433299637744354e-03
1.839638185578852669e-02
7.200859201492647299e-02
-2.987778597470320402e-02
1.657040178999638347e-01
1.793357296946823942e-01
4.988332423140277860e-02
5.741838539822070181e-02
-1.227188394629273038e-01
-4.367773793449469116e-02
-3.313366801806413159e-02
7.012746391969365556e-02
-6.232138397995661688e-02
1.144110437026399918e-01
-4.905000977636112675e-02
-1.570345155121337655e-01
4.086526156838656693e-02
-2.537168366058779878e-02
-1.958256724937468274e-02
-2.517760113172908681e-02
3.595742812645261882e-02
-2.868612083271078125e-02
-3.468072600779526643e-02
-2.661309706416336435e-02
2.770691212942057516e-02
