-2.450443804264068604e-02
1.544217020273208618e-01
-1.155177429318428040e-01
-5.313389003276824951e-02
2.562251128256320953e-02
2.051532268524169922e-02
5.460817366838455200e-03
-2.936184033751487732e-02
1.911321468651294708e-02
1.621321201324462891e+00
-1.261537522077560425e-01
7.904695719480514526e-02
8.197896927595138550e-02
-2.567562088370323181e-02
-3.333924710750579834e-02
-4.172053560614585876e-02
-7.269372791051864624e-02
1.234407067298889160e+00
-1.806722730398178101e-01
-6.199472770094871521e-02
-3.739311173558235168e-02
-4.522883519530296326e-02
-8.941040933132171631e-02
2.723672892898321152e-03
5.324004590511322021e-02
1.753245666623115540e-02
-2.012357302010059357e-02
-3.253001347184181213e-02
2.001825347542762756e-02
-8.417516946792602539e-03
-3.577191382646560669e-02
6.243961304426193237e-02
2.825113944709300995e-02
3.375586494803428650e-02
7.070884853601455688e-02
-5.308488011360168457e-02
1.552146580070257187e-02
4.160866513848304749e-02
-5.062394961714744568e-02
-7.410430163145065308e-02
2.950112801045179367e-03
5.728150904178619385e-02
1.087184180505573750e-03
-2.792976237833499908e-02
-2.292090468108654022e-02
-3.427375806495547295e-03
-7.610676437616348267e-02
3.495449200272560120e-02
-1.758551970124244690e-02
8.740448392927646637e-03
-1.459928601980209351e-02
4.741606861352920532e-02
-2.506661601364612579e-02
5.842076148837804794e-03
1.026691898005083203e-04
3.381360694766044617e-02
4.142533056437969208e-03
-1.038507279008626938e-02
2.936622360721230507e-03
-3.175065666437149048e-02
4.078306257724761963e-03
1.535197161138057709e-02
-2.141383290290832520e-02
1.409430056810379028e-01
-1.598490285687148571e-03
-3.094101138412952423e-02
1.400888152420520782e-02
5.194601416587829590e-02
1.088852621614933014e-02
4.999262839555740356e-02
4.951420053839683533e-02
6.614197045564651489e-02
1.343256384134292603e-01
-1.805401407182216644e-02
9.004276245832443237e-02
-8.658112958073616028e-03
2.229006774723529816e-02
-5.528471246361732483e-02
1.401318935677409172e-03
1.479807496070861816e-01
-3.474929928779602051e-02
7.409504055976867676e-02
-8.594578504562377930e-02
-2.599917910993099213e-02
4.999032989144325256e-02
-1.664944142103195190e-01
-4.032304137945175171e-02
-9.614758193492889404e-02
1.406332552433013916e-01
4.060513153672218323e-02
-1.002986058592796326e-01
3.682781755924224854e-02
-2.121561020612716675e-02
-1.311127189546823502e-02
6.724085658788681030e-02
-3.429475054144859314e-02
-2.916011214256286621e-02
-6.989777553826570511e-03
1.567378267645835876e-02
-2.552797552198171616e-03
8.691188879311084747e-03
2.368070883676409721e-03
-8.276585489511489868e-02
2.642527688294649124e-03
8.300362527370452881e-02
-6.647433638572692871e-01
8.531841635704040527e-02
5.029821768403053284e-02
3.081511333584785461e-02
4.864532500505447388e-02
5.082964431494474411e-03
-1.202569082379341125e-01
5.251265317201614380e-02
-4.141366109251976013e-02
-2.496969141066074371e-02
-7.889014668762683868e-03
-3.915623947978019714e-02
3.439355641603469849e-02
-3.648255392909049988e-02
-1.761472783982753754e-02
2.091101929545402527e-02
-4.550343379378318787e-02
-2.412752807140350342e-02
1.194798154756426811e-03
-4.295231401920318604e-02
3.914647921919822693e-02
-1.133307721465826035e-02
-8.072049170732498169e-02
2.368480153381824493e-02
-3.858370333909988403e-02
3.104513511061668396e-02
8.947926014661788940e-02
-5.755444988608360291e-02
1.206710562109947205e-02
5.118048191070556641e-02
6.866712123155593872e-02
9.239336475729942322e-03
-6.520180031657218933e-03
6.159382313489913940e-02
-1.004452165216207504e-02
-6.595168709754943848e-01
5.324938893318176270e-02
3.424925729632377625e-02
2.920954488217830658e-03
1.958276145160198212e-02
-7.257254421710968018e-02
-1.485877297818660736e-02
-2.089201286435127258e-02
4.582523182034492493e-02
-1.970851980149745941e-02
-6.275037769228219986e-03
-6.983122788369655609e-03
4.679761454463005066e-02
1.055010221898555756e-02
-7.558914273977279663e-02
-2.970145456492900848e-02
-9.810719639062881470e-02
3.431614115834236145e-02
-3.122413530945777893e-02
-6.155739724636077881e-02
1.748828589916229248e-02
4.376807808876037598e-02
-4.496271908283233643e-02
-7.771942764520645142e-02
-1.340183466672897339e-01
-1.293512731790542603e-01
5.273874104022979736e-02
-5.198286846280097961e-02
1.030928939580917358e-01
3.699772059917449951e-02
6.447877734899520874e-02
-2.873113378882408142e-03
3.860987350344657898e-02
-7.478546351194381714e-02
-5.808236449956893921e-02
5.661925300955772400e-02
5.296550691127777100e-02
-1.364605035632848740e-02
2.839323692023754120e-02
-6.648897379636764526e-02
6.381607148796319962e-03
-2.382297441363334656e-02
-4.745888337492942810e-02
-7.781627774238586426e-02
-1.042067408561706543e-01
5.833505187183618546e-03
-9.601573646068572998e-02
9.953448548913002014e-03
2.285656146705150604e-02
2.048233151435852051e-02
-6.985841691493988037e-02
3.349445061758160591e-03
-1.011033430695533752e-01
7.251403480768203735e-02
4.673489183187484741e-02
7.120850682258605957e-02
-5.159066990017890930e-02
-9.415961802005767822e-02
-1.008075028657913208e-01
1.690222769975662231e-01
-5.370688624680042267e-03
-9.319088608026504517e-02
-6.826744973659515381e-02
7.747714221477508545e-02
1.175898984074592590e-01
-3.393088653683662415e-02
3.102816874161362648e-03
1.308865007013082504e-02
-2.942154556512832642e-02
2.919621393084526062e-02
-5.621138960123062134e-02
-4.122131317853927612e-02
-4.701102152466773987e-02
-1.811929196119308472e-01
1.665944978594779968e-02
7.644496858119964600e-02
-7.445791363716125488e-02
7.679780572652816772e-02
-1.705975383520126343e-01
2.229694277048110962e-02
5.620409175753593445e-02
3.015279583632946014e-02
-4.753455892205238342e-02
-1.219361834228038788e-02
4.814591724425554276e-03
3.091643750667572021e-02
2.631493657827377319e-02
3.863987699151039124e-02
5.874976888298988342e-02
5.577671527862548828e-02
-1.042911931872367859e-01
-1.931709982454776764e-02
5.991011112928390503e-02
5.845896154642105103e-02
-8.523006737232208252e-02
-4.341701045632362366e-02
-3.514742851257324219e-02
-5.298854410648345947e-02
-1.018848717212677002e-01
6.443069875240325928e-02
4.181992635130882263e-02
4.177267104387283325e-02
3.646890074014663696e-02
7.311361283063888550e-02
5.965186282992362976e-02
-1.741063892841339111e-01
-9.322640486061573029e-03
-1.065509691834449768e-01
-1.107922568917274475e-01
3.084199503064155579e-03
5.663752183318138123e-02
2.446182072162628174e-02
1.876036054454743862e-03
-6.439537554979324341e-02
-5.622821860015392303e-03
2.152568995952606201e-01
1.292996406555175781e-01
-4.243284463882446289e-02
2.401367574930191040e-02
3.618424525484442711e-03
8.117831498384475708e-02
1.172332093119621277e-01
-1.572771370410919189e-02
8.977729827165603638e-02
2.533145248889923096e-02
-5.286278203129768372e-02
4.421443492174148560e-02
3.376053273677825928e-02
4.299636781215667725e-01
-6.861761957406997681e-02
4.767303913831710815e-02
1.152288052253425121e-03
-6.323095411062240601e-02
-1.530908495187759399e-01
-6.142832338809967041e-02
-3.698948398232460022e-02
2.522358205169439316e-03
9.120364487171173096e-02
-3.243960812687873840e-02
1.637176275253295898e-01
1.765464246273040771e-01
6.785515695810317993e-02
3.486552834510803223e-02
-8.667390793561935425e-02
-2.358014509081840515e-02
-1.260490715503692627e-01
5.886600166559219360e-02
-7.457705587148666382e-02
1.544738560914993286e-01
-5.075059458613395691e-02
-1.319016814231872559e-01
3.557890281081199646e-02
-9.553955867886543274e-03
-3.709505498409271240e-02
-1.531473081558942795e-02
-1.849058270454406738e-02
-6.257678568363189697e-02
-5.373714864253997803e-02
-9.570922702550888062e-03
6.195372715592384338e-02
