-6.773584411235733516e-02
2.045861680047960096e-01
-3.027630695270762395e-02
-7.863714395071939867e-02
-7.634259706101642444e-03
4.749196790386717160e-02
-3.751286955467991128e-03
-9.676416294270200405e-03
-3.451900324698731204e-02
1.464140378369354067e+00
-1.524464811498300043e-01
1.022713733912093276e-01
8.279895902895823001e-02
-3.180327376096557523e-02
-7.707259857637202560e-02
-3.136157665280475682e-02
-1.419736279510305441e-02
1.304195756435162723e+00
-1.870036321105512378e-01
-5.293241466579650528e-02
7.496296242060390344e-03
-1.511848082873588558e-02
-6.345289544378339419e-02
-4.093444438858365869e-02
3.460807188903897852e-02
3.446203808925752538e-02
-2.028196611816643347e-02
2.694852735418437270e-02
4.191840284365135061e-02
2.646100496771035607e-02
-9.076659919105148702e-03
-4.025024591921139150e-02
-7.149485976676329783e-03
5.609597441871053830e-02
8.639294261663732488e-02
-6.834583402895823279e-02
3.820130254181337837e-02
3.457087275471254495e-02
1.068264561523911763e-02
-6.488094617001578801e-02
-1.318872497173233412e-02
4.527046311069542195e-02
7.322176932825401330e-02
-5.452422576948761507e-02
-4.107917092736917269e-02
-3.071692060532646169e-03
-9.997757795425570027e-02
-4.913953046534697087e-04
-3.389973800236765339e-02
7.919816938403047638e-03
5.949306849312469697e-02
2.986524006647644364e-02
1.072176117639972448e-02
-2.823812995158450634e-02
-2.868738901620932619e-02
-6.464106970588346518e-03
4.096264091147098357e-02
-1.175112471874620486e-02
6.987263335366455594e-03
-2.898101287886261507e-02
3.301404876116122004e-04
-8.273033820175903705e-03
7.255051007486188960e-03
1.777277586586328284e-01
6.420078805605724560e-03
-7.350299347946515072e-02
-4.489289515802383917e-03
4.344621744475473529e-02
-3.759535298062621073e-02
4.820206259106362551e-02
-1.998263299320437655e-02
1.492671512642666266e-02
9.560897849380767255e-02
-2.902083542811285943e-02
5.011311216572061911e-02
-1.234363849560226678e-04
-3.318782545166608627e-03
-4.460948112232121336e-03
2.200592026194071738e-02
1.060541776385684754e-01
-5.616356663011474321e-02
9.216729525862069061e-02
4.110869323819398014e-03
9.817539713462618972e-03
-2.372684636238768605e-03
-2.355814270049174375e-01
-2.360158496947471415e-02
3.161984221804425843e-02
1.249161218658936395e-01
6.590675179850655208e-02
-2.130122358443494943e-02
3.231277947520792837e-02
-2.272551556476520851e-02
-1.198038153998072508e-02
6.981760240863282840e-02
-1.029642987911304070e-01
-1.478335217053939991e-02
8.397574885601322842e-03
-5.785458135396430446e-02
-1.481236832532099867e-02
-2.491014729778184226e-03
2.930338462618382878e-02
-1.330326415659907613e-01
-6.715032161584810755e-03
4.000462610319784756e-02
-6.330301041160757425e-01
8.612815853228204810e-02
1.196094900152531483e-02
2.715334046981240923e-02
1.975286186407236577e-02
-1.669311152898668915e-03
-1.178425177953496827e-01
3.300697952870780549e-02
-7.915924205659603807e-02
-3.272078422853933605e-02
-1.445692228194056517e-02
-7.798333559411425343e-03
9.178518820526879174e-03
2.426313647603224339e-03
9.595963421118033562e-03
3.432406795551731522e-03
1.245523890920956743e-02
-2.216955762050752676e-02
-3.308650012616105862e-02
-1.093780235968613429e-01
2.981095760988343793e-02
-3.993340335232705915e-03
-5.779048702912518293e-02
7.828139110118685629e-02
-2.265299963337405811e-02
1.356923277948943705e-02
9.965394341059828631e-03
-2.557732024894518105e-02
-1.627745811310481530e-02
2.652994001183827180e-02
4.557793919700856011e-02
7.754644807998042379e-03
-2.203096720476414513e-02
9.043352331797899213e-02
3.212004296116136720e-02
-4.813742639023798064e-01
2.795920610543649668e-02
1.037462127967156422e-01
-3.413008717207610069e-03
-2.858597402030718659e-02
5.196341115794985560e-02
-2.870249217896278515e-02
2.356382706259106327e-02
4.901671147913884419e-02
-4.513260784399283909e-02
-2.146242724395944559e-02
9.296076711142393575e-03
8.946210093264327090e-02
3.052851050267119809e-02
-8.668815831410879580e-02
1.679587009869020278e-02
-6.124329235786486053e-02
4.737449227287214570e-02
-2.028042764093992804e-03
-8.887423514856650567e-03
5.761909058743625717e-02
5.843617910317508435e-02
-5.793558410674174569e-02
-9.513521050874210183e-02
-1.251863009956289408e-01
-8.893970639570179804e-02
8.737207220965881316e-02
-7.605709689169500021e-02
1.440302222142119948e-01
7.056533791244232190e-02
3.001237362550843862e-02
3.367760969979951961e-04
-2.838628323347953952e-02
-5.246099441476444886e-02
-5.950858962367958083e-02
-1.521605296642123718e-03
4.440368385555791553e-02
-1.282920003689973915e-02
5.198621263545714216e-02
-7.296424187636595116e-02
1.542516099763993447e-02
-2.493587899636504415e-02
-9.105420253877792580e-02
-9.168551770618321717e-02
-5.954643201341670855e-02
-4.491804214633165343e-02
-3.304585053423992475e-02
-2.798308094130261964e-04
4.198827460994414978e-02
-9.595668472208520455e-03
5.186066666872192477e-03
4.556089441078041424e-02
9.694530455564745464e-03
9.569163533192689974e-02
-1.715831747328326086e-03
5.815253607447486844e-02
-3.203083796081987455e-02
-7.953996033040917901e-02
-1.149793612835417617e-01
1.558211235353934021e-01
1.809919893654762454e-02
-6.078793867054698569e-02
-3.604344742688350006e-02
9.199148792268697916e-02
1.416728126707443025e-01
-4.798150898589272767e-02
4.354047955906234502e-02
2.308280689152425458e-02
-3.788530406238616727e-02
-4.108247316943145627e-02
-9.124102525308099010e-02
-9.920070327677270317e-02
-2.858910729666251649e-02
-1.062624501047231690e-01
6.081253652030718659e-02
7.461235709651226067e-02
-5.852273104548628285e-02
8.948078201834931689e-02
-9.750617288049416576e-02
5.938264199285150230e-02
2.588774878866409793e-02
-3.070989667124514322e-02
-2.443036917287669946e-02
4.874642266990954209e-02
4.393289500269396269e-02
-2.668210289442406093e-03
1.336736618864588395e-02
1.602842637553499733e-02
3.926207221440171369e-02
5.675277080044924954e-02
-3.327458563680033010e-02
-6.050972625895458673e-02
5.429911601885017286e-02
5.757016760449550768e-02
-1.105093231127064063e-01
-2.824098161842824098e-02
-6.064633947949550630e-02
-3.904790669867806013e-02
-3.932529503191021375e-02
2.495340400091822577e-02
2.706982694591579530e-02
-1.132997472984458541e-02
-5.215521169090919090e-03
6.039214984139752024e-02
5.646153913648919304e-02
-1.181060331547474501e-01
-3.019604824190292788e-02
-7.359697398426116866e-02
-7.584156186445180359e-02
-8.788006464331516929e-03
2.622103216348196930e-02
2.822164838437955445e-02
4.088935648254424238e-03
-4.890548461499059224e-02
4.600008964075400636e-02
1.765014470578861183e-01
1.002105134850048568e-01
-6.248543337747389237e-02
-4.708188516877125085e-02
-3.487767297819784756e-02
6.576325544864011774e-02
1.197821018243079155e-01
2.196009127823920788e-03
7.277957718021491051e-02
1.009616119992449296e-02
-1.553034126092763534e-01
-2.451559755048339506e-02
6.265028313909589038e-03
3.516800764175570526e-01
-5.360723405627731974e-02
2.702582471865134714e-02
-8.350036235733365036e-03
-1.318273854637794403e-02
-9.712549610703011260e-02
-8.875360104457565014e-02
-1.723692098712967594e-02
4.710427757140905891e-02
9.644184307081714314e-02
-2.684709753672899490e-02
1.244152956532297294e-01
1.772251301450946948e-01
-1.287546255103357191e-02
3.703334932480117914e-02
-6.006079919712239285e-02
-3.288990704396096282e-02
-5.960665494854905377e-02
6.409564692167010747e-02
-1.264708198002671147e-01
1.382851036038428849e-01
6.879069702089151382e-03
-1.494801191984883315e-01
2.073748136041464463e-02
3.131233056000334164e-02
-4.254025593146703449e-02
-7.531079018561802341e-02
2.416164774290272682e-03
-3.579079033739072241e-02
-2.654589689605846292e-02
-5.833770470343613290e-02
4.328233256624878372e-02
