1.025681456846494650e-02
1.082527613693194390e-01
-1.060749612619186176e-02
-4.320428976853483982e-02
3.628757187169496384e-02
2.230195876469587626e-02
-3.955792494483923068e-03
4.944670812456957582e-03
-2.611060095331036238e-02
1.770483657243816289e+00
-1.528842768993957657e-01
4.238646981555344029e-02
8.399367041015225188e-02
-4.888914164149033015e-02
-2.679271072030285292e-02
-1.568741775843834202e-02
-4.962363917116902751e-02
8.926393418010543090e-01
-1.548329663634574749e-01
-5.957726604325342540e-02
1.858291400171554336e-02
-3.782667882313094088e-02
-1.769170754618850164e-02
-2.138062429159526961e-02
5.217902828648553204e-02
4.888166768337049578e-03
-1.384520317444741869e-02
4.319471413499299112e-02
-2.571555602981807562e-02
5.734589923333442696e-02
3.890731228683807358e-02
7.206207072979266270e-02
-3.086295945747214581e-02
4.049642710374427163e-02
6.314766430762340510e-02
-8.599444939914981101e-02
-2.607546094025419564e-02
8.249305589427001527e-04
-3.287755345957711628e-02
7.508214428410897937e-03
9.193196669293614287e-03
7.044113054221015635e-02
-3.192786738503346992e-03
-2.530509081351508052e-02
1.554254426760942956e-02
-2.977701526013313334e-03
-3.632587040267108019e-02
2.106797505262435199e-02
3.336515817025079156e-02
-3.499021113647461829e-03
-1.306721597550021367e-02
1.952236691854959683e-02
-5.995584383941528206e-02
-1.137941849034981162e-02
5.992871921609957062e-03
1.636054736659188838e-02
3.144290578140244291e-02
-3.512999707158551144e-02
9.528603049893726376e-03
-4.724996291443598478e-02
-2.431970728152951788e-02
5.497837287920533979e-03
1.314440550976189379e-02
1.369041618073262023e-01
-6.276214898097325079e-02
-1.795396061013503075e-02
6.926525715475966016e-03
2.946539534172009506e-02
-6.381179974576853091e-03
6.424564359914694545e-02
2.023277924789195284e-02
4.097800300835020837e-02
3.489044610538807878e-02
-7.372553281515170989e-03
7.575720843444860853e-02
-1.371936585895290432e-02
-1.281625691495249034e-02
-1.845586872325227779e-02
-3.520116180297074016e-02
1.428426238542546411e-01
-2.475939979736806532e-02
7.757433702028317113e-02
-4.713388638008001591e-02
-2.310309541801771824e-02
1.789184434203996412e-03
-1.922419401988554877e-01
-1.166518489875833231e-01
-7.154439404622334187e-02
8.336589795999933827e-02
4.445040715337615633e-02
-4.784079791864798148e-02
-3.541301068551031689e-02
1.887612174223496017e-02
1.876684262667250094e-02
1.314323998062071064e-01
-6.056680688938330392e-02
-1.204462978615144370e-02
-3.955505140409852258e-04
-4.894170354299721970e-02
-5.415607635757503646e-02
2.118283061363990250e-02
1.642510182837595215e-02
-7.904862429851278183e-02
-1.479294970281589024e-02
4.336484175801202240e-02
-6.040276972157773150e-01
1.913230796979659490e-02
5.054201128272240578e-02
6.578610362923556498e-02
8.801548954001346421e-04
1.797187532896224276e-04
-4.862202470013855804e-02
4.421242944135177211e-02
-1.313572839250284896e-01
-7.364493256191943782e-02
-5.434256502335557681e-02
1.488616701416502035e-02
5.157488967685214948e-03
-8.665049638931362000e-03
-3.837826654003344967e-02
4.417688910916760248e-02
3.908245590853098861e-02
-2.973871322636464573e-02
5.899069844094594756e-02
-4.715147640256450029e-02
8.220838320775909758e-02
3.613528246901978602e-02
-4.091383585532248901e-02
6.520423977668213245e-02
-2.296287964024312789e-02
3.125344674769211378e-02
-4.130782994110376860e-02
-4.118740193782640530e-02
-2.969435786698183116e-02
1.698549838004059310e-04
6.686491964410155864e-02
-1.379407441541878089e-02
1.660424163576416576e-02
4.376651396466840760e-02
-3.284420037102857813e-03
-6.324504834061636105e-01
3.190482001203647638e-02
7.633805547641690781e-02
-1.166778236942038471e-02
4.276138869488534631e-03
2.400644755588839455e-02
-5.915389653985922772e-03
-2.292545980975297867e-02
1.024264927612053566e-02
4.316390175936013249e-06
-1.821100552222622987e-02
-7.148586864070647241e-04
8.366519255286006262e-02
1.733981502309937459e-02
-6.744667140729915245e-02
5.243126936904068947e-02
-5.374699024066801473e-02
-4.031888156728333228e-02
-9.456992963478598122e-03
2.066940932240126857e-02
1.222451518791556335e-02
-1.649870328352837518e-05
-1.081075215864884045e-02
-1.211668822998993554e-02
-1.135174462919047722e-01
-1.240169122982135441e-01
2.828432581198810428e-02
-4.706698905059931298e-02
1.219506330934920085e-01
9.278022290921965690e-03
2.624180354591795078e-02
2.125690366349007598e-02
2.541420379663942089e-02
1.420626300556783114e-02
-3.969757026785641213e-02
2.009794776238901098e-02
-1.848508476381235466e-03
8.091501665663840747e-04
2.369912856610684182e-02
-1.063059293860116605e-01
1.680279291766927779e-02
7.989749800705124583e-03
-4.467318074491895968e-02
-7.394314629313454568e-02
-3.859622028927508358e-02
-3.569541331236600508e-03
-3.488657101622900242e-02
-4.828699862271004263e-03
3.264885714653550236e-02
-3.508922456839833059e-02
-5.577190046670164880e-02
2.520291536087904821e-02
6.972596567422003223e-04
2.502629256000815650e-02
-8.209236271808105501e-03
6.799608539133661367e-02
-1.610716437372410395e-02
-8.647793882918761166e-02
-6.036755204661072710e-02
1.002764587885228709e-01
6.416332998004681785e-03
-1.515951792513763226e-02
-4.208292783674461024e-02
6.928952149790578753e-03
1.660835511496396855e-01
-1.404890256033866115e-02
5.315730415235338929e-02
-1.899540483280623415e-02
-2.018226297712915826e-02
2.580052870617610336e-04
-4.028697613278143380e-02
2.115112133551072873e-02
-7.428368276336002989e-03
-1.331684477558558177e-01
2.340126911732002060e-02
1.001998297010403965e-01
-3.635967334983972177e-02
2.569653486645097698e-02
-5.228897593499175905e-02
2.603628170719646945e-02
4.075464094768924128e-02
-6.729058798008832193e-03
2.228363215501586586e-02
-1.110837641994795975e-02
6.966857867622342805e-03
1.786947726136112191e-02
1.257126761340112212e-02
9.387855047838455924e-02
7.711295321249374279e-02
5.395510814893460239e-02
-1.291026065322858352e-01
3.378094562936059808e-02
2.011801776187148103e-02
3.237516896669755118e-02
-5.330661518071622140e-02
-3.495969731134144359e-02
-6.940089328170988281e-02
-1.261145264826795710e-02
-2.320243410923293267e-03
3.299277531259479229e-02
-7.509410381805809408e-03
5.994626420268214795e-02
1.363287190735859578e-02
4.018855367197043948e-02
8.679847435498019848e-02
-5.046223969008509919e-02
-3.239729660649795506e-02
-5.203764357685717462e-02
-1.058234807857066778e-01
-5.596948197551917387e-02
7.219839540564304547e-02
4.921032968746157088e-02
-1.348867195346254919e-02
-4.476186344134562567e-02
4.817123333647610472e-02
1.500673753105195296e-01
8.166852884449837813e-02
-4.396054864601182249e-02
-2.435937490392340796e-02
3.906960966771334809e-02
8.463670302546465185e-02
1.103107459617087421e-01
-3.669034095276208635e-02
1.735634019670336814e-01
1.300696644553892087e-03
-1.067233341343985925e-01
4.981727853737353412e-03
-3.086725888490690628e-02
2.263780969968763601e-01
-3.179831911122236315e-02
-4.350209117104809897e-02
-2.432758956515991208e-02
-5.494335996747230777e-02
-7.843744107302436097e-02
-2.481947168571630585e-02
-2.728694271414063011e-02
2.330248036450690077e-02
7.071642200015576529e-02
-2.440559975363400247e-02
1.144655380955211382e-01
1.802155049170718060e-01
2.278432129638834069e-02
2.357410489923999694e-02
-6.949887539148008608e-02
-2.610951208528219242e-02
-3.608451800039762930e-02
7.658163365304206105e-02
-5.518683005793290075e-02
1.019827149886655265e-01
-6.713685242456322866e-02
-1.573076591489510068e-01
3.511277534269879180e-02
2.487824854168545555e-02
-3.757634025723162029e-03
-4.289770136116189542e-02
2.257792876356345263e-02
-1.363123360132724102e-02
-2.301102602176813630e-02
-3.328607712810929126e-02
5.201208720372541700e-02
