-2.623355202376842499e-02
1.398619264364242554e-01
-6.854832917451858521e-02
-3.113956004381179810e-02
5.433574691414833069e-02
1.136354403570294380e-03
3.385393414646387100e-03
-3.264094004407525063e-03
-1.082610432058572769e-02
1.784885168075561523e+00
-1.644597500562667847e-01
4.428079724311828613e-02
1.070540398359298706e-01
-6.084655225276947021e-02
-7.565455138683319092e-02
-2.593677863478660583e-02
-5.128270387649536133e-02
9.373008012771606445e-01
-1.644551903009414673e-01
-4.097506403923034668e-02
-1.413224544376134872e-02
-3.085167333483695984e-02
-1.000806502997875214e-02
-1.770335808396339417e-02
5.702754110097885132e-02
2.968123182654380798e-02
-5.515820533037185669e-02
-3.723941917996853590e-04
9.125032462179660797e-03
1.717152446508407593e-02
2.608177438378334045e-02
5.519776418805122375e-02
-5.850464850664138794e-02
4.781752079725265503e-02
8.284327387809753418e-02
-6.079611182212829590e-02
-3.240337129682302475e-03
1.613984815776348114e-02
-3.429681062698364258e-02
-2.195555157959461212e-02
-3.099918924272060394e-02
4.677457734942436218e-02
2.900955453515052795e-02
-4.215155262500047684e-03
1.270244736224412918e-02
7.000048644840717316e-03
-6.926061213016510010e-02
3.119875118136405945e-02
1.682563498616218567e-02
1.659044297412037849e-03
-2.460987865924835205e-02
4.687558487057685852e-02
-4.625581577420234680e-02
-1.098091155290603638e-02
9.478510357439517975e-03
4.625473171472549438e-02
1.458930410444736481e-02
-3.799883648753166199e-02
1.766378292813897133e-03
-4.984125494956970215e-02
-2.207126468420028687e-02
-4.382287734188139439e-04
-2.832797728478908539e-02
1.344402134418487549e-01
-1.968440227210521698e-02
-4.864111170172691345e-02
-1.579837501049041748e-02
2.141248621046543121e-02
-3.851801622658967972e-03
6.901802867650985718e-02
2.120479010045528412e-02
7.354920357465744019e-02
9.600969403982162476e-02
-2.382244914770126343e-02
1.114187687635421753e-01
-9.890360757708549500e-03
1.189381256699562073e-02
-7.354035507887601852e-03
1.387285534292459488e-02
1.344460844993591309e-01
-2.116031013429164886e-02
6.326645612716674805e-02
-6.371365487575531006e-02
-5.462666973471641541e-03
2.213009446859359741e-02
-1.669152528047561646e-01
-3.762292116880416870e-02
-1.243780329823493958e-01
1.295963823795318604e-01
5.674677342176437378e-02
-3.948147594928741455e-02
-1.158025115728378296e-02
3.262393549084663391e-02
-8.151565678417682648e-03
9.707456082105636597e-02
-7.735741138458251953e-02
-2.570029906928539276e-02
2.372197248041629791e-02
-2.166763879358768463e-02
-3.928663581609725952e-02
5.790793802589178085e-04
1.768696121871471405e-02
-7.773922383785247803e-02
-1.564908586442470551e-02
4.134746268391609192e-02
-5.654984116554260254e-01
6.393500603735446930e-03
2.245127595961093903e-02
6.015954166650772095e-02
4.330430552363395691e-02
1.202169433236122131e-02
-9.503211081027984619e-02
1.754909940063953400e-02
-6.630665808916091919e-02
-4.566628858447074890e-02
-4.040700942277908325e-02
3.307199850678443909e-02
-1.671360805630683899e-02
-4.044852778315544128e-02
-5.553483217954635620e-02
3.130792453885078430e-02
8.647552691400051117e-03
-8.870999328792095184e-03
8.097629994153976440e-03
-2.722843736410140991e-02
7.220760732889175415e-02
5.620797723531723022e-02
-5.729818716645240784e-02
1.286180969327688217e-02
6.444034166634082794e-03
3.913105279207229614e-02
-3.211630135774612427e-02
-4.896225407719612122e-02
-2.592828683555126190e-02
2.433766424655914307e-02
4.408426582813262939e-02
-9.673720225691795349e-03
-1.529194321483373642e-02
4.264911636710166931e-02
-1.164539996534585953e-02
-6.479885578155517578e-01
6.848562508821487427e-02
1.151653751730918884e-01
-1.338596455752849579e-02
1.036738976836204529e-02
2.182944118976593018e-02
-1.591197773814201355e-02
-2.513783052563667297e-02
1.259848568588495255e-02
-3.482850268483161926e-02
-3.610704094171524048e-02
-9.523251093924045563e-03
1.039087027311325073e-01
2.386389672756195068e-02
-6.556675583124160767e-02
3.147991001605987549e-02
-4.114499315619468689e-02
-1.653716154396533966e-02
-4.262785613536834717e-02
4.907635040581226349e-03
9.523768909275531769e-03
2.930377796292304993e-02
-3.822865709662437439e-02
-4.405285790562629700e-02
-1.282379031181335449e-01
-8.082307875156402588e-02
2.684254571795463562e-02
-3.033173643052577972e-02
1.010029092431068420e-01
2.674093842506408691e-02
6.246170401573181152e-02
3.517372906208038330e-02
2.257709391415119171e-03
2.578128688037395477e-02
-4.168257117271423340e-02
3.948612883687019348e-02
2.256734296679496765e-03
-1.191657036542892456e-03
6.112795323133468628e-02
-6.191599741578102112e-02
6.556109059602022171e-03
4.591436882037669420e-04
-6.482046097517013550e-02
-7.092542201280593872e-02
-2.390865981578826904e-02
3.092296654358506203e-03
-3.718162328004837036e-02
2.187243662774562836e-02
4.986780881881713867e-02
4.628539085388183594e-03
-2.973846159875392914e-02
1.770594157278537750e-02
-2.837427332997322083e-02
4.139852151274681091e-02
6.954003591090440750e-03
5.473358556628227234e-02
-2.905043773353099823e-02
-7.209344953298568726e-02
-6.603589653968811035e-02
1.342491209506988525e-01
4.578183870762586594e-03
-2.783968858420848846e-02
-3.281831741333007812e-02
1.496623829007148743e-02
1.694799214601516724e-01
-3.098550625145435333e-02
1.042516622692346573e-02
-2.426135726273059845e-02
-8.351389318704605103e-03
-9.532393887639045715e-03
-3.104548528790473938e-02
-9.538444690406322479e-03
-7.814029231667518616e-03
-8.192767202854156494e-02
1.413187664002180099e-02
6.637677550315856934e-02
-5.955979228019714355e-02
3.762480244040489197e-02
-8.973938226699829102e-02
5.464299768209457397e-02
3.374626860022544861e-02
2.239735983312129974e-02
-3.754283860325813293e-02
-2.655880339443683624e-02
6.415390525944530964e-04
2.218753099441528320e-02
2.115461416542530060e-02
3.029807098209857941e-02
3.543448448181152344e-02
2.669351175427436829e-02
-8.289217948913574219e-02
4.354973509907722473e-02
4.020909592509269714e-02
6.194902211427688599e-02
-5.424492433667182922e-02
-3.269268572330474854e-02
-5.371747910976409912e-02
-5.847740918397903442e-02
-8.627953939139842987e-03
4.904311150312423706e-02
-1.063451729714870453e-02
4.841473698616027832e-02
1.820912025868892670e-02
4.910122952423989773e-04
6.910170614719390869e-02
-7.534664124250411987e-02
-2.441554702818393707e-02
-7.312712818384170532e-02
-1.030178815126419067e-01
-1.764160022139549255e-02
4.998402670025825500e-02
5.369558930397033691e-02
-9.771662764251232147e-03
-4.863649606704711914e-02
2.577184140682220459e-02
1.797165870666503906e-01
6.242326274514198303e-02
-8.011717349290847778e-02
-2.757880464196205139e-02
3.514454513788223267e-02
6.087807565927505493e-02
1.075296700000762939e-01
-3.651322051882743835e-02
1.344186365604400635e-01
2.388671226799488068e-02
-1.043101698160171509e-01
8.039068430662155151e-03
-1.705561392009258270e-02
2.732496261596679688e-01
-3.513003140687942505e-02
-1.941648498177528381e-02
-2.351972833275794983e-02
-4.396315664052963257e-02
-6.614224612712860107e-02
-4.325275495648384094e-02
6.212869775481522083e-04
1.794110611081123352e-02
6.415506452322006226e-02
-5.669793114066123962e-02
1.548112183809280396e-01
1.848483532667160034e-01
1.479115150868892670e-02
1.468113902956247330e-02
-6.210100650787353516e-02
-1.695008948445320129e-02
-3.512453660368919373e-02
8.136628568172454834e-02
-5.526107922196388245e-02
1.201694086194038391e-01
-3.705368936061859131e-02
-1.605823189020156860e-01
5.202323198318481445e-02
6.523620337247848511e-03
-3.341614454984664917e-02
-5.559967830777168274e-02
2.275329455733299255e-02
-4.103184863924980164e-02
-4.563748091459274292e-02
-1.763254404067993164e-02
3.912317380309104919e-02
