-9.855456243790020054e-02
1.917222546137852257e-01
-9.668378436189004055e-02
-4.271262066336387747e-02
-3.390195260750165918e-02
4.594079689569993685e-02
-2.175536264846452544e-02
1.922638956930337872e-02
-4.078207152862110829e-02
1.391889650953116897e+00
-1.302294213908515574e-01
9.043781653648708119e-02
8.460814019145138087e-02
3.206255775137769378e-03
1.513259493507120718e-02
2.598951029059832184e-03
4.479141780027553685e-03
1.177433392213145025e+00
-1.806011720762493444e-01
-6.849781299449841931e-02
-4.820890588775116059e-02
-4.527912135681165517e-02
-1.078187818548980575e-01
-1.475763414275824310e-02
8.416598457509935280e-03
1.454919012227910875e-02
-3.650091194708177111e-02
3.495509408119894246e-02
4.185516543847059984e-02
2.142684284035291029e-02
-2.363452491639526920e-02
1.328182859189850663e-02
4.494063431497018896e-02
4.729975742983872321e-03
6.903859157650694967e-02
-2.863590383385773014e-02
4.375066663849175655e-03
1.851642137245160941e-02
-2.115094973883583501e-02
-4.595003999112202975e-02
8.511829832457035866e-03
-1.392510958027434395e-02
2.241578037887778652e-02
-1.973926681481494045e-03
2.153520393890989617e-03
-3.639099386131964403e-02
-8.091760793865460100e-02
3.324348987083241419e-02
1.716948458889931695e-02
4.048008159655139444e-03
1.977211493235721609e-02
-3.393219346776215218e-03
2.806308886999061766e-02
-4.892607593655700499e-02
2.456601295125855622e-02
-3.333799800590638018e-02
-3.269345875983821828e-03
-3.936908183143814077e-02
-2.901232458243633780e-02
-3.602413425402038738e-02
4.575998513054758271e-02
4.358156866398027462e-02
-2.415626027809211068e-02
1.843467100905277212e-01
-5.786818857179656939e-02
-8.670045787103480839e-02
-3.635822974741480945e-02
7.878116274402921504e-03
-3.051710375151799395e-02
4.589680953645948469e-02
-1.555925255414182702e-02
1.360333953181349920e-01
1.036403852257672814e-01
9.704878241264628183e-03
8.249542445214175235e-02
-3.824277902935710460e-02
4.549762335291776712e-03
4.575858716627106970e-03
6.733458116019966529e-04
1.189679818024582357e-02
3.354988482786854919e-03
9.420255230183263717e-02
-6.619858941451386980e-02
-2.714262462797618902e-02
1.896046010777765675e-02
-2.750135987064841192e-01
4.362606633408772777e-02
-6.305501697394567950e-02
-7.555622267321244687e-03
9.438619952666151003e-02
1.330443859767148698e-02
3.408952060103407483e-02
-1.018564655632164459e-03
-3.513001121677660540e-03
6.338469216898505454e-02
-6.103292094465297829e-02
8.553058997398707564e-03
-7.243956194340177811e-03
-1.105922136049164589e-01
-4.165168437086001069e-02
-8.970258795171855495e-03
9.597728412269081189e-02
-1.177978317969382432e-01
-1.087344700184459355e-02
7.345314713742916168e-02
-6.995443139581953851e-01
3.764946717795503162e-02
7.914537915666170625e-03
5.819974688580996369e-02
2.688044523257525700e-02
5.550671425351438870e-02
-8.069693801979833936e-02
8.017827350764977767e-03
-1.726329194496577582e-02
-5.794430035948885255e-02
-7.072273962473320241e-02
1.164230668993109299e-02
1.456681381588328938e-02
4.252762219285897982e-02
-6.199220474994480284e-02
1.163256406485749239e-02
1.125369418349111278e-02
3.509875916834566140e-03
-6.767146876379995235e-02
-1.010049889715352867e-01
2.719808320050875680e-02
-9.696124343495850662e-04
-4.358780380027783841e-02
6.280634374626251244e-03
-2.211272041116968401e-02
4.167300961511923030e-02
-3.848754137111760898e-02
-7.508585171746200507e-03
4.476693815204791510e-02
4.472577906500699307e-02
5.438477065623389950e-02
-1.933005994068319119e-02
-6.240904247856406822e-02
5.875207214961911811e-02
3.595217682803415055e-02
-4.176717634503569476e-01
5.503244139618753555e-02
7.159716088908515963e-02
-3.573556423994442982e-02
-6.121671191902185519e-03
4.653097860086848059e-02
-7.779653948857363777e-02
8.908250634222970518e-03
5.244652732736255346e-02
1.479701522767627210e-02
-2.504212939643593247e-02
1.003480320112975707e-02
1.021551146661330706e-01
2.371807753965187240e-02
-1.492618892369544370e-01
1.048050606198997706e-03
-3.867009969318098428e-02
7.521434493909619212e-02
-3.995733729277066437e-02
-2.890404344456097910e-02
3.141195541924265977e-02
6.640371192218434693e-03
-2.326974788055678062e-02
-7.091470276045117038e-02
-1.647370878413189077e-01
-8.671492626223596678e-02
2.896844683222013841e-02
-7.815883145423935252e-02
6.482794473807683422e-02
4.372601538925075665e-02
8.536434183410612775e-02
3.182988564436593781e-02
3.111083247658607328e-03
1.034035452805301056e-02
-6.582714060315006388e-02
-3.492663706288640004e-03
6.640309469759696215e-02
-1.132427969980496010e-02
7.650290144071539289e-02
-1.139374594626297171e-01
-1.771430972045889493e-02
2.146931543881559420e-02
-8.158486455343343102e-02
-2.378845551756734317e-02
-1.913689290256771064e-02
-4.914747897806726745e-02
-5.465686337928718497e-02
5.679010295917052975e-02
4.874642135520166480e-02
-3.908139947077169524e-02
-4.078514507347326574e-03
7.984623003893888404e-03
-3.710474626481195110e-02
6.344026574114962347e-02
3.334322689542393303e-02
8.222587968968499139e-02
-3.944119738191837615e-02
-5.404175909762088531e-02
-1.127743675595238027e-01
9.488017325844556871e-02
-2.188141302635331423e-02
-5.865477167973062733e-02
-1.983197942829082946e-02
8.123396473881283608e-02
1.064992976397475533e-01
-5.126315236416243565e-02
7.586760034867888469e-02
5.279579917844262615e-02
7.276204157552946042e-03
-3.960640154076507102e-02
-6.299126405295503439e-02
-3.469606100385478481e-02
-1.925578095962593092e-02
-1.489326740404430804e-01
-1.676060519418837852e-02
-2.480526339659463141e-03
-1.417312066163888343e-02
8.668173449344962478e-02
-3.691602468122102271e-02
-7.308877080343343172e-03
3.492870885313167223e-02
1.707814074057463147e-02
-7.279419924606241044e-02
-2.815427279695205051e-02
-3.985216563713245980e-03
4.835822931616618608e-02
3.557198085716125474e-02
-2.522255483469952944e-02
6.737609939648192547e-02
8.115827341852506482e-02
-7.442619496117612587e-02
-3.037035703360749239e-02
4.425437760474166399e-02
8.225305554022227517e-02
-4.901923641969345435e-02
-4.613049597616287328e-02
-3.902807917264664722e-02
-2.722475592765603164e-02
-1.453896413937725424e-02
3.572995441414587164e-02
8.335321569158478730e-03
2.672093535238187142e-02
-1.010853862923888694e-02
4.717150139494553918e-02
4.210490870179215556e-02
-5.464735794095458565e-02
-6.161491970725693768e-02
-8.369877341392507886e-02
-9.154083550682637349e-02
-3.879053305779421590e-02
1.171640598406335082e-02
3.074381115105431772e-02
1.287316032932444600e-02
-4.547916321667770656e-02
5.736337253095789845e-02
1.716531369599617329e-01
1.028018222841686896e-01
-5.101673330895341307e-02
4.742378902512511818e-02
6.029205647948176171e-03
2.991017881867778089e-02
8.087364932932214479e-02
-3.119437252175792999e-02
8.776541196318171645e-02
5.739285735848145657e-03
-2.563208649294822228e-02
1.814075890269651117e-02
2.678118797207348911e-02
3.318449793460661046e-01
-4.122412652029513319e-02
7.340620572514168496e-02
-1.776055754121586699e-02
2.949342554291326142e-03
-9.838162455380142224e-02
-7.303767502943990519e-02
-3.801698084566129676e-02
2.990403711958121782e-03
7.537119724966880041e-02
-1.161948303640428365e-01
2.199895522834326989e-01
1.583284602239272698e-01
3.054291757516375966e-02
-8.296527162050581009e-03
-1.037263043258261630e-01
-6.506081270383684556e-03
9.818045965065412203e-03
8.454797382148376839e-02
-1.004038643326341379e-01
1.625895703383749280e-01
-7.828020458147033536e-04
-8.006215442610584154e-02
2.228375720760193690e-02
5.519246068881329681e-03
-7.878957568585780169e-02
-4.930739315384190941e-02
4.284989069284978608e-02
-6.483032379296385650e-02
-5.951298518344741439e-02
-5.283336812072201433e-02
2.769491215753109442e-02
