-9.410978719797830072e-02
1.959821740425706782e-01
-7.909610505013149606e-02
-1.711823854063938182e-03
1.742362900833641527e-03
5.210053714147764442e-02
2.164149979711127436e-02
1.126564371985561532e-04
3.339543188974153538e-03
1.181970845660749614e+00
-8.589746157955292782e-02
8.214283879848784109e-02
1.114792514176528582e-01
2.208773460613905337e-02
-1.039409128323265895e-02
-2.590959838626417759e-03
-1.510714900250657508e-02
1.186714743589743604e+00
-1.907876576881985531e-01
-4.355553179959730653e-02
-2.592788686256985650e-02
-1.431681716387245284e-02
-9.810582187910914242e-02
-2.229153785479844573e-03
4.088185969345824872e-02
1.003110585911817960e-02
-8.686965169912885809e-02
1.456915038420447152e-02
9.934088772805720058e-02
3.929760051980604740e-02
-1.946706236388478020e-02
2.384521002835305811e-02
3.184380585860453750e-02
7.584967679055720259e-03
9.105710161900065769e-02
-3.878814757458087098e-02
1.580407658664119072e-02
2.291608079337196027e-02
-1.561028575207511551e-02
1.629458997376571818e-03
3.364562586998171619e-03
-1.348426552997616761e-02
3.900955310548159111e-02
1.920170630380403599e-03
4.538294524444238913e-03
-1.519711506358892121e-02
-4.125022471852399925e-02
2.645681166789940961e-02
2.802448661448060652e-02
-2.687957783736029047e-02
3.787223660420775684e-02
6.991624299199231465e-04
-8.448412492038544219e-03
-2.965624165331196688e-02
-9.212147288225263492e-03
-4.456321460490630937e-02
4.274938940766765533e-02
-3.603978545159434305e-02
2.638833190797583786e-02
-6.703559027777777901e-02
5.981212889340894318e-02
4.182733399079553022e-02
-1.173512957270093741e-02
1.623869730029585678e-01
-5.104788815951676745e-02
-1.162487672583826376e-01
-2.581402880827272234e-03
1.597333136865138059e-02
-2.994319436739809395e-02
4.765323877177843337e-02
1.630559536283695057e-02
1.225563594058185352e-01
3.807514780058349896e-02
9.470391408304568853e-03
6.397154036201511962e-02
-6.881403193828074250e-02
-4.079727885129026677e-02
-2.309813169019148474e-02
2.456391604772764636e-02
3.129620854906311339e-02
-1.446901420477892872e-02
6.880795169707429326e-02
-7.404815011711045336e-02
-1.061706984380136366e-02
5.459701548118014308e-02
-2.495284763313609377e-01
1.428352158325114918e-01
-9.787614028599606053e-02
6.385359804854433491e-04
5.600970527202498578e-02
-4.485685911561061549e-03
1.228385801898422142e-01
3.173754890838161469e-04
-2.639287603755752915e-02
5.477029272476988814e-02
-4.597103442430966469e-02
-2.181802903876972274e-02
-3.705667208559335762e-02
-6.188901601536817704e-02
-8.005987464558678851e-03
1.813788921248356278e-02
6.679581561267258771e-02
-1.093267561431623958e-01
-1.063538199580867788e-02
5.933899367192636137e-02
-5.242594818376068444e-01
3.239502434664694175e-02
6.845394939595661130e-03
7.859032143737672282e-02
6.404707146819527130e-02
5.593593981139053511e-02
-5.841338449211045530e-02
3.138716497678336464e-02
-2.500724396213428735e-02
-3.137492744801939626e-02
-6.621889494344797462e-03
8.591690615240794859e-03
-2.036517402202498231e-02
2.759305594078731091e-02
-5.858060717661078137e-02
2.474534776475694527e-03
3.418044833271696031e-02
1.177001953125000021e-02
-1.858562642535749668e-02
-1.075533160749506945e-01
6.708699303500986755e-02
1.763368665505835042e-02
-5.072417470516929483e-02
-3.511558557795035895e-02
8.639377892448430428e-04
1.757406241011259113e-02
2.870242387820512789e-02
5.884214422563280832e-03
2.539535693006245848e-02
2.509411372298241127e-02
3.302515113925871132e-02
-3.950662506324221124e-04
-6.094847268450032801e-02
6.094665567472058038e-02
1.824941862107577403e-02
-3.801446416831032460e-01
3.171038405037804320e-02
4.620457154524161558e-02
-1.617259570440910538e-02
-1.233964487410626164e-02
5.893172023956278621e-02
-3.223735540968113156e-02
1.355036006328073570e-02
3.099986902120315663e-02
1.383854872924884967e-02
-6.041529427853797006e-03
-1.595591728817389796e-02
1.051554089106673251e-01
2.042182877218935017e-02
-1.167808365179158481e-01
-1.425141283746301710e-02
-5.325038651586127408e-02
-4.263371474487385321e-03
-4.663461538461538547e-02
-4.190472384019559154e-02
9.698638334155161578e-02
-1.270675227800377970e-02
-1.306435087807158134e-02
-6.121986845619658418e-02
-1.498504273504273621e-01
-5.979913374219263805e-02
3.010129026955949902e-02
-4.430231639854536468e-02
8.187284270216962923e-02
7.561824560322157052e-02
9.014523879232412551e-02
2.664879512347961832e-02
-5.295882065150394474e-02
4.399057723126232472e-02
-2.872238530366535286e-02
-2.513532710028353045e-02
1.667505027274408455e-02
-1.244396563347509831e-02
7.836157082100592142e-02
-1.158376992932281385e-01
-2.002582336867192794e-02
-7.680474857528456082e-04
-4.824512489213510918e-02
-4.685370310445430980e-02
-2.377201278455785827e-02
9.608754616360536127e-03
-5.130595491247534612e-02
6.471006816033859910e-02
2.440289880475427289e-02
-2.144033658982577237e-02
1.006482888647476995e-02
-2.894612790721564841e-02
-1.774101061698717813e-02
4.076812322793392507e-02
9.270621455867850136e-03
2.627191808175131579e-02
-4.364168567143326960e-02
-8.292256071252465666e-02
-1.116189492932281452e-01
5.448902217907626577e-02
-2.711720804569362278e-02
-3.810241899860289383e-02
-2.756116517196745361e-03
2.582792564256656750e-02
1.148515188404010540e-01
-2.907741809972879538e-02
5.165533443252794121e-02
1.835807965822238569e-02
-1.047951000446868848e-02
-4.807444154236521772e-02
-3.784826234796186822e-02
-5.775319999178172431e-02
-1.349874863884779723e-02
-1.263637589373767245e-01
7.005463870397764248e-02
-1.731010642669296440e-02
-6.624582665598290065e-02
8.513027253862590071e-02
-4.300279164612097471e-02
5.342457547460552347e-02
3.774646806685568595e-02
5.812753931932116910e-03
-5.011729985926199893e-02
2.335036137948923521e-03
-6.201576368343195665e-03
7.517546022353714663e-02
3.015859670344345905e-02
5.163041314821663688e-03
1.174606036324786357e-01
9.334334293844509522e-02
-1.040371517504930926e-01
-1.877308180267915974e-02
5.877396783571663119e-02
7.863104043392504794e-02
-7.959670087524654825e-02
-4.120247524243918213e-02
-6.010624691814595716e-02
-3.966800727317554287e-02
-4.379247180103550130e-02
3.845486753164036736e-02
9.704326602050460798e-03
1.743300177720249686e-02
9.356784958497699548e-03
5.729741946088100224e-02
3.247190376397107031e-02
-8.286115477071005764e-02
-3.433991501787475586e-02
-7.122270633012819929e-02
-9.655987400353385763e-02
-3.896994807075936790e-02
3.821889703011998457e-02
3.045872434356508909e-02
4.481776290783201500e-02
-5.442406568458250937e-02
2.526791744997123473e-02
1.200391138642340622e-01
2.760898527387409609e-02
-7.292674047707101148e-02
3.207053400825937012e-02
-2.886306873048159055e-02
8.280660916440663391e-03
1.179130069649901441e-01
1.699656349197176943e-03
1.265199960963181991e-01
-7.487533739881245889e-03
-1.630886180709648428e-02
3.800552037105522918e-02
-1.399767512635601528e-02
3.027162947896120948e-01
-6.207222581771860287e-02
4.664302627794214562e-02
-6.943547200560962098e-05
2.282181297768737585e-02
-8.284903281147271148e-02
-9.851246609960552514e-02
-2.671202931100016484e-02
-1.049372987164077890e-02
5.972379525189020627e-02
-1.024506774942472026e-01
1.898021834935897378e-01
2.019117382684089412e-01
5.912524141190006466e-02
3.463733640491453020e-02
-7.998759553747535056e-02
-2.523473133937376850e-02
-1.306870560204018671e-02
8.705184063732741839e-02
-9.520674746260683607e-02
1.264709560938527266e-01
3.965364454922748472e-02
-5.014120348968606478e-02
-1.181249695024860248e-02
1.106917381913625868e-02
-2.554219282903928342e-02
-2.662878714918228210e-02
5.224453677165516452e-02
-6.926683334360618505e-02
-3.942978958641518705e-02
-1.962785970373109867e-02
2.297761835603632369e-02
