-1.319008527432878330e-01
2.476782236280350713e-01
-4.599174140676159928e-02
-6.486956311953492871e-02
-2.747410086181160949e-02
8.043255069232226051e-02
-2.294788646400437726e-02
-2.592623061595976386e-02
-4.156940456433533271e-02
1.164182775644894141e+00
-1.499952652123111019e-01
1.085272146969414875e-01
3.266982502251030568e-02
-6.970065784458019491e-03
1.645972576551084365e-02
-6.700595424630205466e-02
5.514161673488639920e-03
1.124759549023510274e+00
-1.793928673031612298e-01
-4.524452332023375101e-02
-5.205083704927229021e-02
-2.026856371569686274e-02
-1.041803886899564657e-01
2.369379930210533617e-03
-6.465853920589786398e-03
-4.490864304897054793e-02
-5.880205056432249305e-02
4.187933817398498820e-02
4.424443421694636974e-02
-1.827439490265998778e-02
-2.522781338175389410e-02
3.420741080417359550e-03
4.496174013177957340e-02
9.222890870266014715e-03
4.761425258366931701e-02
-4.713561394948703742e-02
-5.333779710792747875e-02
1.092165426058666448e-02
-3.742196377726916823e-02
1.601637860365493632e-02
-1.390684322776896721e-02
8.914194719196995645e-03
8.664938115973809182e-03
5.462362002130052331e-03
2.694584789715238557e-02
2.508540611537955420e-02
-1.237908109607927520e-01
5.574503414062800810e-02
1.616884071080799609e-02
9.447886545508933989e-03
1.029498297833794478e-02
6.217775606775079872e-03
2.440516126215395987e-02
-4.600244358179465809e-02
5.394159539072430898e-02
-5.892271492324829135e-02
6.127144892678814715e-03
-5.083745366027175860e-02
-3.978915072554602833e-02
-6.450751988610829712e-02
7.299933429430547748e-04
-1.646763954432483440e-02
-5.240887480403797101e-03
2.287557248799450549e-01
-4.436582271249566584e-02
-1.048775347665829860e-01
-1.003646777114283392e-02
-3.843906852381357570e-02
-2.464259500271247239e-02
2.870996383404649313e-02
-8.839957705907089403e-02
1.704436170046288446e-01
9.883936385118000101e-02
2.716001051985561174e-02
8.610425831958372356e-02
-2.485863849976245946e-02
2.699543401451413166e-02
6.417502518866925743e-02
5.213722247322838399e-02
-6.668778710919945514e-03
2.497296274474438554e-02
1.077731470930008567e-01
-4.219405233926599302e-02
-1.852844460067683274e-02
2.270447937999961474e-02
-2.198606437625993393e-01
2.225888394634121248e-01
-5.865364957836314425e-02
-7.918214542659634050e-03
8.793304498610059194e-02
2.836624658633845122e-02
-1.963690003454727313e-04
6.457954640182217258e-03
-3.291731046905695818e-02
2.714847449052882125e-02
-5.290542798267549446e-02
-1.478534007411948931e-02
-1.614847554381845449e-02
-9.944679849104723357e-02
-4.932671344142024183e-02
2.619530066303077734e-02
8.279805112326818484e-02
-1.315286653275510032e-01
1.991840760814174785e-02
-1.874998495300522761e-02
-5.363784672288491873e-01
7.283435124581091880e-02
1.949490680543473214e-02
1.285556801000886096e-01
-3.786150295227053153e-03
8.752964132578870682e-02
-1.254642248671049287e-01
-2.209592209325665982e-03
-3.657392142138326391e-02
-4.377394290347613737e-02
-6.124677969233510016e-02
2.598432455495001958e-02
1.257126962052883615e-02
6.727648667317766285e-02
-4.066759741524730160e-02
6.207117318810107670e-02
3.420934888844839872e-02
-2.401604911208686868e-02
-1.017807378504545363e-01
-9.242903059836481139e-02
-3.274801923868626841e-02
7.391260008257791170e-02
-5.042968637147539346e-02
2.186782885307391941e-02
-3.322168922980251599e-02
1.033936926182854252e-02
-2.713982246853372318e-02
2.768163967202366335e-02
6.773518176970313998e-02
6.333117091299546308e-02
1.378423373128956353e-02
3.834189942026938747e-02
-7.006049418543996987e-02
2.410521352789030819e-02
1.151160930819134301e-02
-5.181454719379566809e-01
3.119819131611850302e-02
9.792416801153362715e-02
-1.848746505084680400e-02
1.649965672789255322e-02
4.086973419759593225e-03
-9.882889365064971565e-02
-2.171379778323660401e-02
7.787750828387218771e-02
9.792231535030206102e-03
5.310262511877094499e-02
-2.272335708885992595e-02
1.696335118843171064e-01
-2.668842829926426283e-02
-1.555963460078517158e-01
8.096055914331641221e-03
-6.117834721401882447e-02
5.544799392462539112e-02
1.904522266442553249e-02
-6.138430922457018164e-03
2.012736961327618590e-02
-2.561794590615409928e-02
-5.368115698950963466e-02
-6.245284021054557655e-02
-1.762198698976643885e-01
-6.511381346220515565e-02
8.238711612859281677e-03
-1.290893468480759088e-01
8.994383132399108582e-02
4.593617724376773681e-02
1.418650729959810564e-01
1.344723904197589991e-02
-3.042790117093707031e-02
-1.034867723875207077e-02
-8.000788688231083579e-02
-3.189797688641164003e-02
3.566937760012069830e-02
4.453517428758498910e-03
8.514692462498876790e-02
-7.104492500979057990e-02
2.188510154915833048e-02
-2.412379499904100319e-02
-7.283892804005469290e-02
-3.112585915832327688e-02
-5.286895155951066433e-02
-4.094917370932897593e-02
-9.105239358564669316e-02
8.909590809014714119e-02
7.351354751158818701e-02
-5.533541105580950387e-02
2.883316894073570738e-03
3.235471587361647694e-02
-2.889554970584128427e-02
4.251337151190598407e-02
3.318749493417842700e-02
8.751234355137967047e-02
-3.276480917702167400e-02
-6.409983410186695374e-02
-1.384739819403962569e-01
2.156832782646762522e-02
1.974133112537075629e-02
-5.211984946384548567e-02
-6.428774598827056985e-02
-6.871134928609031779e-03
1.254379302437372279e-01
3.339596791198270326e-02
5.731499995786841495e-02
1.730079007757026610e-02
3.273505374485593394e-02
-4.099700747875765355e-02
-2.527547473770078851e-02
-1.669325825919511924e-02
3.960318867888188397e-03
-1.312055185756153541e-01
-1.704200214359487611e-02
2.219484236918744472e-03
-5.808519919412308274e-02
1.031252808772357837e-01
-2.330431685490122820e-02
5.854522344185359578e-02
-2.113326591610919375e-02
-1.158607782576543017e-02
-7.817311276579011481e-02
-3.912401399551077713e-02
1.084538872431377657e-02
1.343713435802698919e-01
4.264919885285724244e-02
-7.735217224184572993e-04
5.450665393155904731e-02
1.062153568023651434e-01
-5.335404786228348240e-02
-4.330228858270149250e-02
2.550527369580674400e-02
8.212933759718352156e-02
-7.209688549277101788e-02
-1.571044812157329842e-02
-7.120271155874026425e-02
-6.865481333801729848e-03
2.886658384905236002e-03
-2.062594238074353693e-03
-6.908448340858168446e-02
8.914266035682644890e-03
-5.086503981735757129e-02
2.994560110135976658e-02
4.973772837325535212e-02
-2.955112845940441324e-02
-3.025588580755415175e-02
-9.726505948377973942e-02
-9.765366066298263037e-02
-2.541941334927244611e-02
4.825733057610528780e-03
3.551684496017963599e-02
3.960924195948787446e-02
-6.684813634944658522e-02
6.833240953144861796e-02
1.885171141509161541e-01
1.069646971421142484e-01
-5.842312334884310759e-02
2.305470915513331207e-02
-2.901937354182081499e-03
4.520935096994934538e-02
5.361837967339595085e-02
-1.867850702564248511e-02
1.210368598205916746e-01
2.148269788704080738e-02
-3.699998334799244754e-02
4.177631955122237603e-03
-3.982626978077932756e-02
1.867190985887122734e-01
-1.006384201638557546e-01
9.615337497070851336e-02
-3.063036593074991779e-03
5.195469615703766225e-02
-8.149824782761520836e-02
-7.540102999688627627e-02
-2.642531905647719018e-02
-1.046157495809662673e-03
6.698480067948216210e-02
-1.121127630816566301e-01
2.055630645632439135e-01
1.300141602252153916e-01
3.052762512880227361e-02
-1.177791760476319671e-02
-1.416282834548862890e-01
1.764736155209951571e-02
4.129682825400290275e-02
6.749853642897497841e-02
-1.150344505961017477e-01
1.431006318935298671e-01
7.188352537645574525e-02
-4.692596856000661593e-02
-6.559199755175364015e-03
-3.255276841569088378e-03
-1.081914159302333062e-01
-5.640403608550224185e-02
3.429963085709287346e-02
-3.605567470824880272e-02
-1.259848132688011213e-01
-3.651962998336404087e-02
-2.090696224949763204e-02
