-3.440618887543678284e-02
1.669566184282302856e-01
-6.860975921154022217e-02
-3.323460742831230164e-02
4.428597539663314819e-02
4.274854063987731934e-02
-1.133867911994457245e-02
-3.444009274244308472e-02
3.867667168378829956e-03
1.205588817596435547e+00
-1.096688434481620789e-01
1.216411143541336060e-01
7.730633765459060669e-02
-2.900519967079162598e-02
-2.067201398313045502e-02
-1.948882080614566803e-02
-1.054529566317796707e-02
1.174377441406250000e+00
-1.751086264848709106e-01
-6.993038952350616455e-02
-1.125708688050508499e-02
-3.313037380576133728e-02
-8.552479743957519531e-02
5.294192582368850708e-03
6.229306757450103760e-02
1.723156683146953583e-02
-6.614923477172851562e-02
2.735775662586092949e-03
3.745877742767333984e-02
7.242926210165023804e-02
-1.743749529123306274e-02
-9.433688595890998840e-03
-2.129231113940477371e-03
4.338715225458145142e-02
7.137238234281539917e-02
-6.217771396040916443e-02
-3.723543602973222733e-03
5.587741360068321228e-02
-8.708242326974868774e-03
-1.725420728325843811e-02
6.969955866225063801e-04
1.012970111332833767e-03
5.225659534335136414e-02
-3.469654917716979980e-02
-2.901446260511875153e-02
-1.052811741828918457e-02
-6.281413882970809937e-02
2.896093390882015228e-02
-5.865135416388511658e-02
-1.567591354250907898e-02
9.265077300369739532e-03
3.105160966515541077e-02
-2.069956995546817780e-02
-8.112820796668529510e-03
-4.480246827006340027e-02
1.924634794704616070e-03
1.458970922976732254e-02
2.613237127661705017e-02
-1.522576203569769859e-03
-5.544270202517509460e-02
2.751672174781560898e-03
2.033718116581439972e-02
-1.402279455214738846e-02
1.727833449840545654e-01
-6.124212220311164856e-02
-3.668808192014694214e-02
2.566103637218475342e-02
5.121905356645584106e-02
-2.845790237188339233e-02
9.597522020339965820e-02
2.450203336775302887e-02
6.276486068964004517e-02
7.459487020969390869e-02
2.780476585030555725e-02
8.508472144603729248e-02
3.706318559125065804e-03
1.184633933007717133e-02
-2.379587851464748383e-02
2.985825948417186737e-02
1.202782168984413147e-01
-2.989032864570617676e-02
6.581185013055801392e-02
-5.194419622421264648e-02
2.710166200995445251e-02
4.325005039572715759e-02
-1.621865779161453247e-01
1.011976227164268494e-01
-1.017084941267967224e-01
8.808557689189910889e-02
5.431068688631057739e-02
-2.253070473670959473e-02
4.554797336459159851e-02
-8.040787652134895325e-03
-6.335417926311492920e-02
5.050209909677505493e-02
-6.380584090948104858e-02
-5.256291851401329041e-02
-5.736169405281543732e-03
-3.530920669436454773e-02
-2.373673021793365479e-02
2.256667986512184143e-02
5.303714796900749207e-02
-9.440719336271286011e-02
-1.759541407227516174e-02
5.453696846961975098e-02
-3.850637674331665039e-01
6.873890012502670288e-02
2.058430947363376617e-02
5.100627616047859192e-02
5.731888487935066223e-02
2.578019723296165466e-02
-1.268026977777481079e-01
2.744686976075172424e-02
-6.061382219195365906e-02
-3.654005378484725952e-02
7.965113967657089233e-03
-1.039480324834585190e-02
-7.489595096558332443e-03
-2.131620980799198151e-02
-4.217099025845527649e-02
-6.719864904880523682e-03
-6.578132975846529007e-03
-1.327329222112894058e-02
-3.617791831493377686e-02
-9.402577579021453857e-02
4.277374222874641418e-02
-5.975165404379367828e-03
-6.754738092422485352e-02
5.328751355409622192e-02
-4.522564634680747986e-02
2.272848784923553467e-02
7.875415682792663574e-02
-4.074456915259361267e-02
-8.986976929008960724e-03
4.805466905236244202e-02
6.488251686096191406e-02
1.846478879451751709e-02
-1.953695155680179596e-02
4.300559684634208679e-02
4.746535327285528183e-03
-4.827907681465148926e-01
6.317155063152313232e-02
7.231990247964859009e-02
7.745675393380224705e-04
3.845948725938796997e-02
-8.108246140182018280e-03
-3.499910235404968262e-02
1.383907627314329147e-02
2.777164056897163391e-02
-3.509392589330673218e-02
2.282721921801567078e-02
-2.767174271866679192e-03
6.016566231846809387e-02
1.195040997117757797e-02
-7.548491656780242920e-02
-8.914926089346408844e-03
-6.721603870391845703e-02
6.468717753887176514e-02
1.505590975284576416e-02
-9.450478479266166687e-03
5.708266422152519226e-02
1.569808088243007660e-02
-3.666958957910537720e-02
-9.511169046163558960e-02
-1.254410892724990845e-01
-5.253205448389053345e-02
2.937370352447032928e-02
-3.588588163256645203e-02
9.953370690345764160e-02
6.463888287544250488e-02
7.789945602416992188e-02
-1.639189547859132290e-03
-2.710151486098766327e-02
-3.783740848302841187e-02
-6.445308774709701538e-02
-1.162059977650642395e-02
3.197903558611869812e-02
-4.259989783167839050e-02
5.452001467347145081e-02
-1.191830411553382874e-01
-7.044238504022359848e-03
-1.216152776032686234e-02
-5.633055046200752258e-02
-7.368849962949752808e-02
-7.712212204933166504e-02
-5.168637726455926895e-03
-5.371949449181556702e-02
3.444095328450202942e-02
6.673453003168106079e-02
9.206044487655162811e-03
-1.206522248685359955e-02
5.950780585408210754e-03
-1.398321893066167831e-02
6.166304647922515869e-02
3.600182756781578064e-02
3.209244087338447571e-02
-6.909371912479400635e-02
-1.130417734384536743e-01
-1.171171218156814575e-01
1.083435341715812683e-01
2.213660627603530884e-02
-1.006661280989646912e-01
-3.243772685527801514e-02
5.944915860891342163e-02
1.414438635110855103e-01
-6.191743537783622742e-02
1.652655377984046936e-02
2.111736312508583069e-02
-6.208068877458572388e-02
-1.071126293390989304e-02
-1.795683242380619049e-02
-5.398321151733398438e-02
-8.114280179142951965e-03
-1.242849603295326233e-01
2.936242707073688507e-02
5.298818275332450867e-02
-5.945817753672599792e-02
4.772228747606277466e-02
-1.027574539184570312e-01
7.122270762920379639e-02
6.855013221502304077e-02
1.970363780856132507e-02
-4.249226301908493042e-02
-7.635646965354681015e-03
1.093763858079910278e-03
3.294800221920013428e-02
4.974742420017719269e-03
-2.477432787418365479e-02
8.969777822494506836e-02
6.128859519958496094e-02
-5.349525064229965210e-02
-7.971415668725967407e-02
7.492043077945709229e-02
2.376308105885982513e-02
-8.279294520616531372e-02
-1.313959807157516479e-02
-8.964452892541885376e-02
-2.787398360669612885e-02
-6.404041498899459839e-02
2.202500216662883759e-02
-6.905023939907550812e-03
1.200213097035884857e-02
8.736017160117626190e-03
6.534982472658157349e-02
4.497399926185607910e-02
-1.095256283879280090e-01
-3.411743044853210449e-02
-5.355481058359146118e-02
-9.849517047405242920e-02
-3.619922697544097900e-02
7.522527128458023071e-02
7.628718018531799316e-02
2.170343138277530670e-02
-8.196397870779037476e-02
3.435315191745758057e-02
1.954397559165954590e-01
1.035142019391059875e-01
-3.984926268458366394e-02
-9.050857042893767357e-04
-9.827148169279098511e-03
3.911594673991203308e-02
1.226782798767089844e-01
1.049440447241067886e-02
5.909955874085426331e-02
-3.880913136526942253e-03
-1.036892160773277283e-01
2.724273502826690674e-02
8.788583800196647644e-03
3.266604244709014893e-01
-7.250302284955978394e-02
-2.427414758130908012e-03
9.753753431141376495e-03
-3.106855601072311401e-02
-1.002264022827148438e-01
-7.535739988088607788e-02
-2.739930525422096252e-02
1.259890478104352951e-02
4.058733955025672913e-02
-8.112104237079620361e-02
1.240219622850418091e-01
1.602969765663146973e-01
3.082835488021373749e-02
1.622354984283447266e-02
-9.145765751600265503e-02
1.282975729554891586e-02
-7.579151540994644165e-02
2.520341612398624420e-02
-1.023607030510902405e-01
1.534899026155471802e-01
3.990490362048149109e-02
-8.982264250516891479e-02
5.709217395633459091e-03
1.704606786370277405e-02
-2.779601886868476868e-02
-3.014042414724826813e-02
-6.338022183626890182e-03
-3.231227025389671326e-02
-4.239714145660400391e-02
-3.369978442788124084e-02
3.747398406267166138e-02
