8.161577346635306117e-04
1.376606955083267692e-01
-8.408620893247956141e-02
-3.382655811860958012e-02
8.099074992305850540e-02
7.725958355685548506e-03
-5.238217315762533181e-03
-2.783697868132972014e-02
-1.322784178585473432e-02
1.846959742502479296e+00
-1.536648060005813277e-01
7.064677470890469435e-02
7.922002033606333204e-02
-6.615687140939711941e-02
-6.131381201270389575e-02
-1.540925993506993101e-02
-6.386513706271586266e-02
9.877941943371063571e-01
-1.543925976943200107e-01
-3.130679444119105481e-02
-1.175810904532708680e-02
-2.617611112328164027e-02
-3.846569251081455310e-02
-1.278953660518115411e-02
6.543919164415415435e-02
1.863796731269021581e-02
-2.853557168061587532e-02
1.927950873125619871e-02
2.686145058352640020e-03
1.069184993256933232e-02
-3.148497168058915843e-03
6.911530510506787295e-02
-5.596161634835686988e-02
4.916995026053243290e-02
8.430216606324590634e-02
-8.182593911363403305e-02
7.969921988542129701e-03
1.409230647879407099e-02
-4.786370482893342188e-02
-3.682641131531477763e-02
3.413366119402506688e-03
4.425023322889238414e-02
1.775940628085674339e-03
-1.341827698348750132e-02
1.482984442858119832e-02
1.108260183259669046e-02
-8.733857648625312220e-02
1.591808229212974060e-02
1.247042895415142148e-02
1.897822635972711350e-02
6.120994016596920280e-03
3.372821393688232861e-02
-6.148581498136306001e-02
-2.305465597536162509e-02
3.601520289043531886e-02
3.956426270816947727e-02
1.579573271608269427e-03
-2.304648762096912079e-02
2.194859700665544033e-02
-4.964139722006120914e-02
-1.177326775451603864e-02
-2.322791458639674247e-03
-6.864469969308894214e-03
1.120777434984440712e-01
-2.054947912214034195e-02
-5.560273639204253715e-02
-1.263652835821553553e-03
2.875295142747837096e-02
-3.895073614037974745e-03
7.168060251598673549e-02
-1.823173319189100913e-03
3.669126612565400125e-02
8.909180722737065905e-02
-1.853395270342475185e-02
7.619088328830830870e-02
2.373501586183552302e-03
7.706198685636306452e-03
-1.719754346927042377e-02
-1.451504052518978911e-02
1.313776881433163513e-01
-2.496830003921878677e-02
7.916808483013028364e-02
-7.317464996965085400e-02
3.616735936271073520e-03
2.529314574214341915e-02
-2.136136746400847941e-01
-2.967904445080873921e-02
-9.195767737150771504e-02
1.420614281622952502e-01
5.331434485923981781e-02
-5.361958951714940191e-02
-8.883881031625089422e-03
-6.938828376128474903e-03
1.204103766553106698e-02
1.023921456630646626e-01
-4.712911396530793801e-02
-2.193955037049464749e-02
-2.020734955200283178e-03
-4.104206361885750359e-02
-6.236667482388947442e-02
1.950789371601750755e-02
-1.796067849036521577e-03
-1.075738277643367574e-01
-2.248117638462623566e-02
4.796006536286461647e-02
-6.123156075813015464e-01
3.602194528925725669e-02
3.909079202715179391e-02
4.942855247943952340e-02
2.835611500508668573e-02
2.837240162175563504e-02
-8.132832403267448163e-02
3.269600911436069957e-02
-1.046459970121054600e-01
-4.675391065810621111e-02
-4.147387435668364875e-02
2.701361623935642775e-02
9.649789068778212272e-04
-1.666748873394914912e-02
-3.708650961875491897e-02
2.742536675443696045e-02
-7.347080791770680026e-03
-1.253721593762823633e-02
2.658143815934582710e-02
-1.780922497745186794e-02
8.981336078292240233e-02
2.738236768200937032e-02
-4.719708228785521320e-02
3.082683850088055108e-02
-1.256764522839867726e-02
2.834902530092671749e-02
-4.623235488514345487e-02
-6.178543930385049093e-02
-1.271054718223164556e-02
3.468332031383578734e-02
5.969321183702082367e-02
-1.247385859436446302e-02
-7.604804728909482850e-03
2.553694908022860130e-02
-1.481358285797028385e-02
-7.405885596553021255e-01
5.553871198876654536e-02
9.328315483620011617e-02
3.762889703305064525e-03
-1.566066892611052072e-02
1.409167030892008281e-02
-6.575299454009292562e-03
1.289968415918980697e-02
1.833229937639990845e-03
-4.540905756292103884e-02
-4.004945494434565545e-02
-9.551371836048370631e-03
1.139368155413261335e-01
3.859480660970146526e-02
-5.684291032255582576e-02
3.672256701924392353e-02
-4.235974007134186287e-02
-4.069618423639845273e-02
-3.710957202898984564e-02
-1.129074208865155776e-02
1.310524717587328511e-02
1.066827073867036499e-02
-2.507918394733354983e-02
-2.667717254182624953e-02
-7.800856588542556813e-02
-1.106132704301029251e-01
4.695477336456587575e-02
-4.141252153293095706e-02
1.014977743070991367e-01
3.314839435399069556e-02
4.248544790633655699e-02
1.559330170895598978e-02
4.438558212649180990e-02
9.714999611619126643e-04
-2.780407650976302047e-02
3.620582008942310748e-02
-3.574233610661098522e-03
-2.007227323900164298e-02
3.361248445140717356e-02
-1.002233908007899299e-01
1.004988523562262703e-02
-2.976118550272714713e-02
-4.629678002534794862e-02
-7.672776390931163037e-02
-2.489478317994904891e-02
-2.766836152228204383e-03
-4.314130732141024938e-02
6.781695669556603648e-03
4.617014381646889626e-02
-2.146796315304089903e-02
-5.190480948432103087e-02
1.932830847072376443e-02
-2.709957097104435247e-02
3.012034597489142776e-02
-9.747706215216034309e-03
7.862934078240946256e-02
-3.160738721125568723e-02
-9.280358627492049650e-02
-4.162640151061792332e-02
1.509385258865369450e-01
-1.642694973209400666e-02
-1.172263046925759930e-02
-5.867591442823923836e-02
2.540486952807081977e-02
1.589169576907294157e-01
-2.338790045641264692e-02
2.097716059986578022e-02
-3.922664351564904110e-03
-2.290336275721967588e-02
-3.105049979909722119e-02
-7.019064925794207821e-02
-3.699177874833293328e-02
1.931418416373149134e-03
-9.942641855529528450e-02
3.661026717398181002e-02
7.685909875867728835e-02
-4.181878863103991040e-02
4.929068895761378605e-02
-8.631727170818657979e-02
4.009703243618131102e-02
3.655458143829292544e-02
-1.646539986641100504e-04
-2.876678353046028050e-02
3.951379239663124938e-03
-1.638135755779160721e-02
5.783432430009959740e-03
2.344810617070752085e-02
5.487887192020312471e-02
5.281129979289915510e-02
2.611978587824436565e-02
-1.056476523227781045e-01
2.504646043764746990e-02
2.487468789272219080e-02
7.198611767132305495e-02
-6.134523646684676701e-02
-3.994971486231747859e-02
-6.217814813587867195e-02
-5.305587621930889231e-02
-3.229594008074582190e-02
4.847550655819341664e-02
4.667022760388169801e-03
3.357893609154327663e-02
1.661313711828471887e-02
2.207087854091150173e-02
7.745610327685258090e-02
-9.954211130655199469e-02
-7.534895503838524855e-02
-8.998153003496563163e-02
-1.031846229760113587e-01
-1.785831191171818877e-02
5.632074342577710752e-02
1.624273263580173002e-02
-7.818612907896762068e-03
-3.440041673968984026e-02
1.195385901647402771e-02
1.609243825445405840e-01
9.156352588653694780e-02
-8.326327561296720248e-02
-3.339621341004685162e-02
4.651620687002017834e-02
4.645597610966727131e-02
1.063068645701535364e-01
-7.314752174932890108e-03
1.205261996460691432e-01
3.257325003526485158e-02
-1.123831985432411223e-01
-2.584057242331498291e-02
-1.612917380868925804e-02
2.694521178145197204e-01
-2.979787296853093209e-02
-2.492399523229918423e-02
-2.590381705931761591e-02
-8.479389699030537297e-02
-7.771148624243408298e-02
-7.166289662269602345e-02
-4.300154781299156924e-03
2.693398480245272342e-02
5.868726196226447395e-02
-2.082017691733919346e-02
1.552970742998324438e-01
1.935237840038641632e-01
4.106615542207750144e-03
3.036168979007796906e-02
-9.427384999187839176e-02
-3.589746972031768180e-02
-6.056699867275928961e-02
7.962935975062408744e-02
-5.712810143666860463e-02
1.215953791291933123e-01
-6.478454779776356143e-02
-1.496482464820640956e-01
3.735791204305304036e-02
-1.124621019747247151e-03
-3.285076703719693597e-02
-5.760781693482201066e-02
4.760906322666962759e-02
-2.562172330771466527e-02
-2.910371980046506935e-02
-4.939690094103717233e-02
4.676030909106453082e-02
