-5.601280654641264956e-03
1.195250245311279685e-01
-7.038842600373713954e-02
-6.682229823919641487e-02
5.160892936919780211e-02
1.003458289957160146e-02
1.928314061445686629e-03
-2.981815422803568011e-02
-2.667376142906487460e-02
1.792194930398331110e+00
-1.206420269663213002e-01
5.778804514561727140e-02
9.851616219771718030e-02
-4.671675163221598176e-02
-5.745586405182556006e-02
-3.821366919480434499e-02
-4.588868124023698369e-02
8.884692576151541621e-01
-1.719730549966879962e-01
-5.479696706896892977e-02
-1.343461951378624626e-02
-5.185068765169752875e-02
-4.254003455366941328e-02
-7.130765056443221471e-03
4.238788324480706471e-02
1.780764933826201046e-02
-4.744406366013079884e-02
-1.541339029804702533e-02
-2.235680596101775018e-03
5.226037573639727082e-04
-3.119615049078476045e-04
8.606999396608401576e-02
-6.002269689319752327e-02
5.658236260560125380e-02
6.946221854856050870e-02
-8.187527535727703865e-02
-1.635455437460453521e-02
9.418308669482906847e-03
-3.998111147559368916e-02
-2.796957954758915246e-02
-3.058701121959252547e-02
5.282125446905246852e-02
1.589938696124205270e-02
-4.089344244947946960e-02
2.794575129514469125e-02
-2.152278393679959816e-03
-6.282719434647097978e-02
2.733746467085034632e-02
3.081675882703515529e-02
1.840618332337464261e-02
-1.642783976770813628e-02
3.167749410356955619e-02
-4.660904175204158562e-02
-9.060279189734757712e-04
1.727048058572856759e-02
2.347804326948031012e-02
1.186296861521782611e-02
-3.614167085559878007e-02
-6.007404880474086911e-03
-4.113714136355996892e-02
-6.748971136996154314e-03
-3.060044357624299230e-02
-2.026551354402503224e-02
1.490142634297112190e-01
-1.268078069349251602e-02
-4.436779571904010677e-02
-3.567318332360635853e-03
1.873061154572676357e-02
1.352026798519419780e-02
7.262657281913946494e-02
3.368144723768376828e-03
4.133027282538039027e-02
8.134465261574737316e-02
-3.209769152894426103e-02
6.861584249749128062e-02
-2.131661415826099568e-02
2.537761745822293344e-02
-5.364232507050382265e-02
-2.476405685382413596e-02
1.436541521096769969e-01
-2.391219682893461901e-02
4.054683213231732170e-02
-6.107757980803928816e-02
-1.189228204834300549e-02
4.680959299182130967e-02
-2.029661771666485537e-01
-5.264898721044618257e-02
-1.374580437383214615e-01
1.061576742111728505e-01
3.396091266763967553e-02
-5.238338136573501835e-02
-2.710729707597605426e-02
-3.915892211451835019e-03
1.804040806249196729e-02
1.340511056927046751e-01
-4.264728582687820485e-02
1.153944131418103026e-03
-2.842134844196441898e-02
-2.705176459988309010e-02
-4.335058615956231820e-02
3.739735241660961315e-03
1.030891253494295445e-02
-8.847573024904346883e-02
7.701550453843245686e-04
4.325535521629410990e-02
-6.112444557797067635e-01
1.809315269097823073e-02
4.414393276308244130e-02
5.663101356348927695e-02
2.322918766704396682e-04
1.691170270165266720e-02
-8.134159201768217939e-02
4.526398131401573877e-02
-8.358093603863683829e-02
-5.089968162828605730e-02
-2.428450361849585418e-02
-3.667250298741404815e-03
-1.090836011340548875e-02
-1.754572562474047623e-02
-3.697375285166638881e-02
5.448609913047346848e-02
-1.249928577999409249e-02
-5.145269042403938925e-03
5.855247537309559575e-02
-3.676113783497039073e-02
6.194877373711034363e-02
-4.097574188317807189e-03
-6.691907396382246187e-02
4.503546953165936395e-02
-1.886269155868130001e-02
1.840221999370347111e-02
-1.936808005535878632e-02
-5.507119955207519929e-02
-2.108567175898691873e-02
1.711146586156781640e-02
4.043014562422143215e-02
4.341684038376694352e-03
-2.524576554189076130e-02
1.657402556543632194e-02
-3.063564490429055939e-04
-7.355966903368365006e-01
4.993545324193995188e-02
9.454328384677745944e-02
1.549735519914703305e-02
1.021143079696197088e-02
1.256550621210651350e-02
-1.248612376008124275e-02
-2.275493835704469822e-02
2.790266879130745212e-02
-3.393399726620043022e-02
-4.110849653111621829e-03
-1.885605624000526517e-02
9.859368125722957343e-02
1.918808406252162785e-02
-7.062355620872344530e-02
2.158123037741480066e-02
-7.323330500719249514e-02
-3.732707089913071818e-02
-2.973398295380115172e-02
9.882473981682059119e-04
7.620626086753685101e-03
4.723066116700044316e-03
-3.715174304245924541e-02
-3.374550014845349027e-02
-9.231730218456800363e-02
-1.344922276643153169e-01
4.199515637667207424e-02
-2.019941983225837304e-02
1.157745271115307450e-01
1.557169900885283301e-02
2.080217058773369335e-02
1.011904261345028706e-02
8.235846365623794574e-02
-2.870882742521404379e-02
-4.218427623440388491e-02
4.039592871714559053e-02
9.793381583162995632e-03
-4.740230990963338088e-03
3.128197938782786153e-02
-8.727020218716323441e-02
2.251402004940828566e-02
-3.697856339736348835e-02
-5.718498664073081578e-02
-7.535317949988630526e-02
-5.229919560917525856e-02
-2.215460977046402810e-02
-5.047875284548725833e-02
-4.467243384396596233e-03
5.189091955118540350e-02
-1.571329722834942507e-03
-5.122620496035473064e-02
1.796098940465362323e-02
-4.980890668408356065e-02
7.039634300819598567e-02
-9.052371689301832655e-03
7.630855918551711359e-02
-4.129207327886640078e-02
-7.146333797437146029e-02
-4.708289377867114212e-02
1.489052115207321891e-01
-1.015392751777734366e-02
-3.706736418822975665e-02
-6.049564136077936055e-02
2.280670060113621639e-02
1.444149762381731483e-01
-2.945053548783731993e-03
3.894023055552809504e-02
-1.800521963276530829e-02
-1.901352256222688109e-02
1.644443138326442521e-03
-2.512464261483286776e-02
-1.150090082959393314e-02
-2.498749258118752870e-02
-1.385951572958169786e-01
2.376119927864889583e-02
9.125367194528755110e-02
-4.013434171768564401e-02
5.852837678391351051e-02
-1.087023732321522190e-01
3.612235384746334543e-02
5.912037561976628275e-02
-1.068643778902859248e-02
-1.950447821495261691e-02
5.016324151146505858e-03
2.222406700226526796e-02
2.359047921512130719e-02
1.429667238020143226e-03
6.896454792436997050e-02
3.891133590297413819e-02
3.212980849886180185e-02
-1.116790896696145258e-01
2.385488302683841377e-02
1.805691187895155231e-02
4.992036748649242989e-02
-7.509530721684776200e-02
-5.455391020464027407e-02
-1.909258760995753701e-02
-2.724553811145535853e-02
-3.852415576540208636e-02
7.200142876827785032e-02
1.705561477431980291e-02
3.172851050791174882e-02
-7.142778145221188174e-03
3.730022308187588148e-02
1.118702563626454566e-01
-1.048878156606226630e-01
-5.502414647740417469e-02
-9.907100904191423751e-02
-1.128887789862774021e-01
-7.972816323140763037e-03
8.092964227652574283e-02
1.555736754117769197e-02
-2.189557890140711102e-02
-3.422223174408287050e-02
2.459765976437758989e-02
1.550611073023668574e-01
1.041737984072686335e-01
-2.903747000420798391e-02
-1.242649519966916929e-02
3.571091822885256312e-02
9.233369617672793073e-02
1.089916818158225137e-01
-2.961761988430205647e-02
1.365144526654275547e-01
4.072725294002788043e-02
-5.794275499860351841e-02
-1.046745205780710798e-03
-6.232232721350175648e-03
2.807709439911712512e-01
-2.619831393293918856e-02
2.592177151895879231e-02
-1.869297439617586404e-02
-6.231885024858621613e-02
-9.542991110710154212e-02
-4.766271297900580295e-02
-1.425706774642506716e-03
2.337820211934733480e-02
7.267712096163257696e-02
5.830405748385355516e-04
1.197979970519392617e-01
1.861837304245306246e-01
3.801897122813825691e-02
5.979707674844533111e-02
-9.162184161727485177e-02
-3.028735501454566173e-02
-3.704803269776908714e-02
5.664593035847578090e-02
-6.104972064173925378e-02
1.074341367020277410e-01
-5.451353830934185102e-02
-1.624431250123582471e-01
1.385493159090235051e-02
-2.908413446981867809e-02
-2.921871147701489077e-02
-3.806246406452366143e-02
3.715095858317597061e-02
-2.118294712383338163e-02
-3.677701770458466357e-02
1.091546203449751716e-03
1.382748155029004875e-02
