-7.104379806383112617e-02
1.534312003160397397e-01
-9.662258919874631979e-02
1.285443470053140164e-02
-3.623991208794715476e-03
1.950262541722416407e-02
-3.867403466078096069e-02
-1.146245329241334446e-02
-2.447158111174488945e-03
1.132762955141733530e+00
-7.958026258856705504e-02
1.063259762832731992e-01
7.928043641696821964e-02
-3.954055060497912999e-02
-1.670437907609762830e-03
4.779963641499624175e-03
7.813549657530883402e-03
1.158098338238451541e+00
-1.518510425449184909e-01
-8.449933366052304884e-02
-2.751661747229088364e-02
-5.343830270034614915e-02
-1.248614503199673292e-01
2.706904145550437929e-02
5.683039183068701317e-02
1.449243358779725259e-02
-6.420772759868713375e-02
-3.451661094677074132e-02
2.416485769292955887e-02
3.574044003116539497e-02
-1.912560562810361030e-03
4.621630090478484609e-02
1.503746921959197604e-02
5.917309958851992707e-02
9.993039376993249900e-02
-6.449455387043942500e-02
2.059182857184470999e-02
5.469319704501537233e-02
-8.956608170253970228e-03
-3.539774282871929051e-02
6.218611020740271236e-03
-1.235923287048916810e-02
2.019350335579475977e-02
-1.258799940071586750e-02
-3.584007439338437323e-02
-2.732548007781201993e-02
-7.893325419793460751e-02
-3.256454455387862174e-03
-2.851374098619060757e-02
2.583782193827504573e-03
5.510229499475012560e-02
4.338881757411354456e-02
1.661006331963806038e-02
-1.745596583098550994e-02
-1.318115946505626912e-02
1.265376600654859532e-02
-8.080133903877901105e-03
-3.814828281039710223e-02
-1.276173881750865442e-02
-5.140313820650722204e-02
3.648472265271108378e-02
-5.762809703436179778e-03
-2.376305492695999708e-02
1.634405811092287664e-01
-8.070652849856251032e-02
-8.785551197389988853e-02
-3.367014333356135002e-03
2.968772092670077592e-02
-6.887144422566336688e-02
6.592449682716527981e-02
-5.305307327246775242e-03
8.580238695753494849e-02
3.598906695126389416e-02
1.532659041858900131e-02
4.756519649220766754e-02
9.845543124462410867e-04
-1.699974196579596281e-02
-2.234978119665029239e-02
6.844127641465094780e-02
4.681921089401017144e-02
-3.891431418256138808e-03
6.513293486884481898e-02
-6.492778499380751078e-02
-1.487925220484847405e-02
2.504046129331472664e-02
-2.103464187945453812e-01
8.584883270513780917e-02
-7.985195129008101911e-02
1.181397222075846951e-02
2.817363660405221987e-02
7.742341069627258626e-03
7.340809220138565239e-02
5.477614172464219562e-03
-5.571487564117837826e-02
5.268556656406939848e-02
-4.544580880774205800e-02
-2.582447492269202005e-02
-1.120208197027013942e-02
-3.554221457170331222e-02
-3.092001119689249261e-02
4.997426919902124565e-02
3.111232226446922558e-02
-1.135519568050660649e-01
1.565815690427033169e-02
4.354987416178773135e-02
-4.711164522641222985e-01
5.769869001921898444e-02
3.815493298536286933e-03
7.205819937538293640e-02
3.515061688053462002e-02
4.635543358583345958e-02
-7.908390370606994957e-02
1.992070362822193075e-02
3.482723094748588818e-03
-4.996162216821064400e-02
-2.666168739477342911e-02
5.336049044331438521e-04
2.504743429230795251e-02
-2.892314322154333067e-02
-6.402568297443927102e-03
-7.198659380981385809e-03
-5.170681013919364161e-02
-2.018321134224589780e-02
-5.229910848712013977e-02
-4.147637990817304443e-02
3.491221037736898930e-02
-1.840266998509481168e-03
-4.812527124889372926e-02
3.422813539582864051e-02
-2.168843046962143362e-02
2.810785977013149570e-02
4.659196834889529903e-02
-5.719144078002508756e-03
6.944880700808952166e-03
3.470425033515398688e-02
6.460054754637169216e-02
-1.730280660575744811e-02
-2.023775134298886821e-02
7.440866513796300097e-02
-6.386652753262187475e-03
-4.140813605942699205e-01
7.442944861277669966e-02
7.520488599036694033e-02
-1.633336669053766024e-02
-1.143484856188070993e-04
8.132476144212112332e-03
-4.111216025155532694e-02
-9.235686984974856998e-04
9.113977148651267179e-02
-6.387865420945552930e-02
3.444109441605309324e-02
-1.720516032814324581e-02
2.276849866314798604e-02
2.300325373889802391e-02
-9.781404894164655306e-02
-3.373087899860963395e-03
-5.566922257039542965e-02
4.998792881054373721e-02
-5.336169943527862419e-02
1.430443749484504312e-02
6.572248186109962143e-02
-3.328268162547719927e-02
-2.054493278836989553e-02
-4.993734580134533141e-02
-1.076665513211089442e-01
-6.624839991791345306e-02
7.185730438495315561e-04
-3.836670874365694789e-02
7.161950133897945769e-02
8.583060625232381835e-02
8.851256434694722286e-02
-2.129958541263543559e-02
-2.849251003252695549e-02
-3.150050633126829508e-02
-6.858150350111542892e-02
-6.770213340732468554e-02
1.524463786349806484e-02
-2.155684867453798448e-02
7.132157247770440356e-02
-1.391412317301800872e-01
1.350003033650900436e-02
-4.220897438215802377e-02
-6.379839951697240108e-02
-4.280832755378174287e-02
-5.893849282004587353e-02
-1.726643808185546886e-02
-8.201501802434579824e-02
8.897737980605581465e-02
4.124874869571421715e-02
-1.664098282965863901e-02
-1.621744281966948018e-02
2.475730946217603867e-02
-1.855776615448765862e-02
5.312013756696534056e-02
4.328634236045287437e-02
1.613313141178380344e-02
-8.531648118097268085e-02
-6.692546865917457788e-02
-1.308424679705378624e-01
9.624260550150033622e-02
-1.128453186614002124e-02
-5.690029058407128359e-02
-3.348026207613985072e-03
4.709213208012798940e-02
1.450424498381834570e-01
-5.451344862652324902e-02
2.476145439483758148e-02
1.043412324277356862e-02
-2.976547996571217436e-02
-3.949118218123059271e-02
-3.899304105439967832e-02
-3.704679188655692068e-02
2.587108719635261393e-03
-1.767503613378928196e-01
7.916074733120545548e-03
3.669564116937975434e-02
-5.515682093187209561e-02
7.699136475260137669e-02
-8.551792337411040501e-02
4.491442383789282650e-02
3.192022615038987710e-02
1.468402741070306411e-02
-7.510104021291442999e-02
-2.668107729259728764e-02
6.081284875734458209e-03
5.092494440829611196e-02
3.363627941270809496e-02
1.106976886689477191e-02
8.111548325506527657e-02
5.819328967058028795e-02
-6.842092251953318938e-02
-9.604258501259445302e-02
8.042792049551732159e-02
9.403217249171279268e-02
-3.924410993050791302e-02
-3.686889986603659325e-02
-5.884025203481673544e-02
-2.849889491646025175e-02
-5.591115264987667199e-02
4.117947641271987869e-02
9.253932295826088755e-03
4.355454839800321221e-02
1.032820883452328226e-02
6.120232667727551479e-02
3.771598500005891429e-03
-1.133225203350754356e-01
-7.089735229986332543e-02
-8.766616960886482179e-02
-7.564955211611776309e-02
-9.372100337052320651e-02
5.838630391920694024e-02
6.319011466750368289e-02
4.022573789108935260e-02
-6.228577269686369489e-02
1.311383946835871506e-02
1.626045576523772462e-01
9.160336980314939814e-02
-7.415524891565902776e-02
2.141582635423158049e-02
8.315317920068392155e-03
2.626557911679723578e-02
6.819615517171405406e-02
-2.267141365186272142e-02
1.028180693984771382e-01
5.547470095729993902e-03
-3.007139184967034390e-02
8.372414942811077371e-03
2.008645778493734629e-03
2.730979888469655670e-01
-9.493379890498908347e-02
7.364234610082374954e-02
8.518197159569956128e-03
-3.454031709773011660e-02
-3.614998545975010164e-02
-6.449117860139978731e-02
-2.732125843449048630e-02
8.327918924482998961e-03
3.838128632607733931e-02
-1.238266951132977606e-01
1.520161238852202334e-01
1.428446792013385314e-01
4.838780069760469787e-02
3.164295546985054081e-02
-9.375662780102327065e-02
9.806099461978023957e-03
-7.160478312034908310e-02
6.907814877007650844e-02
-7.957925000785516512e-02
1.262216326024968860e-01
4.281302991723922452e-02
-1.044512393496965230e-01
-1.695799091058458261e-02
2.978779765372570679e-02
-6.293700528783967296e-02
-6.559299938107793215e-02
4.802598719868871047e-02
-2.484915002133988166e-02
-4.970150143422340933e-02
-3.292338743248643743e-03
5.848554194301596593e-02
