-4.171739109597184803e-02
1.693974301285851025e-01
-9.376894845868458117e-02
-5.843550512780967821e-02
2.720813726109998568e-02
5.137122355535604645e-02
3.555680375675709590e-03
-7.020589051913095346e-02
5.827803771458136411e-03
1.361666100882967134e+00
-1.051245005953652806e-01
1.007222385088469008e-01
9.315584634061442604e-02
-3.197933391570282474e-02
-5.629314796270479954e-02
-7.289169991274150511e-04
-4.004878915108320281e-02
1.137881882457143945e+00
-1.802598982709420483e-01
-4.852383563976350733e-02
-1.558148249186649958e-02
-2.244928907806264043e-02
-7.086110331483191915e-02
2.807399894451363589e-03
4.980338163819367225e-02
1.405651356599249384e-02
-4.147496189037524345e-02
-3.591435999416697084e-02
5.424302233610653334e-02
7.552142960957909136e-03
-2.582467596318212960e-02
1.298371191164598287e-02
1.242325571326656497e-02
4.679105462584177977e-02
8.309692074016569729e-02
-5.940235443921932507e-02
4.755324375534191600e-02
5.203334934113482829e-02
-4.000726072626810403e-02
-3.412128720602223414e-02
-1.054709115715080124e-03
3.404750895888511604e-03
4.540122725161808287e-02
-1.187363093178974913e-02
-4.370279915382308672e-02
2.927959042129094427e-03
-7.225181248233721043e-02
3.320154988833669968e-02
-2.061211989459191089e-03
-3.685700290202880910e-03
1.677457909246858614e-02
5.838417937382391759e-02
-1.672607373073463355e-02
1.269335370729051012e-02
-1.433167345732755914e-02
2.489105713255795188e-02
1.572844579504959275e-02
8.837749605387409252e-03
1.954922747638786554e-02
-3.506163896588238016e-02
-1.652563572314480478e-02
1.470682685570232377e-03
1.451795733649856313e-02
1.270048882850033367e-01
-1.478257777874468319e-02
-4.200269834129163882e-02
2.083191864970981161e-02
4.255279599282976721e-02
-3.716437685593926201e-03
6.512635734237898211e-02
2.483983066445695151e-02
6.589202989190372228e-02
8.085246066367289541e-02
-1.611614876097677840e-02
8.817637987320700588e-02
8.296793407196466656e-04
1.472295071510608053e-02
-3.566435140509653656e-02
1.104714157082089740e-02
1.615150463282074011e-01
-4.627338811957622949e-02
5.230488782189358921e-02
-4.056917844652740968e-02
1.707742565210430699e-03
2.071959770624969693e-02
-1.947565259703334106e-01
6.565892682822806192e-02
-1.226619015544978958e-01
1.304900988211595003e-01
2.758305085882088378e-02
-4.091686751808497335e-02
4.059594188231067241e-02
-1.350555936334686680e-02
-4.567295420727672528e-02
7.031343564325298612e-02
-5.238475406071864404e-02
-5.365589273236478357e-02
-5.939955592351839689e-03
-4.293004869868313061e-02
-1.799310550065610827e-03
1.489760131764417996e-02
1.829668387298902590e-02
-9.100708439453676635e-02
6.571539609588784338e-03
5.140324746021995156e-02
-4.694387949841121177e-01
8.537179931925020782e-02
2.104771399601682372e-02
5.481794145883450015e-02
6.691824879677624183e-02
1.707486840951739915e-02
-9.881338491657992718e-02
4.481297689534667616e-02
-6.194988215472260057e-02
-3.577505348379159122e-02
-1.597429615664138283e-02
-6.739227158403783557e-03
-6.130197023717465915e-03
-2.340675334914512143e-02
-4.293147572292509845e-02
1.997225602355010010e-02
-2.995406341652651419e-02
-1.319547944837381678e-02
9.065333467697986964e-04
-6.425616199837674847e-02
5.326889654731215701e-02
6.924817719193077266e-03
-4.888024840668704629e-02
4.916717451677189710e-02
-1.444474661757559619e-02
5.638947546466063082e-02
5.526820799465291534e-02
-3.426139810034532773e-02
-1.078822585991942237e-02
2.051874909262798100e-02
6.580247738947400671e-02
1.166136780704392015e-02
-3.123894729337119841e-02
6.290658074652430432e-02
1.607508984059977802e-02
-5.583155879727597082e-01
5.429124161986745301e-02
5.953889104169107771e-02
-6.666668108275275624e-03
1.070250932654579629e-02
-1.322901535946579069e-02
-1.056603667091507090e-02
-3.643486708642360711e-02
2.127959365565484928e-02
-3.416261705906781937e-02
-8.358373794406841195e-03
-2.162891673728192798e-02
6.658497132381323291e-02
2.199664809506803043e-02
-6.568632973242165274e-02
-4.079373819120611470e-04
-5.778466764228454983e-02
1.556939653891155871e-02
2.564611198225406528e-04
-2.256324319018646659e-03
3.148423054745173172e-02
2.578441637831802025e-02
-3.754271918230756705e-02
-7.901048873587838972e-02
-1.326122454188752298e-01
-1.073502478067983601e-01
4.666266956278992961e-02
-4.779928427464519292e-02
8.684421908710082683e-02
5.836752627017004202e-02
6.584869412742368200e-02
2.997226302404638193e-03
6.767078531890383455e-03
-5.220219592644352591e-02
-4.500170758259293413e-02
1.402791586555859199e-02
4.758748224027943563e-02
-5.238474396384900506e-02
3.949916268679477815e-02
-1.017459870462816829e-01
2.302706056646292715e-02
-3.918638859044037970e-02
-4.060264956937254671e-02
-7.902903331977749468e-02
-4.917666557423024803e-02
-1.583658158604536043e-02
-6.371934509603388586e-02
5.398306159919767644e-02
3.312934044231935493e-02
1.979703116155142120e-03
-4.058232457079418570e-02
1.636983429340652454e-02
-4.364720242398107547e-02
5.858026731341200305e-02
4.309099953193604865e-02
3.668336787629498247e-02
-6.652574308652527135e-02
-1.025550088227793200e-01
-9.416765364689237694e-02
1.759223638500403142e-01
-2.746011305693794521e-02
-8.700530454528222768e-02
-6.403816385167736269e-02
4.633812924768574565e-02
1.297211481546260980e-01
-8.324180408820366917e-02
7.040509755003093381e-03
-1.368303687903174711e-03
-2.059861701426464117e-02
1.650686059405565356e-02
-4.294227264218977019e-02
-7.282153844844876933e-02
-5.055711295656159336e-03
-1.597024024410838294e-01
2.910768322237367381e-02
3.998257388000675538e-02
-5.671229931192660334e-02
8.182190823620234810e-02
-1.570159754556138265e-01
7.351134311952453593e-02
6.411005356348954687e-02
3.663860172194976367e-02
-3.690472154933691074e-02
-1.257858595575513973e-02
2.984062508615995327e-02
3.172485577900661241e-02
1.779826873149715008e-02
3.951190325346448824e-03
6.275907894362726946e-02
4.919298548118611336e-02
-6.922103512353613985e-02
-4.540710699536976147e-02
6.987463915134167758e-02
4.478016543465112437e-02
-1.023858795251207932e-01
-3.303363894628099512e-02
-6.434225464014434182e-02
-3.359113087201628239e-02
-5.315311910881313079e-02
5.099222409105556159e-02
3.484277585401746730e-02
1.856098962946481010e-02
9.468587716379955888e-03
5.556973417823220240e-02
3.861742662079797883e-02
-1.439116522291303268e-01
-2.260267399033457497e-02
-8.474450773371748624e-02
-1.014730350037738038e-01
-1.587642551644276659e-02
9.430819534098663914e-02
3.885503625395474170e-02
-1.821032366417606879e-02
-6.890593201591890815e-02
2.165315090722123859e-02
1.467894350879520859e-01
1.153575568095658171e-01
-6.210285646096264794e-02
1.737162550500503250e-02
-2.025435204362257061e-03
6.850808842725342185e-02
1.154126049428242512e-01
2.481339369412526984e-03
9.198535663112855643e-02
-1.618355209704712763e-02
-9.607294640980086620e-02
1.258426965195471106e-02
1.201262969799266750e-03
3.569044979373307003e-01
-5.129337669045830328e-02
-2.098269688680391362e-02
3.379032906815532516e-03
-4.800474547487920685e-02
-8.855075160559074121e-02
-7.739970146652858096e-02
-3.139763306220231392e-02
-2.251978878748819770e-03
6.447049834702127391e-02
-6.436811608890673220e-02
1.311844672773109788e-01
1.936357599781843020e-01
1.968544434465446455e-02
6.796394119755443108e-02
-8.910626117925406209e-02
-4.897336426269265075e-03
-9.519212915894098570e-02
3.058128095834855564e-02
-1.009630488496784523e-01
1.413671872307501465e-01
-2.353480016706415226e-02
-8.895315897933195326e-02
4.748009614185417886e-03
-2.246393963590526469e-02
-3.545945310534476171e-03
-3.233349844632062847e-02
-7.252677380190275871e-03
-3.824281256354296332e-02
-4.301221702378531936e-02
-3.125860253293033519e-02
5.529370259048518171e-02
