-5.385216250398342647e-02
1.949792133953522633e-01
-7.697712132911702088e-02
-2.785050488046648953e-02
1.761597385884336583e-03
6.213284467384909415e-02
-3.703414109803218526e-03
-2.398122847416286549e-02
-1.013107707513666300e-02
1.278498752880325551e+00
-9.224998046587733203e-02
1.019114522049811289e-01
9.555586261153600769e-02
-2.032597279930872108e-02
-5.862108340840564702e-02
-1.670880746670772715e-02
4.186602289164575194e-04
1.198112161102122819e+00
-1.804600170981026652e-01
-8.154749319752904735e-02
4.033502779878015039e-03
-4.448611085576310159e-02
-9.877840874270725491e-02
-1.738793541942442594e-02
3.254108820767147303e-02
1.634305735256716754e-02
-7.828413128309309743e-02
-4.601239889236258084e-05
3.634708219575795429e-02
6.469584604966416297e-02
-5.888369766387214176e-03
-3.069241869687484685e-03
-1.240028620362369424e-02
5.418833134927930617e-02
7.594640909202333978e-02
-6.976041207040251102e-02
4.401871507796795840e-03
4.611956568367897580e-02
-2.486273687996396614e-03
-3.641066145603519960e-02
1.105556414163234857e-02
5.329793802971944348e-03
2.442648677654802106e-02
-3.683188752098960628e-02
-4.465424794393783176e-02
-4.226037771811571447e-03
-9.252238572155219165e-02
8.319318318487400540e-03
-5.000133578927048322e-02
-5.545183838118044120e-03
5.326998340748639177e-02
4.536498359133696312e-02
-2.516080221662499519e-02
5.237656660791108719e-03
-3.897868999577143445e-02
7.593124740502586040e-03
1.219819541093665818e-02
1.168210436890228937e-02
8.623494053200226120e-03
-5.296085591631122247e-02
1.850679658198816149e-02
2.361006338631293708e-02
1.312778983658748760e-02
1.729570754890425166e-01
-6.455843211471049004e-02
-5.765323944697749864e-02
1.419199615177783522e-02
3.862254894638304792e-02
-8.128124502071383192e-03
6.526753513077904190e-02
2.179440019901823788e-02
4.584073523373535103e-02
3.397305909340221641e-02
1.886924791904140419e-02
7.122010896210226316e-02
-1.844688475748578263e-02
-1.649325584414987333e-02
-2.380262530948178482e-02
3.340149449444158175e-02
9.392749240084326268e-02
-4.118217254682061262e-02
5.060956995820464072e-02
-3.050946045221111097e-02
4.418074655586606142e-02
4.543022181570819523e-02
-2.336748740623621201e-01
1.244513784196205342e-01
-6.930900147693287716e-02
8.515474663859881610e-02
4.690234777173113434e-02
-2.651059572945776294e-02
6.070555144445261703e-02
-7.683275554462665712e-03
-5.793827485353238160e-02
5.800580163443153081e-02
-7.486902562264058369e-02
-2.416447817463965309e-02
3.375677135041305066e-03
-7.091222629246947406e-02
-1.005989722178813120e-02
3.327353641543486645e-02
3.964274483533117288e-02
-1.188283184261165887e-01
-3.880631812046501927e-03
3.986978113356130782e-02
-5.403175099279305948e-01
8.167651416262194930e-02
-1.063844239693643653e-02
2.722452961066578261e-02
5.632947227993087558e-02
-1.829731690566282728e-04
-1.104687863870912334e-01
4.381401255392949889e-02
-5.855119625435113023e-02
-2.816557878839412790e-02
1.097828585966992634e-02
-1.469293747625263595e-02
-5.917340593898612680e-03
-2.796488722299848156e-02
-1.686733189929891588e-02
-2.620298177370600050e-03
7.455394213916262044e-03
-1.477048507056797494e-02
-9.396105111390461173e-03
-8.476063613828013765e-02
4.769960809187625411e-02
-9.495572935817767762e-03
-6.606990400702308919e-02
2.681435851856277947e-02
-2.891914347851399711e-02
1.919289074756704364e-02
5.414948812938177175e-02
-3.330325652975928141e-02
-1.369171194944415922e-02
3.348340375193042950e-02
6.590067530611119773e-02
-1.280374603189194521e-02
-2.120292084926704915e-02
3.125448135755257845e-02
-1.166886497363276397e-02
-5.313394356400451546e-01
7.318801861180565527e-02
3.804233044381526846e-02
3.358420197938115966e-03
3.155712620115703332e-02
-2.989864129613835204e-05
-8.337003162995784353e-03
1.856217438341116292e-03
4.710102607767073513e-02
-5.758012533246310849e-02
-1.092703078151619931e-03
2.783207950179656634e-04
8.278807277111829843e-02
8.142407033854550183e-03
-1.022950104488405121e-01
5.978953275527651434e-03
-6.745879927961219436e-02
6.880678780120851046e-02
-1.228566147997407678e-03
-1.404285336461857069e-02
8.841793140535372797e-02
1.683232727813832943e-02
-3.391234531656003165e-02
-4.992656031677452505e-02
-1.143054700139726487e-01
-7.346095531052360128e-02
5.777043939519291987e-02
-2.539839077131440803e-02
9.059755647276560020e-02
7.542385215963132161e-02
6.972034318006324616e-02
-8.472093231579705050e-03
-1.838830632836630299e-02
-6.412053741052606282e-02
-5.791129095271363436e-02
-1.403020406263788718e-02
2.632347750664926211e-02
-2.680963059058930065e-02
3.719567704120091411e-02
-1.355334596539932435e-01
1.134187952995346959e-03
-1.410947405906812224e-02
-4.810495550050252617e-02
-6.038569933691229075e-02
-4.832942555124528083e-02
-1.966426396957885944e-02
-5.273863133211992293e-02
2.937709896063146406e-02
6.462177438011718067e-02
-9.088828095315793637e-03
-1.998696839417254956e-02
5.374481699399727766e-03
-2.662951927673187086e-02
3.683075999993871974e-02
4.233953580030151709e-02
4.704955270689317043e-02
-5.133181541709565254e-02
-1.022390605082855314e-01
-1.382728809690150495e-01
1.241407188403931966e-01
-1.621760836698181744e-03
-7.358647162419718057e-02
-1.232965694441890900e-02
6.960756234832328471e-02
1.442194222036328743e-01
-5.883789301888758122e-02
8.136609038132139315e-03
1.556745333642815116e-02
-4.612028384995342511e-02
-3.329161206209093390e-03
-4.799679965957003719e-02
-6.414292983496347467e-02
-1.868108177194409804e-03
-1.296875191511006609e-01
1.514066627062190563e-02
2.589196251286953951e-02
-5.796183070733441217e-02
8.661180067840859587e-02
-6.810164906297494491e-02
6.929605054511693563e-02
7.475341521577928694e-02
1.023763140527712487e-02
-3.124932492370201612e-02
-8.390790824592771202e-03
4.338005579481663855e-03
3.866256756508310022e-02
-3.419700727665220524e-03
-3.241756360846570484e-02
9.108042274905622793e-02
7.349752912499386837e-02
-5.241218167040496284e-02
-7.045584598838064427e-02
6.901829255680982933e-02
4.833436174743834662e-02
-8.816882346362210632e-02
-2.843692115798279046e-02
-6.273820138991027806e-02
-2.322808989603250551e-02
-6.763518091661764597e-02
3.537760799688679375e-02
4.129050074765897027e-02
1.856014915451720954e-02
1.191527380711624243e-02
7.456362302054223012e-02
2.674255864833063531e-02
-9.362234833860372252e-02
-3.500046537174584388e-02
-6.886416928653724123e-02
-1.027383871555865996e-01
-4.616873613460312914e-02
6.710520772049810567e-02
3.978035985684168913e-02
2.551991168661445208e-02
-7.107740453559346916e-02
2.216425822424866396e-02
1.749179758359072356e-01
1.025937388923616189e-01
-4.946351064188361096e-02
8.314821999137434264e-03
-5.440655335343432680e-03
2.819477464133818626e-02
1.021932893777271201e-01
2.974851181584608172e-03
7.161528234850712826e-02
9.164092519350271540e-03
-7.584063756312202365e-02
2.292136108021400331e-02
7.680328678849830670e-03
2.963709238797372358e-01
-6.456390454172182547e-02
-2.645120996175142312e-03
1.649989768524476666e-02
-1.937316484578001721e-02
-8.420168253909889045e-02
-7.685790093978281390e-02
-4.749001844634014730e-02
5.824996380441976353e-03
5.072990589915183507e-02
-9.886979779501887944e-02
1.490247301992940199e-01
1.835258784992891135e-01
3.482837836906162859e-02
1.603696172001397094e-02
-9.490565401774771204e-02
-1.441136363114060848e-02
-8.240488797372162721e-02
4.653707404121929653e-02
-1.056655754369515143e-01
1.579303750245134030e-01
5.350370463678788199e-03
-7.997506813961612060e-02
-2.463636189317822654e-03
1.408276425837745767e-02
-5.213436622879590032e-02
-2.336876430587218542e-02
-7.588893544202271989e-03
-1.803568189983514869e-02
-2.038094363984286825e-02
-4.402551252175564839e-02
4.788207499111388904e-02
