-8.771136819125897877e-02
1.782303922189435175e-01
-9.819423067637821079e-02
-5.814669014806360392e-02
6.980291237030780867e-03
5.297925459245703822e-02
-6.645298582676495598e-03
1.770375565152416952e-02
-2.892017165218430455e-02
1.228945994699915056e+00
-1.069644077653841702e-01
9.268851498880777140e-02
9.567466702311901161e-02
-5.711252992725443511e-03
3.244327166358233761e-02
1.088147281693058882e-02
2.339583916365258528e-03
1.091710227200769934e+00
-1.609160198547384124e-01
-4.786657065078013529e-02
-3.751781993741372390e-02
-2.728992596028419204e-02
-1.107417744202834342e-01
5.382271792255433236e-03
3.646710715475836445e-02
8.170244503863062502e-03
-5.729203563507617725e-02
2.623464642058262811e-02
5.984658120385379781e-02
3.038750130107743114e-02
-1.910385626735429387e-02
3.564999157020554144e-02
4.433170899835044837e-02
1.839218113560412565e-02
7.262257410897468568e-02
-4.039239406954065609e-02
1.318402777743423251e-03
3.647270661109598688e-02
-4.123939918717784564e-02
-1.644259792314401933e-02
3.656852348142991364e-03
9.645735259881065352e-03
1.701614024892431076e-02
-5.957978844357301150e-03
1.470899572850837764e-02
-1.160646482247763150e-02
-5.054321899715524119e-02
5.746973411913793017e-02
4.066069491089746579e-02
-1.072124905807930566e-02
1.390983025095062810e-02
-1.938435470962326240e-02
1.361803550071396043e-02
-4.140468672825825536e-02
1.429377640741948639e-02
-5.348313145690593989e-02
2.664044777148687204e-02
-2.542653294377525061e-02
-1.449478173956130281e-02
-5.595584642853750762e-02
6.185713541534745147e-02
1.992198754567128111e-02
-2.718267364585048168e-02
1.658992082523334244e-01
-4.031063149450361816e-02
-1.089978359569914318e-01
-2.771058705009435061e-02
-8.516100598218582715e-03
-4.122390869780651057e-02
4.753083825599029727e-02
6.774995874149896367e-03
1.461969259349552297e-01
7.158341271719582954e-02
1.684426847688257414e-02
8.052814690559263744e-02
-3.726617214510961201e-02
-1.282899372272189829e-02
5.853368183986793968e-03
2.633360003771640506e-02
2.685819272627467877e-02
-4.089512769877098712e-03
9.532453249270209095e-02
-8.209524025309963835e-02
-3.550047897458872420e-02
3.411559830565089046e-02
-2.533988298020541929e-01
1.010718565276687159e-01
-9.444372657071212207e-02
-3.121577251150884497e-02
5.975606232823799102e-02
-7.752433385824964406e-03
7.436528817430440585e-02
-1.976535620445239640e-03
-9.433138341980139285e-03
7.745782678711642111e-02
-3.067156472024163902e-02
-8.330598896082798063e-03
-2.337998112299901135e-02
-8.191472812725586472e-02
-3.413559371378750013e-02
-1.181376973624390135e-03
5.694881462446650666e-02
-1.185111855061359437e-01
-1.004819792334932368e-03
5.761646399211319686e-02
-5.416824642861666206e-01
2.947182477247470289e-02
4.207272567707475569e-02
1.061446671458061569e-01
2.960442459825895004e-02
6.345769564049023870e-02
-6.742134393284342220e-02
1.629119925995902926e-02
-2.620151037774977668e-02
-4.430761371218860933e-02
-2.582185734393403070e-02
-3.041051287136608671e-03
2.232375236568527599e-02
2.415477458808779065e-02
-5.885410153034409397e-02
2.916529241393694266e-02
4.284597473109746923e-03
1.035656224095944091e-03
-3.910806553729847396e-02
-9.988630537345968841e-02
3.722523211122421433e-02
1.744325570930585836e-02
-4.640450034767955312e-02
5.535146457908216022e-03
-1.083826331813529838e-02
2.549237061551747063e-02
6.511677652278498145e-03
-6.458716643070827254e-03
2.083251758334415255e-02
-9.447514969316339606e-03
3.684985210262028271e-02
-1.965106476120331500e-02
-3.985242220051671280e-02
7.212579009534769714e-02
1.559499297418187429e-02
-4.436707678474183236e-01
2.956417406120584804e-02
4.754117143273261376e-02
-1.536719620682995384e-02
1.172175050933718524e-03
4.924261462937399442e-02
-7.678779664565418828e-02
1.796702904064189851e-02
7.398620714458720160e-02
2.139966583087695232e-02
-2.692268502891755847e-03
-3.249465309120166956e-02
1.014994496887704073e-01
1.639767820939193885e-03
-1.380925121460277738e-01
-9.607070681489022004e-04
-6.017637712367497616e-02
-4.510171154262468569e-03
-2.769015568207722905e-02
-1.489980431461516595e-03
4.761437249777580177e-02
-4.221652750744829541e-02
-2.115581429984026915e-02
-5.079832664127702235e-02
-1.517198883190752356e-01
-6.493297769231012873e-02
2.220115797375444774e-02
-7.038713262124655923e-02
7.221783637650232290e-02
8.159228477903648913e-02
8.904547963155862167e-02
2.986053402253169287e-02
-1.767744655490527048e-02
3.328433721433682324e-02
-8.425357558834424554e-02
-3.109020060635155416e-02
5.306799870941034114e-02
-2.525099338869624035e-03
6.893345068095325934e-02
-8.335662369120515336e-02
-2.083361830474458887e-02
4.838507690653851522e-03
-5.786582685993718611e-02
-4.675958503248438952e-02
-3.297648770041539806e-02
-3.778882620356093652e-02
-6.924241328393131167e-02
5.708959565481693671e-02
2.067834392730271906e-02
-2.457601231986756077e-02
-1.795117525137013975e-02
1.394979478595445924e-02
-3.809573268369827875e-02
4.609782885300971189e-02
1.904802248350847410e-02
6.927415487352933665e-02
-4.497622157318961061e-02
-3.877363793023613087e-02
-1.077386354102025101e-01
8.066341814511278352e-02
-3.238935486644514694e-02
-4.500226785711458621e-02
-2.234073006571282022e-02
3.368008675267695345e-02
1.256961258960119510e-01
-1.671687852626613235e-02
6.391331391050644739e-02
2.858940177943858352e-02
6.806958535602227606e-03
-3.918844602675688321e-02
-3.336697170913489191e-02
-1.924937874789452857e-02
-2.281972475187513463e-02
-1.294201137468180551e-01
2.310846894241599687e-03
6.991712767517350643e-03
-2.932557723809063946e-02
7.092735802722230365e-02
-4.826975005857322282e-02
1.637547710707263834e-02
1.117192413051419295e-02
-9.996668277100404475e-04
-5.405693504942313266e-02
-2.549066078704993743e-02
-1.873403552020538529e-02
8.362025883426628392e-02
6.448356180187053699e-02
1.212730779227640804e-02
8.305157545140955111e-02
9.693524656357252467e-02
-1.066225781160952818e-01
-1.662421695421632123e-02
3.801375985850610068e-02
9.747709831633655231e-02
-6.599760408817327562e-02
-6.206103477903648913e-02
-5.089331951651764746e-02
-2.000049742713174913e-02
-2.064930003270997599e-02
6.074619833090069698e-02
-3.003784447138065083e-03
2.084254002272482517e-02
-1.706482398153835386e-02
6.065362024053013584e-02
7.384884422521481757e-03
-9.721506478475133717e-02
-6.351773442743886833e-02
-8.404978134973277448e-02
-8.938748242803409849e-02
-2.556215511553963302e-02
2.365820546248701903e-02
3.981532850770475029e-02
3.498665851456731618e-02
-2.597804538197654584e-02
5.975715686581033886e-02
1.548050372573168965e-01
7.237601251527653323e-02
-4.986451912870752678e-02
5.120442790784374837e-02
-7.766296755429499994e-03
2.841008313241663585e-02
9.192498536658920416e-02
-1.418136368844271147e-02
1.126277430472005098e-01
-2.408139380554067104e-03
-3.544184700853111186e-02
2.955982373814287911e-02
-2.353828093833506413e-02
2.586564441227314770e-01
-9.029121798459049941e-02
6.791441146578690302e-02
-1.984721269637859317e-02
3.987740486600980030e-03
-9.932405317181899895e-02
-6.383430313897051067e-02
-1.953613986206402531e-02
-2.651425748352034470e-02
5.982432560654943332e-02
-9.152667263150479626e-02
1.789413964053456763e-01
1.628429006883144736e-01
5.409932519099618781e-02
1.493705221664017729e-02
-1.112886103384898850e-01
-4.443906798381875439e-03
-5.031289690900610581e-03
8.794164158176187573e-02
-8.309136220135572570e-02
1.450570361673801101e-01
2.069425317778268226e-04
-7.417136332532832388e-02
1.676519895897974829e-02
-1.192117142877496469e-02
-8.237855233715062064e-02
-5.777831332477425391e-02
5.724534773297893647e-02
-7.217656550781398339e-02
-7.695566284304909688e-02
-4.229895484400526817e-02
2.458710919937928327e-02
