-3.581942148300666651e-02
1.317898177418033723e-01
-6.985176386171908225e-02
-6.523480445025642283e-02
9.850166097577398028e-03
1.612218249868876269e-02
2.553430933471781406e-03
-3.186544897707656310e-02
-2.676044211374776355e-02
1.802148895252135841e+00
-2.298882169284418298e-01
5.785334822553615114e-02
9.671561858162597280e-02
-2.064519812841394616e-02
-6.210037746339557713e-02
-4.275685813601755314e-02
-1.954404275710116407e-02
1.150524062208613696e+00
-1.650444152467490655e-01
-3.933677597393903796e-02
7.579611679265186620e-03
-1.670463671412325893e-02
-7.808173504006955812e-02
-3.063665828241948427e-02
7.329932653340075210e-02
5.037864653718876484e-02
-1.256266820545215261e-02
3.979841961813430917e-02
8.885231209373267366e-03
-5.082188473092443329e-03
-5.325723837791937476e-03
-4.518124326661374264e-03
4.356884751474060166e-03
4.597247767744638836e-02
4.112280298663088113e-02
-7.347479818545084307e-02
1.619313254158948751e-02
2.148937397325703658e-02
-7.685815250647350452e-03
-2.088769139945755027e-02
-6.149492720190590650e-03
6.790406543945780304e-02
4.032383477963320112e-02
-4.434156034511951838e-02
-4.893950827674926202e-02
-1.546607418035788467e-02
-1.008861219987210456e-01
2.790439484872325390e-02
5.207238942726446704e-03
1.470622101641450019e-02
5.163015256632582511e-02
4.566541151523241526e-02
6.331161945470203077e-03
4.468539895461224806e-03
9.205979945928151331e-03
4.771632566101377537e-02
-1.293570620227564756e-02
-2.786121294865615688e-02
1.579911500761542117e-02
-1.166409814806283231e-02
-2.531245105620645152e-03
-2.231733776329115210e-02
-4.168060841854413778e-03
1.808061133240719820e-01
3.082757599276101865e-02
-5.113134424771931252e-02
-1.461208958091167638e-02
1.548834806704562674e-02
-5.538384313139475129e-02
3.793761719439089214e-02
-2.533672816125932253e-05
2.659236278953560836e-02
1.020544727994821266e-01
1.345416452341456387e-04
8.564200992170371840e-02
-3.124590353368406157e-03
1.250473241262151612e-02
7.724380406643371194e-03
4.098117130723969055e-03
6.389925722086767235e-02
1.266054656367932713e-02
9.450206707082735302e-02
-7.778110140282817886e-02
-5.157520692857570435e-03
-1.037668718577530735e-02
-1.780540508799866306e-01
-9.223346840466785379e-02
2.570414522122520945e-02
1.167716592560041344e-01
1.128221196857438074e-01
-3.412123489024186662e-02
-3.960537926684055271e-02
-8.964381106561152696e-03
-2.058059755062246338e-02
9.644807968549179433e-02
-6.036652435005103456e-02
-4.974582881979883187e-03
8.492650303405990461e-03
-7.539030783437365713e-03
-3.642684441625085312e-02
2.889929204448445088e-02
4.992829903440878375e-03
-1.240171249503855683e-01
-9.902331537123797156e-03
2.892334556565169870e-02
-7.165227159251278399e-01
2.698089529623749414e-02
4.759559353520104175e-02
1.949605415197922312e-02
-1.023491092069606610e-02
1.171024790009899189e-02
-3.656397932692913300e-02
2.155762764689020047e-02
-6.517003621459262208e-02
-2.852433828729429577e-02
-5.859668478183828466e-02
3.567023981585173281e-02
1.849811142789527588e-02
-3.919794141235335809e-03
-1.835855393786935130e-02
5.069887307330649129e-02
2.999220295528716440e-02
-2.156767635220965471e-02
-2.347238206631479737e-02
-7.842410779678876676e-02
6.725637693023739372e-02
-3.539699901391330384e-03
-3.900199858027929289e-02
1.999464713019927578e-02
-1.739014514778798245e-02
3.730628532566750838e-02
-3.714508766494827724e-02
-4.512262146083768216e-02
-2.062115691241163742e-02
5.803866400953856808e-02
9.572518200815566258e-02
-2.104177206040437967e-02
-2.590611296968322458e-02
1.012143499683412773e-01
3.452708691659736595e-02
-4.595461796105189123e-01
2.459732332145737194e-02
9.440964912954247223e-02
-2.155243794357658560e-02
1.293488329437025852e-02
-5.473017046664926423e-03
-3.652784213379041411e-02
-3.490270822898553296e-03
3.439990688435586030e-02
-3.319323779997038898e-02
-3.933655140467887806e-02
-4.356388314975995907e-03
6.914972343895693652e-02
2.544655351279973346e-02
-5.819558562544101948e-02
5.105696567823706650e-02
-7.637097256873566498e-02
1.299254529728097185e-02
-2.074075388675861858e-02
-4.127208078788691115e-03
4.118168627716192742e-02
2.374491378312353421e-02
-7.641398527278484010e-02
-5.115646216565390009e-02
-1.515756616044202643e-01
-8.092490492537360303e-02
6.281168982794031741e-02
-7.032828137403605850e-02
1.472545675787845509e-01
1.620197072630793003e-02
3.942252143953497989e-02
1.131908362624547970e-02
2.777410915627876822e-05
-1.398531120002085041e-03
-3.575292437166874282e-02
3.392536435101181636e-02
4.480001695159522429e-02
4.997592925160183885e-02
9.267091701829906214e-02
-2.634625949072761514e-02
8.724189670434213603e-03
-2.122170741103661037e-02
-5.159564580754170959e-02
-5.995382142311496410e-02
-6.440287070638341105e-02
-3.111151767376074337e-02
-3.635817544330095102e-02
2.931304427513398841e-04
2.000393752972927722e-02
-1.002027115956786660e-02
-1.232686509877208188e-02
-1.623968254795556500e-04
-2.100356144697320543e-02
3.216785763436058598e-02
-2.929525687081033572e-02
7.130099850999219169e-02
-2.217960912840449481e-02
-3.997477416576888237e-02
-6.362722693953025421e-02
1.665508627594125546e-01
2.339783122452338687e-02
-2.317038870834750922e-02
-4.991474489522693819e-02
7.634951236107960504e-02
1.564157259614173123e-01
-2.336586394415384599e-02
2.236041045501940480e-02
5.136945841818975345e-02
-1.162609902965406998e-02
-1.219014241111930109e-02
-2.757936622198753698e-02
-2.095841225866126173e-02
-2.112004367644464489e-02
-9.070233673113391182e-02
4.301201188363921318e-02
9.537588759615747702e-02
-9.916479554328583301e-02
5.527709582553678308e-02
-9.535907874084889602e-02
4.834885420702760700e-02
-3.450397474054806013e-02
2.948495329353154060e-02
-6.386463663930785906e-02
2.762958360010930869e-02
1.649963266621620045e-02
-4.632532751303953915e-03
-1.359489388813285918e-02
5.078385561867612696e-02
2.327444425937476302e-02
4.726342176021742364e-02
-8.835599403288096898e-02
5.242887774631593140e-03
4.469273744735358100e-02
3.389799151160190205e-02
-4.977109439971270921e-02
-4.509356512104935669e-03
-3.625431523676712377e-03
-6.683877654765504883e-02
-3.133054653340862361e-02
1.786324182425153007e-02
4.228827130250466249e-02
-1.106873658367866532e-02
2.829961521257024631e-02
4.407855282597464980e-02
7.746101329981602834e-02
-9.969673551849436710e-02
-6.349326676140659709e-02
-8.809932059738917465e-02
-8.878948653598384144e-02
-1.942529945357192311e-02
2.525393922784203993e-02
1.610106683565103516e-02
-2.544856540726748995e-02
-4.471160741778968523e-02
1.732352190850942539e-02
1.691909235922103849e-01
8.299523662143090674e-02
-6.320671638543950976e-02
-3.015802120544152157e-02
5.868351617824021232e-02
3.546591562830762878e-02
1.267006476257528658e-01
-1.824651541108701300e-02
9.131555847335626197e-02
1.393614226040564182e-02
-1.753105036100400804e-01
-8.142476648919173875e-04
-3.889568810777670888e-02
3.523012528823618594e-01
-8.027632429169501149e-02
6.557024324653171199e-02
-3.952151341518925914e-02
-2.422303096688276439e-02
-9.183182782101320663e-02
-4.949639697387445830e-02
-1.315317538226733196e-02
3.129920835459665956e-02
1.031600734116296242e-01
-1.016694488029338747e-02
1.252115134801605190e-01
1.554686958572742694e-01
-8.352878242066416603e-03
3.469930077622949277e-02
-6.465407449605919954e-02
-4.818793033622829902e-02
-8.264597297234507756e-02
6.176944235748847017e-02
-4.340362683415866646e-02
1.121823741604924263e-01
-5.409707972841221180e-02
-1.929517787165141995e-01
6.291070333763325306e-02
3.157651755169350871e-02
-2.753948518241570304e-02
-2.514179149272085384e-02
-2.825218956874432988e-03
-3.238229666748569657e-02
-5.008474074887855898e-02
-2.585281622403511753e-02
3.285606705172973430e-02
