-6.177256619025304346e-02
1.737236876437761035e-01
-6.738721813895161283e-02
-3.949218084369941068e-02
1.273474068051354616e-02
4.388972406971543283e-02
1.285201429640240277e-02
-9.746981118072121572e-03
-2.672423770381592359e-02
1.457529740351026559e+00
-1.485960697207548697e-01
7.197247320173383311e-02
1.148705332894904979e-01
5.154745260048351416e-03
-2.122025923295454627e-02
-3.073850698179368679e-02
-1.262897414426599613e-02
1.035748394500298097e+00
-1.453259623679389878e-01
-5.745443679043835822e-02
-1.848497107171764506e-02
-4.473145488093209499e-02
-8.288890601037317285e-02
-2.938141001746613287e-02
3.450158827652402560e-02
1.287524062526625157e-02
-5.798501051029862630e-02
4.723560092416077133e-02
5.641589165140155349e-02
5.725536348060620423e-02
3.441129139886150295e-02
3.458726240543061130e-04
-2.984396310562350847e-03
2.575097215270085935e-02
7.096544148579278510e-02
-5.355063298090440710e-02
-9.045011818261693148e-03
-4.651834644409606062e-04
-6.743805459464460687e-03
1.855170880548692031e-02
-2.164539091122092557e-02
1.872639925422808077e-02
3.977068358043739892e-03
-2.606315889055444215e-02
1.227716993735089926e-02
-2.132450106034868356e-02
-8.529808744515207652e-02
2.706060241350803208e-03
5.750752494781460195e-02
-1.274096926178631137e-03
1.890345892995974261e-02
2.768193999211894171e-02
-1.017560111386534016e-02
-5.102812802861676766e-02
1.018985807768701610e-02
1.661594530950466497e-02
1.388464364829172619e-02
-2.378372955517274456e-02
2.832105873369871775e-03
-1.962031962224163040e-02
-7.362117411442912996e-04
6.064855519171476715e-03
4.059973166892259593e-04
1.802233821195791119e-01
-6.034961553207804363e-02
-5.934521305486921416e-02
6.314787125682936805e-03
1.266788750153094965e-02
-9.252777840642838550e-03
8.058942040928261663e-02
-3.148450770999296905e-02
6.848400174794452844e-02
6.701699886044133747e-02
-9.111296091553420726e-03
8.149996904820226706e-02
-2.135396767101367319e-02
-2.308069316717431887e-02
-1.275013545571696341e-02
3.897101746879526318e-02
3.892678219120090238e-02
-8.164918874672509944e-03
7.320174215355286507e-02
-3.380820768456590381e-02
2.953417627614594865e-02
1.031034751879739315e-02
-2.612249689816392717e-01
8.697368631251597981e-02
-6.548443557233535328e-02
3.940652257550907728e-02
8.154340140953821037e-02
2.606198155738796013e-02
-1.889117805537509492e-02
2.078754977248764568e-02
-2.940722398318352387e-02
1.182785675108630891e-01
-9.297074689017637006e-02
4.687814614207474161e-03
1.923740137026603778e-02
-9.317581919091334763e-02
-4.438295594327766602e-02
5.860211717784836495e-03
6.978964342863380743e-02
-1.104213621320397076e-01
2.247339310247507826e-02
2.107655594354392037e-02
-5.684665081579619583e-01
-3.589773328419874291e-03
-1.371599067219317174e-02
8.259067046253301680e-02
3.407516694001874735e-02
3.360314994448645315e-02
-3.431948021281524402e-02
2.187142015834007969e-02
-9.014420708816137107e-02
-5.801495554256837217e-02
-3.871965891784527602e-02
4.506933285896097541e-02
-2.410875255269127534e-02
1.421770204867619548e-02
-7.169031261981341496e-02
3.391291753309512436e-02
4.318577868066797443e-02
1.551259796410390211e-02
-1.832616214016039025e-02
-8.025983368567350673e-02
7.429499792323421281e-02
2.722817166066712063e-02
-4.050715019809150719e-02
2.522230587897780416e-02
-1.019839582323794382e-02
6.186550062702351332e-02
-3.930589595137173181e-02
1.901547770854855384e-03
-1.443843953682798047e-02
4.573092337533015556e-02
5.785169729008690642e-02
-2.210448636323698521e-02
-6.568089628418675996e-02
3.656319225526113992e-02
6.862538261247816407e-03
-4.757562888727954187e-01
7.933989134254920694e-02
9.714427231990713230e-02
-2.610011799956867343e-02
-1.499632593008488196e-02
6.556214788169889562e-02
-3.492117026417525943e-02
-2.843207386696451275e-02
3.443169712035124008e-02
-1.883967284948240631e-02
-1.559683240799661363e-02
-3.827148603907514629e-02
1.378995943650421774e-01
1.598593789937803600e-02
-9.730245930337820537e-02
5.452703323357757648e-02
-3.200824208099919271e-02
2.821057298433905444e-02
-1.281263707819023205e-02
-7.582168598602443028e-03
4.634530407977975608e-02
-4.393543205381485769e-04
-8.760921949217750915e-03
-6.805468284058958928e-02
-1.256416008136661822e-01
-5.799045619621709391e-02
4.250440231080131193e-02
-2.485336169804890430e-02
8.920446225078811076e-02
3.479837399889239291e-02
6.301101667669549433e-02
1.416300701873615502e-02
-2.031722597341739656e-02
3.391807616605073405e-02
-8.040570651305699312e-02
2.606330241703587111e-02
1.995626727310002499e-02
-6.239967186934214545e-03
5.958607961201754788e-02
-1.038824287642711036e-01
-1.292429574051676957e-03
1.587867057535731138e-02
-4.675043149468560699e-02
-5.358588225270512206e-02
6.096494787950232017e-03
-1.844947218864488245e-02
-7.175670921817756120e-03
4.555075811935545976e-02
5.665511493434224888e-02
-3.193416577583177429e-02
-1.914315647431732992e-02
-2.566758170692175385e-03
1.124372934882742620e-02
4.337175571909346328e-02
-2.280690080314922916e-02
5.412604104541194477e-02
-4.372788860148461854e-02
-6.914855015788745618e-02
-6.025317405693533107e-02
7.770629373189485989e-02
-1.766716550092655574e-02
-3.248870425790235938e-02
-3.029939291210488259e-02
4.680931895394904729e-02
1.174238818746272534e-01
-4.679271148398227859e-02
1.019813477144926317e-02
2.374639394915651486e-02
-1.394864917867907027e-02
-2.261983795569033964e-02
-3.048259510522280044e-02
-3.762315404143946190e-02
-1.087816116035294350e-02
-1.313510925651784900e-01
5.365389092386789981e-03
1.691731555890293569e-03
-9.035730439129462457e-03
8.714914639601260837e-02
-8.253909973368141542e-03
6.086025779186546997e-02
3.362447090730701776e-02
3.316652782733024024e-02
-6.760591089476654381e-02
-3.594139809603177915e-02
-2.067386379861096187e-03
4.996154738354136732e-02
-1.979030359844602144e-03
1.137958860401401540e-02
5.891192116810087948e-02
6.674542595664352540e-02
-8.047103810332709162e-02
2.186812892971345956e-03
3.102982621730425092e-02
3.834430180731873694e-02
-8.894755400922296773e-02
-1.265159516579513442e-02
-4.336476244328831692e-02
-1.018278159812452052e-02
-7.238225066662850628e-03
8.034305096363263121e-03
-7.659185636568650000e-03
3.694669501363210401e-02
-1.298897496132689344e-02
1.382841662916950605e-02
7.284080425417482907e-02
-6.412083831446493964e-02
-5.204694139659836460e-02
-6.232907036109099769e-02
-1.090858919043409675e-01
-2.512875157421508993e-02
8.383005699124562726e-02
4.932594556078000875e-02
3.862768132428431173e-02
-2.561624654870814366e-02
4.525055896284186502e-02
1.235531033004600848e-01
7.259922214471330182e-02
-8.247073224631507049e-02
7.519643055048937097e-03
4.456617477714705511e-02
2.619969625636342503e-02
9.275992520980659573e-02
3.525814860157780884e-03
1.207910630511416922e-01
1.731965460789064437e-02
-9.757381171721904445e-02
1.184279848183096215e-02
-3.201254579534804773e-02
2.200594773739030507e-01
-1.316495298821302243e-02
-3.766374499446195623e-02
-1.746176246525411174e-02
-8.844616608734664695e-03
-6.361209726053293489e-02
-7.149173021214960677e-02
-4.640972874909474188e-02
-7.945425802716569313e-03
6.197763433080216711e-02
-8.032480749978700152e-02
1.569762855978955318e-01
1.844174339162477638e-01
8.980918923929133782e-03
2.421813429219562067e-02
-1.187206373940317000e-01
3.655999359081457331e-03
2.622474006730185492e-03
6.464067042925150663e-02
-1.056294497369430069e-01
1.454709365947431110e-01
-1.978294552616724836e-02
-1.005689639335008989e-01
1.551455949268339476e-02
-2.365547512340781394e-02
-3.267104737222565475e-02
-3.612896432622263176e-02
3.977752396933841722e-02
-3.990370246735749915e-02
-4.490802573458933106e-02
-6.093400128200349153e-02
-9.695176378652978558e-03
