-3.583839389337056119e-02
1.319639243483490820e-01
-8.516916938647700608e-02
-3.049888373971852001e-02
1.438700798130986870e-02
-3.403772555239250415e-04
-1.790382432627504543e-04
-5.200428812700479825e-02
5.336822207113442462e-03
1.884418291655631128e+00
-1.482360288424045824e-01
8.266265609596171182e-02
9.333241542608369801e-02
-4.339273966403100341e-02
-4.483522127944659930e-02
-2.769214666835878927e-02
-3.430006224181343655e-02
1.020726541118566200e+00
-1.804871483788734743e-01
-5.253230392650488217e-02
-7.128420300159693870e-03
-5.269766876848459153e-02
-8.895503386773123689e-02
-6.391584373292933524e-03
7.247085371466775727e-02
4.178120390346811569e-02
1.186857899594856262e-02
1.031892797313434425e-02
2.603240928179533994e-02
-2.091965476513989522e-02
-2.852948108151200351e-03
7.888001032516332722e-02
-3.667004257664209510e-02
4.499996105935118174e-02
8.117250092422971519e-02
-6.947825766834775374e-02
5.521057008563839096e-03
1.175782805470566329e-02
-6.169610550978855967e-02
-2.872439357770702889e-02
4.054695058221874024e-03
2.909071228453032412e-02
-1.179188854933409421e-02
-6.462329994610958861e-03
-4.303263655292893612e-03
1.537028316303481199e-03
-1.049913031593022600e-01
5.031971417729014023e-04
3.153628202272041464e-02
1.200895123377769894e-02
-3.210677330484314890e-02
1.142453435892943833e-02
-2.875806610277158518e-02
-1.686496689153957340e-02
2.210463056331111661e-02
3.005554409368930285e-02
1.174956484184176524e-02
-1.301865549492501294e-02
-3.376996200398522160e-03
-6.048300371439186557e-02
-1.055655573869634933e-02
1.104475795785926293e-02
3.458187812416083778e-03
1.264037457283114230e-01
9.832092628221929947e-03
-5.554308424997608795e-02
1.546556426695708600e-02
1.480030962270276022e-02
4.666086594691702845e-03
6.779717117883890531e-02
1.060109500386015313e-02
2.513709766694071854e-02
1.096137306049704274e-01
-9.376402617742727458e-03
8.527969760445175407e-02
-7.252584929842457659e-03
1.857088163698095845e-02
-5.027154420852829320e-02
-3.937647245226422350e-03
1.247563982216164935e-01
-2.495005861789032983e-02
6.708740241559621453e-02
-8.485724185712235912e-02
-1.434417775799803549e-02
2.906560023604642939e-02
-2.422885732560107197e-01
-7.688470441202437111e-02
-1.064560535092220622e-01
1.252682162918248299e-01
4.597658103632360632e-02
-4.637357807717915753e-02
-2.254148069992238310e-02
-1.166838759906731020e-02
2.256633769434113895e-02
9.541168082669358730e-02
-4.940928185281848878e-02
6.743347934927100377e-03
-3.791441992773765101e-03
-4.342055133406352158e-02
-6.127658827267443847e-02
5.590748286668928597e-03
9.987905515846631083e-03
-7.100372525501383314e-02
-1.958007668807568852e-02
6.028708626925708552e-02
-7.232382618227832793e-01
2.732337396423621841e-03
3.393667486058385419e-02
5.143743944800954759e-02
4.503454423519760719e-02
2.338747348012492136e-02
-5.994111800298328185e-02
3.530730666815647123e-02
-9.651626609815043556e-02
-5.845932573073923944e-02
-3.073990983127519727e-02
-1.229996253363552401e-02
-1.427825705909184506e-02
2.957265849447577449e-02
-2.690139105481280032e-02
4.514730327816463690e-02
-8.137055399812119852e-03
-1.442359836080272725e-02
3.209548042687802513e-03
-2.261203592876924896e-03
9.157982758287719349e-02
1.344239190104626509e-02
-4.860847674987493067e-02
2.482989941472348375e-02
-1.799616220507415862e-02
5.185089645684352877e-02
-3.786477329472719838e-02
-5.486302389685596137e-02
-1.344669997974511436e-02
4.076007878828426245e-02
7.119861529926650723e-02
1.410740945278933511e-02
-3.067287012756209422e-02
3.689258622925311454e-02
2.708541974743238975e-02
-6.100633442217709979e-01
5.659212161989420758e-02
8.936352989538270952e-02
1.106096736216102307e-02
-1.285797772043108592e-02
-2.633153246842559903e-03
-5.134745745152162651e-03
-1.312483162839389941e-02
1.429790520288451612e-02
-4.293201502999838270e-02
-4.800971038962949938e-02
-2.856776703169142465e-02
1.011078068557613036e-01
3.179910266375879369e-02
-6.537609022321297370e-02
2.835070344917012611e-02
-5.753448891361165329e-02
-2.889789320744037132e-02
-2.123248396449946285e-02
-3.520010492996086121e-02
-9.255793477651113113e-03
7.509907539237230083e-03
-2.796290452005808364e-02
-5.144381579963803325e-02
-1.230306521245328327e-01
-1.226420934216915365e-01
4.936909467216054476e-02
-1.297298285571118863e-02
1.073103409350077975e-01
-1.013614940466501559e-02
3.486736355196654036e-02
-1.023228862182405316e-02
7.752504817719828301e-02
2.416418315853436499e-02
-4.197905401180071494e-02
3.086224956708344402e-02
3.331958053075615572e-02
1.708396246370041819e-03
5.368835264214744801e-02
-6.592909772878594032e-02
-1.577146569498396114e-02
-8.350876023779832402e-03
-3.574423224329404541e-02
-6.051801437522071059e-02
-6.275156682945294551e-03
5.398838962283151154e-03
-7.131568152285468198e-02
1.732265961527673648e-02
2.355077274340808269e-02
-2.454383652296044174e-02
-5.422294596267951405e-02
1.227550428571297196e-02
-5.610044563621030544e-02
3.987601469847120578e-02
-2.076276059197143184e-02
8.073251470031046761e-02
-5.019575722807414347e-02
-8.865338753181925546e-02
-5.765574736387613780e-02
1.484570996475971794e-01
-3.090423649544046802e-02
-5.561389228769385989e-02
-7.350565475697816431e-02
2.215539709920617481e-02
1.195119477957351101e-01
-1.484463245114227455e-02
2.650808690943560336e-02
-1.124842760964996991e-03
-1.566977456151967193e-02
-2.758440473643014590e-03
-5.951468197531341320e-02
-3.549227834235491735e-02
-1.507483760456210763e-02
-1.356554547486095164e-01
2.311117808136348151e-02
3.677562418267744937e-02
-4.212103291062468946e-02
6.347677803864659740e-02
-1.146616672621281058e-01
1.490427738312172581e-02
3.106434937906477067e-02
7.695232607008327917e-03
-4.824431342951759905e-02
-2.173864953370081843e-02
2.126086456675122752e-03
1.583513401503321844e-02
9.948958580484314196e-03
3.010416242773995138e-02
5.443138979549233536e-02
1.586512442155174965e-02
-1.394166472394499923e-01
4.168316974237441797e-02
4.400439164303213829e-02
6.404775428272417581e-02
-4.736666879906234473e-02
-3.477168235443152400e-02
-3.720788334611620923e-02
-4.965352665483100530e-02
-3.727374836420536269e-02
4.470531254483203765e-02
-1.838689470497414805e-04
4.268488201012146654e-02
1.512031446283860874e-02
3.351638527665275896e-02
9.141870525992466801e-02
-9.489339659708734276e-02
-7.502111416582060710e-02
-9.077964754200877617e-02
-1.471027122693563949e-01
-1.525997677025051763e-03
8.376330419480738920e-02
2.076412746622193287e-02
-1.644134543936317389e-02
-2.007676933375912229e-02
-6.120164862852471533e-04
1.288684876291162629e-01
8.969138573072084342e-02
-1.006353820655292719e-01
8.358984767280336348e-03
5.639073308544664820e-02
4.271254639541214454e-02
1.062961956796629054e-01
-1.598487050897928405e-02
1.323494655101380146e-01
3.567967482632757731e-02
-6.512582111602807644e-02
-9.632503841473452275e-03
1.039149085466648664e-02
3.470291474923486441e-01
-4.723351261550572111e-02
2.019661106646108409e-04
-3.839834280668792676e-02
-7.149869538767987531e-02
-9.173806168796533322e-02
-7.526688569991318856e-02
-8.288625768409644060e-03
1.109932695471136516e-02
7.702632048745990112e-02
-5.813721759264368211e-02
1.662216224691739630e-01
2.070952218703098757e-01
4.089923772314859457e-02
6.828584039840278341e-02
-1.263118687878888313e-01
-3.426535333508982928e-02
-3.773870114802205938e-02
6.084742927343589347e-02
-7.153311690954136659e-02
1.203775007081163001e-01
-3.681732372617234350e-02
-1.515896664910170444e-01
3.914305397685471227e-02
-3.560404321331451551e-03
-8.139612227007372164e-03
-2.840384629864391164e-02
2.251729007915268671e-02
-3.581490018089152766e-02
-3.630646839525212416e-02
-1.497048187457926914e-02
3.236104065392240992e-02
