-1.924585190099561277e-02
1.363438807220106186e-01
-1.095773268517888782e-01
-6.065134633043123280e-02
2.429942500913991402e-02
3.639424987884301577e-02
-9.349292334269997465e-03
-2.847467473600530374e-02
7.488172892047797362e-04
1.586178007243912447e+00
-1.359510770218337605e-01
8.354314171753843277e-02
7.819162969961569731e-02
-1.401101824475411463e-02
-3.735654122844681013e-02
-4.257462778767344413e-02
-5.524449665649231594e-02
1.144351746361039313e+00
-1.629064072915249739e-01
-6.044911911432118007e-02
-2.672818749149775616e-02
-2.429483512553564165e-02
-7.275432471985103511e-02
-7.463015921017601955e-04
5.174395317707624481e-02
1.787763815350377344e-02
1.774419484341522354e-03
-3.249951444212521856e-02
2.665768694575993206e-02
4.215228153789729658e-05
-8.197185883245050944e-03
5.347904874230546834e-02
1.433311382486226332e-02
6.225332198637940212e-02
8.535088497738402280e-02
-4.318368408634879613e-02
2.832358387145456416e-02
4.768135819106244372e-02
-4.320183106465106532e-02
-5.111594949347877948e-02
-1.527942817821873822e-03
1.129968399548105656e-02
1.802830390582488632e-02
-3.000179742764589805e-02
-4.751720508901850076e-02
2.319812528163685272e-02
-6.763805918199904121e-02
5.246593655412529200e-02
1.411387215599918359e-02
7.395212492347980060e-03
1.896655026008897639e-03
4.998795072524146038e-02
-3.447298836892939700e-02
2.237141484258094171e-02
-3.459924337993980359e-02
2.414375588514743043e-02
1.667749485082811733e-02
-8.917144995419415410e-03
-2.814453025364321067e-03
-2.388501199082182849e-02
-3.022313808814276834e-03
2.117565717036797718e-02
-1.575574359834121252e-02
1.287836981150523863e-01
2.101154558319021093e-02
-3.917781169228676252e-02
5.114956158972843933e-03
4.373227149154877008e-02
-9.655437902793837304e-03
5.825669578331179460e-02
2.747682839441487404e-02
5.277185129999319851e-02
8.432148899809549514e-02
-2.293472674051574497e-02
8.119209174347027935e-02
3.432337667906046157e-03
1.029928033813426805e-02
-5.392230130785777287e-02
-4.671538364253162608e-03
1.365298008986872424e-01
-3.576665470152870507e-02
7.451430263527071551e-02
-7.598346393135287091e-02
-2.635012489000220989e-02
3.084574816032682743e-02
-1.717602861217861487e-01
-8.076593666040333963e-02
-8.067332197575159680e-02
1.296774301540606633e-01
6.210663169764317482e-02
-5.342736771570194554e-02
1.723980873138008379e-02
-1.268849409837947279e-02
-1.483252936197031017e-02
8.728255509454495298e-02
-4.517283734780982302e-02
-3.123137144925010322e-02
-2.371417167413447311e-02
-6.784470274957276476e-03
-9.919498190881767541e-03
2.889371583160454254e-02
-1.302930790134845633e-02
-9.215001041524963077e-02
-1.655072650849746113e-03
7.733090363981090509e-02
-5.836926417324173055e-01
7.879277160420350423e-02
5.663464021689226108e-02
4.400972032397802713e-02
2.214820767370085861e-02
-1.319060561089690185e-02
-7.433681827940076536e-02
3.390908363870561576e-02
-7.783747800044212017e-02
-4.539638992037647869e-02
-2.255708260887124075e-02
-2.085402821735563017e-02
3.710431018632669165e-02
-1.512617231339698741e-02
-4.234161314680826016e-02
2.758711014551591678e-02
-3.410825203947592116e-02
-1.585230551646884742e-02
1.219346419173411751e-02
-7.079519500960754219e-02
6.166909822005509773e-02
-9.796114348016001297e-03
-6.366196457114678409e-02
3.329397613313665044e-02
-5.553794448804797064e-03
3.792266783430825461e-02
3.732040004654978843e-02
-4.973384321117024776e-02
-3.555550344978574556e-02
2.733860215659434170e-02
9.647764627049040809e-02
3.724902685832497118e-03
1.462976411319463418e-02
6.945644353234253776e-02
-1.208432077826358635e-02
-5.497438167426200728e-01
4.254283404256223311e-02
4.825284851763365218e-02
-1.199010361977749690e-02
2.329834268751833424e-04
-2.534973617800724555e-02
9.336813795795214678e-04
-2.608036461078849788e-02
5.453344331340974349e-02
-1.338464443480266372e-02
-1.786325242207692857e-02
-1.950526003318001078e-02
4.090406293042612995e-02
2.395181107109151802e-02
-4.343890419883349174e-02
1.455534622468456635e-02
-7.911784296991905552e-02
1.371125932324258542e-02
-2.499218192040198600e-02
-9.828715271859603210e-05
-5.984355919767506311e-03
3.588826336871683842e-02
-4.554095132677526969e-02
-7.568305571733437154e-02
-1.140691822328594729e-01
-1.296225773916813984e-01
3.135965902810842337e-02
-4.945210340217317396e-02
1.162518014130730498e-01
1.741625521559566833e-02
4.991903936858080315e-02
-2.182645542153597174e-03
3.688136207021153884e-02
-5.551445620706366157e-02
-5.107477338861209082e-02
2.119200904585685774e-02
2.484132187850717627e-02
-5.030514921173565197e-03
4.164124739087369381e-02
-6.663563790215616678e-02
1.101193366415921353e-02
-3.343863717521425999e-02
-5.222541270426642873e-02
-5.754154409264045783e-02
-7.124712252159570713e-02
-1.638190402188052786e-02
-6.347807696231805297e-02
5.761141693360172233e-03
-7.299554768005628476e-03
-1.432444718139963893e-02
-5.745101511486532669e-02
2.566459986842776347e-02
-5.686732938120663688e-02
5.812703655327506463e-02
3.004171148058087243e-02
7.049712491285199667e-02
-5.418232053887226535e-02
-8.046244638272004313e-02
-9.994696060697523532e-02
1.709087066172969571e-01
-9.366048564555418121e-03
-6.165275796872874553e-02
-7.106548667910828065e-02
7.779702591484151386e-02
1.201190606507618053e-01
-3.357285971934090285e-02
1.301448626382677512e-02
2.041664751447506976e-02
-2.568241970958458006e-02
1.830907890933206397e-02
-3.698291739644266052e-02
-3.186635295155421099e-02
-1.999882861653601643e-02
-1.380036649988096720e-01
3.524106653218949531e-02
7.216873262353760976e-02
-7.236895384131410147e-02
5.806912829674534121e-02
-1.486346723660046387e-01
4.089840694505849500e-02
3.289966793420963376e-02
6.129111615739992434e-03
-4.745141897148347221e-02
2.334685145941028592e-02
4.223460110656713021e-03
2.419152953254659344e-02
3.580915596092368314e-02
5.723939557543191586e-02
6.045444630194871105e-02
4.162607619817881854e-02
-1.160625999013739640e-01
3.142975521904970305e-03
4.057623165640729390e-02
6.165912136741599769e-02
-9.429557176532105123e-02
-2.303030392601771933e-02
-5.559518103404298417e-02
-3.496780904064922951e-02
-4.429842134573527129e-02
6.021007983607672143e-02
5.014762022173854111e-02
3.152347669003367076e-02
1.822668186354322456e-02
2.386520441787256738e-02
5.893856251487893105e-02
-1.505230076052577748e-01
-3.882192965349102326e-02
-8.303533187448985942e-02
-9.758113134054891002e-02
-2.070857673222605694e-02
5.162016913090055475e-02
2.366003628864270236e-02
-4.991137240309567041e-03
-5.602504920674057642e-02
4.154221201701936879e-03
1.788495506563732851e-01
9.030730831689566529e-02
-6.048707366557271037e-02
1.717900107659672132e-02
2.209589396053683250e-02
7.954174628664467672e-02
9.449666977707114890e-02
-6.847881742147114703e-03
1.038676179261324994e-01
1.731575270637073297e-02
-9.319031982255815416e-02
2.882189179193306999e-02
6.899039266288174710e-03
3.978596396323629270e-01
-9.007155701605223941e-02
3.831808863164875428e-02
-6.705198468294067474e-03
-5.829141549619099721e-02
-1.270045104407563630e-01
-6.269426300418309839e-02
-5.231408513722622666e-02
5.662298118187576550e-03
9.309498840506393036e-02
-1.934227100798360799e-02
1.231963816572575199e-01
1.801032199063052619e-01
4.206056082399503571e-02
6.483415176294041182e-02
-8.731560092802000128e-02
-1.820095593127210587e-02
-1.088263328862569684e-01
4.234658828837063044e-02
-6.690082158252277922e-02
1.480841653133927460e-01
-5.784630306463406368e-02
-1.319637900030607991e-01
3.563146237012821543e-02
-2.555249644499897957e-02
-1.908115910569140386e-02
-3.071868277912868928e-02
-1.713522365021553223e-03
-5.679728549899673573e-02
-3.812572202655251097e-02
-1.360451795992892107e-02
5.112152577030335682e-02
