-1.023980761999271211e-01
2.104004066747173773e-01
-7.147699771251053713e-02
-2.891962639272469340e-02
-6.163110319114158131e-02
5.596776502186557450e-02
-9.876475338869546150e-03
-2.461152461540969463e-02
-1.885617969665531746e-02
1.350848496920240560e+00
-2.008914515464893524e-01
1.254902281505008987e-01
6.370684803200878099e-02
-1.479615770323910659e-02
1.284838144601310565e-02
-7.438461336202892293e-02
-1.722646522475633490e-02
1.148778926335872308e+00
-1.749451295053091882e-01
-3.460155432162227013e-02
-3.588304051763716029e-02
-5.944982796935961017e-02
-9.509352882093807802e-02
-2.837063708669326084e-02
3.211887587444443165e-02
-2.412283427206967160e-03
-3.097005105987309451e-02
2.026670213142479915e-02
5.600320000660969494e-02
-8.486533177585015367e-03
2.168411198839641577e-02
4.966639127212460481e-02
1.860297098132940655e-02
3.381809085624991329e-02
8.420689386441913837e-02
-3.782695437548232870e-02
-6.185914874085361725e-02
2.952776414094543649e-03
-3.770164795148664427e-02
3.502195922333435629e-02
-2.726980267165549435e-02
1.294839909791098073e-02
1.384053048949460824e-02
-6.138449928342896295e-03
-1.504918673151161949e-02
-1.739871009398268054e-02
-1.101773183942377776e-01
8.125071037444800415e-02
5.614602504604454536e-02
-1.127884621812554142e-03
-1.561005631748138556e-02
-2.265366320424485116e-02
1.340967495386613355e-02
-7.656064800217583788e-02
3.502789761876902441e-02
-1.905187983222100118e-02
2.469627584590663658e-02
-2.635872476314524843e-02
-2.022126049679429799e-02
-7.549831720806596258e-02
3.274348551740492719e-02
-3.887277140602446446e-02
-1.342209167816291703e-02
1.656254912609149144e-01
-2.131161025949294616e-02
-1.436711805357066274e-01
1.770449384550558738e-02
3.205147752860924848e-02
-2.080865398528718158e-02
5.995006974788490151e-02
-2.874796419802102404e-02
1.373352545356780474e-01
1.098664074558222403e-01
-9.843408559707850919e-03
9.382389848137853705e-02
3.395402323987913376e-03
7.670117200060648337e-03
1.773278496147621258e-02
5.684129880342238955e-02
6.841545131693653470e-02
2.609081485559608740e-02
4.271478415670151157e-02
-4.546056631888371197e-02
-2.474611545200916876e-02
1.472656822207315738e-02
-2.399277835290040406e-01
8.502479444080217330e-02
-5.152843761499971420e-02
2.037928740985362266e-02
7.030619176325153541e-02
3.681417533928265512e-02
-8.594416935538974969e-03
-1.525813311752836736e-02
-3.653603373689673361e-02
4.199563121110106573e-02
-1.212395233027381974e-01
1.826087823327837006e-02
1.856915143553138428e-02
-5.550228832683677671e-02
-2.764389018241857413e-02
-2.361125825290424484e-03
8.189541356576822417e-02
-1.114076618168793609e-01
1.658083045201363265e-02
-4.439544601410990582e-03
-5.322573081760108016e-01
5.600891859069748180e-02
2.559373591811752238e-02
1.257802674781701435e-01
5.270953631780293802e-02
5.455028887258299430e-02
-1.038498289630464672e-01
-1.698714998218062849e-02
-7.100374737175410567e-02
-4.860192516778793353e-02
-5.790444952874680001e-02
1.001647161561423742e-02
1.064501213093465432e-03
7.320583837917839232e-02
-3.980909796233904341e-02
7.206492677309461747e-02
2.552172502306693236e-02
9.944717167135002506e-03
-9.179066445718347955e-02
-4.359059281124505469e-02
2.999883730264709183e-02
6.746018609410057987e-02
-4.653033929716640649e-02
1.562812795035674329e-02
-4.073353377150829707e-02
9.820059361066053871e-02
-1.045009398295815815e-02
1.412306308521456451e-02
3.658069382007166775e-02
7.392903864481657761e-02
2.813651183425213906e-02
-3.853410230692776335e-03
-7.089762384910965054e-02
2.416720737931952329e-02
1.962095047487066521e-02
-4.096329175628456443e-01
5.096069630763830349e-02
1.031037892517470966e-01
-1.080943407133376499e-02
-1.553928404192509924e-02
8.849435605407620850e-03
-7.021959307072013490e-02
-1.852305560046375171e-02
2.072054452587962503e-02
-1.651670485289861642e-02
6.138405006579546359e-03
-2.313745053337537202e-02
1.391203878415603057e-01
-4.392278183694513921e-03
-1.169792025808168850e-01
5.126267086808259689e-03
-3.117025383898075139e-02
4.843102010105683475e-02
-4.488632313144444615e-03
-1.800940009617548951e-02
2.686963960373554838e-02
9.707820721642187664e-03
-4.939596400129335485e-02
-1.040003822903119712e-01
-1.969928216731810788e-01
-9.637248195286038377e-02
3.517473508755162431e-02
-5.450531128412923476e-02
7.735780955243451440e-02
3.199683172996191372e-02
1.305838362430866151e-01
-8.081102487745272719e-03
-2.134357187604951286e-02
2.102276593795553150e-02
-1.401063568715790464e-01
-1.926615053752876077e-03
6.296972638106841658e-02
9.243664639229148740e-04
7.524376869024480829e-02
-6.159490061121789678e-02
-1.452871620320293246e-02
-2.831362395473075236e-02
-9.032283406412115745e-02
-4.770104755249346407e-02
-1.452322964220351120e-02
-3.737206002672459337e-02
-5.395257297345940756e-02
6.979195183990610785e-02
2.463773101265398849e-02
-2.311718776516924478e-02
-4.916727646288568399e-02
-7.643288004000203632e-03
-1.439619612905379542e-02
9.078218220945490080e-03
-1.269979769819698338e-02
5.609831202749632206e-02
-4.601245329671801998e-02
-7.816027448757020823e-02
-9.846597219865162176e-02
8.548992222893116166e-02
1.258382017243481373e-02
-6.029947907362482457e-02
-3.146748413785496051e-02
3.229849663553263639e-02
1.074045552614937143e-01
6.538816670665604895e-03
1.168595013461665513e-02
1.612892972445621742e-02
-2.609865915497093340e-03
-1.294577182895545464e-02
-4.826576732610256965e-02
-5.132106479910108349e-02
-8.802706504316843913e-03
-1.316207735930287337e-01
1.249645911832733720e-02
-1.662253354921273268e-02
-3.696993784656224524e-02
7.096487914311591649e-02
-7.462129784658011467e-02
3.094130462039822518e-02
-1.378866198976971477e-02
2.268632961273902085e-02
-1.051197663406778365e-01
-3.361355116437769047e-02
1.741179933632883495e-02
6.940797281853357259e-02
-2.148136262505381724e-03
-3.676161600389614426e-02
5.958132400175782106e-02
7.935890925115758610e-02
-7.716165409336459002e-02
4.879503554188981476e-03
5.022787667877252893e-02
3.177151463220635047e-02
-7.498588462246151554e-02
-3.675923645883948099e-02
-5.301702447953138969e-02
-3.391360760914031297e-02
2.148455076185077847e-03
3.292328422101203217e-02
-5.865601592533906117e-02
2.830713951999789049e-02
-7.927839026135526795e-03
2.034863419417132224e-02
4.359497508190659371e-02
-3.765206130288647340e-02
-2.399142459412916331e-02
-1.009876061011926035e-01
-1.116617986245587585e-01
-3.456227263830781091e-03
7.225285500746717049e-02
8.376398446766966654e-02
3.426433231389250378e-02
-2.711006785932163279e-02
4.353047964147778448e-02
1.765797443746159323e-01
9.208232271286781456e-02
-1.135859643518750128e-01
1.413397602077319168e-02
2.308280647926253676e-02
8.615300758026757030e-03
5.479055314192617099e-02
-1.396142847481126638e-02
1.237559654706100881e-01
3.833166706882839094e-04
-5.157441656625591508e-02
2.398946373735226512e-02
-1.444046020289745623e-02
2.589790213725294277e-01
-9.698817702453088607e-02
2.692490645666453450e-02
-1.712337893667468039e-02
-9.518502093273923173e-03
-8.279991283468265961e-02
-6.104792624253283645e-02
-2.854074315662380457e-02
-2.732649742607192941e-03
8.802902241087633139e-02
-1.172449440319837666e-01
2.022069561652351521e-01
1.415988549824575282e-01
3.554091985703414225e-02
6.541504736648422191e-02
-1.203079558365369450e-01
1.061653805690844629e-03
7.401168422217319770e-03
7.541660321213182472e-02
-1.115798683063467384e-01
1.391174011984979975e-01
4.780525906532698266e-02
-8.770812575698841429e-02
2.088756974788489804e-02
-8.878907771234083660e-03
-7.696108845108112773e-02
-7.375159855185214886e-02
4.352281066782008601e-02
-5.238217441906163618e-02
-1.289993802296957315e-01
1.358038201593159133e-02
6.849125744678974045e-03
