-9.959070797925320684e-02
2.110259096592354000e-01
-6.577601385239184584e-02
1.927719812516335424e-02
-4.624255637026362942e-02
2.639051437755184776e-02
-1.048830118632297116e-02
-3.550591516911079382e-02
1.960663551467887317e-02
1.306920147424486478e+00
-1.744895142391427179e-01
1.041041397353846959e-01
5.902486436126062885e-02
-1.812498385778693599e-02
5.232632192859766607e-02
-9.215634276943643344e-02
8.703970531189735970e-04
1.135792931995422528e+00
-1.817132787555451878e-01
-2.981924460292694617e-02
-1.931858496587674293e-02
-6.450968483115410157e-02
-1.282059400915840086e-01
-3.873161912412407398e-02
3.904809272992251085e-02
2.382790011275818728e-02
-3.448047203018047343e-03
4.482748099468261693e-02
5.807599196520654705e-02
2.057274179269182046e-02
-7.786775072526824944e-03
5.326823385756618984e-02
2.398431229371079595e-02
-1.398934563752139053e-03
9.519770127159800366e-02
-2.957089596512001498e-02
-5.874939818518479240e-02
2.112608254233730182e-03
-2.705584431721253305e-02
1.015910937919421581e-01
-3.422521336970380662e-02
-7.952930247476130065e-04
2.701981062066009104e-02
1.132293034615747956e-02
-1.684869874723181685e-02
-2.967332658506046869e-02
-1.168252521827583268e-01
5.423297598060770885e-02
3.132668930881085667e-02
-2.608566626943025629e-02
-3.339973577542666022e-02
3.382832274211001675e-03
2.165582047916490144e-02
-9.040402965928838463e-02
5.135407091712935329e-02
-1.153941104763128375e-02
1.727611730052308614e-02
4.905111518685894775e-03
-6.582266760749555523e-02
-6.886466765915062738e-02
2.010996730884529252e-02
-3.270326826559011996e-02
-3.492250523614760793e-02
1.719115752195120306e-01
-4.064400918047667705e-02
-1.088065871487454428e-01
4.303253933512404122e-02
2.729096185901341495e-02
6.934249354946128881e-03
5.540461781530791469e-02
1.946902013027786886e-03
1.229169232864640721e-01
1.045313013239594774e-01
2.862658727967672817e-03
1.604074200759020574e-01
-3.012700469040283709e-03
-1.782873910945590367e-03
5.341382959166492313e-04
5.694356398099976319e-02
5.268934581377503895e-02
6.295622188357607139e-03
3.698182737246934193e-02
-4.846525632840976289e-02
1.390138588211427273e-02
1.317351338202569708e-04
-2.179675855531773565e-01
8.718382371445071444e-02
-9.547805840026418744e-02
1.077091408578893621e-02
5.946020053209149364e-02
2.030243215689988417e-02
-1.944904543505940678e-02
3.754541653035464374e-03
-2.720416297189345509e-02
2.184262692967050071e-02
-1.124134818770132216e-01
1.051483581134239620e-02
1.401543165215909416e-02
-6.554288304450636704e-02
-2.608368643389650729e-02
6.252346915667339466e-03
1.125254150176775159e-01
-6.589254821361716086e-02
5.680244292527363535e-03
1.662755560205984515e-02
-4.633581145277047564e-01
6.047720134532790642e-02
5.080150019933563771e-02
1.046455454224767545e-01
7.804713106792687816e-02
6.471260762579116033e-02
-8.508337687591831233e-02
-2.106672800431695289e-02
-5.379108634720868032e-02
-4.244387283534302446e-02
-4.621716342740739281e-02
1.867380013136726163e-02
-1.472502678227692076e-02
8.530478733337924779e-02
-4.767903397491594225e-02
6.547971456373088972e-02
4.314009545263096379e-02
-2.162149844355954007e-03
-1.226074618856135695e-01
-8.626159976671328444e-02
3.433167609371909346e-02
3.511988518112832414e-02
-1.035610318726203419e-02
3.468753600955221811e-02
-1.498801895973287703e-02
8.301239992379771948e-02
-2.979694946458072684e-03
6.037678117248978637e-04
6.376416982778107534e-02
5.391885127376133680e-02
2.955038405843050681e-03
7.163750751785631990e-03
-6.027453379081192802e-02
8.226242511668750701e-03
2.889033267417916856e-02
-3.824831436664688500e-01
2.610727200076025725e-02
1.090649108464192829e-01
6.124331922779846678e-03
-1.469122298759306666e-02
2.408091723034722770e-02
-6.528460763550408830e-02
2.390507058368918081e-02
-1.790549546191342808e-03
-6.708416603698239000e-03
-6.547672239068990339e-03
-1.558455823757275843e-02
1.276976949250868965e-01
-1.874382560350353749e-02
-1.228467667450764272e-01
-2.589481219349110477e-02
-1.754333473674009672e-02
3.714374273738380028e-02
4.142939510519535497e-03
-5.472231268300026957e-02
3.010256113732128272e-02
1.022676456739531232e-02
-6.907508209626034290e-02
-1.234605295573027034e-01
-1.834159511113347962e-01
-9.195242660784168354e-02
4.444703179745556482e-02
-2.938176993378436436e-02
5.885376380117826600e-02
-1.854873074744461860e-03
1.323630566386934659e-01
2.723872731315429840e-02
1.999921896522950659e-02
2.134593827703370854e-03
-1.185604435096493520e-01
1.990066049313936585e-03
7.799552427479797267e-02
-4.540763834069749122e-02
7.144969821511824859e-02
-5.479226572212921031e-02
-3.531982097651062413e-02
5.699349791657836763e-03
-7.764138205599586950e-02
-7.000967484229747573e-02
-1.219537902109425753e-02
9.423236761232993940e-04
-5.457534266193205669e-02
6.709134897687618615e-02
2.302593392774204481e-02
3.282231881152252763e-03
-7.488779644277500369e-02
-2.733752076136941600e-02
-2.736289990746234788e-02
3.433728447800111355e-02
-1.520379171478977720e-02
5.466944003683846254e-02
-3.607105818746291631e-02
-9.047578662521897630e-02
-7.713317138140698970e-02
7.754067258227727300e-02
4.161104156622622702e-02
-8.566766980173277923e-02
-6.304086761332330924e-02
3.039678746229620629e-02
9.060235123336440877e-02
5.062231646055405723e-03
2.144387805051955337e-02
-1.049818354918645360e-03
-2.621665101561837866e-02
-2.808788618934059816e-03
-2.748812622956754714e-02
-9.610020274619607283e-02
-1.279115861465485518e-02
-1.252936227165804828e-01
-4.230075987191526249e-03
-4.490267680386609422e-02
-2.160404467568555545e-02
5.669531881891759495e-02
-4.034841007755326364e-02
1.903095004456906505e-02
-1.821065313491159604e-02
-2.337363780071977353e-03
-1.237863677161919751e-01
-4.350440933517702585e-02
-2.768863459062685314e-02
2.763945430324358729e-02
-6.340717771505952928e-03
-2.947289410619931618e-02
7.512590788221228111e-02
6.685781806285495676e-02
-5.237952224788788164e-02
1.800439669734183942e-02
8.896108827102935934e-02
1.899217941509670493e-02
-6.273887026141886092e-02
-1.195196876225152610e-02
-4.430963673011853454e-02
-1.864132772434199531e-02
1.674586284736938671e-02
-4.997206207169328264e-03
-5.705332758063490911e-02
1.811022304564984670e-02
2.572597085339934590e-03
3.840727791405301045e-02
5.787385558607767433e-02
-4.371161602481916236e-02
-2.609105390549945613e-02
-6.485781166115679730e-02
-1.039975045518281432e-01
1.913200271277478576e-02
7.975577742222599020e-02
7.637585324702961254e-02
4.335667359374558577e-02
-3.620755732748306283e-03
5.537614474504464618e-02
1.908883195056652882e-01
7.403490123062714257e-02
-1.145399425127504173e-01
1.204316709226922050e-02
2.038069084753627372e-02
-3.096418625144810657e-02
1.004115395134885930e-01
-2.008739235489337069e-02
1.100026975431606935e-01
2.661916123736437351e-02
-6.636581858514523091e-02
3.629060608187816006e-02
-1.621508929099647542e-02
2.495476869119267749e-01
-1.063562543928894405e-01
7.816057840336350371e-03
-2.716399714473224231e-02
-4.383682165177940626e-02
-3.066939770836865295e-02
-7.359592961266635258e-02
-1.302475851249258222e-02
3.420046240748994461e-03
4.577689491369627689e-02
-8.741792029576728185e-02
1.902631467701887402e-01
1.377540177278474831e-01
5.923383013822369758e-02
4.254289565474803081e-02
-1.122789496380612317e-01
-5.402665918219850920e-03
-7.747072299233915237e-03
4.557815253833955027e-02
-1.196066382740315348e-01
1.310908708914342580e-01
7.903207510163247351e-02
-3.645868859998834671e-02
1.904534006869242763e-02
-1.130265169099753386e-02
-6.444392255887795851e-02
-4.233339180401620577e-02
2.000465316537484647e-02
-9.232180045332852303e-02
-9.294265480189171924e-02
1.590618148527344483e-02
5.843434995749493058e-03
