-4.832284944140144596e-03
1.714165559518679993e-01
-1.648251603868435000e-01
-6.662323012170648373e-02
7.518857984332359690e-02
2.093267508523044551e-02
4.689589052195295045e-03
-1.303860006622939438e-01
-4.132891951582722684e-02
2.102366304399866159e+00
-1.472756491777182097e-01
7.342816934825888153e-02
1.020231025503303551e-01
-8.353058303061314249e-02
-1.479560994627838744e-01
-4.026580653237260554e-02
-6.140051976109541648e-02
9.435318369879190925e-01
-1.678758798584845391e-01
-2.320817667438677956e-02
2.841087218699629713e-02
-6.257868500274542910e-03
-4.557393747456552069e-02
-2.688191429814298233e-02
-6.613335142423118138e-03
1.613615056131031565e-03
-6.616561207080561002e-02
-7.099269313498428324e-02
8.160614195332822896e-02
-1.057957513944079997e-01
-6.148387145338607418e-02
7.441020992423516556e-02
-7.858059201995659659e-02
5.747701732836214134e-02
7.872560128858061002e-02
-6.755218868694243262e-02
3.077642111109282416e-02
5.942711497058576764e-02
-7.223493063119404423e-02
-6.894504599900655450e-02
9.598298221281977016e-03
2.526696892866476044e-02
1.316661502625486764e-02
-8.061274781163722813e-02
6.784304880627503587e-02
5.570713903484623281e-02
-1.706992474884697075e-01
-5.001684800578709567e-02
1.164279916497602124e-02
-5.630634645309932039e-03
-3.404317976891527153e-02
3.209143402844272935e-02
-4.193448068400799228e-02
5.849336406292390475e-03
4.354348043190740813e-02
2.213699658118187599e-02
-2.438124079870254354e-02
-7.248662601388822235e-02
4.571544794359728991e-02
-6.449003382910621640e-02
-5.585579905538333445e-02
-4.170860161100006097e-02
-2.089050490701577743e-03
1.490043522885048100e-01
9.855157060724074880e-03
-9.579574578386076955e-02
-2.030680831412655883e-04
3.295772200187317702e-02
3.269361717964523045e-02
1.469390630984583612e-01
4.589668810020387790e-02
4.928327285163418975e-02
1.725701468018384643e-01
-5.101468480475545263e-03
4.914083118761071456e-02
5.145498710945604209e-02
9.179017351303044026e-02
-7.011102680744402127e-02
-8.523249577837491153e-02
1.604179196888814440e-01
-3.428007343707609178e-02
7.457013389757984057e-02
-1.128116238195408655e-01
-2.365785862571141707e-03
3.736673547691147373e-02
-2.327485646973396494e-01
1.659172222355213000e-01
-1.804871588288568529e-01
2.289880642465010052e-01
8.123121713466111005e-02
-8.341340831019294910e-02
-1.570703988595690019e-03
-4.228258786615678166e-02
4.411336397440194373e-02
1.081059721407653940e-01
-3.957561571392093774e-02
-1.261098456275072839e-03
-6.058386564958666287e-02
-6.511122270905148057e-02
-2.251569293437604563e-02
-2.667032069139895628e-02
4.687467271807822800e-02
-9.705305383332535341e-02
-8.016620279908955038e-02
6.414266303128142444e-02
-6.024576939803066855e-01
7.910680680317501434e-02
-9.586316391163862694e-03
4.882362974384235957e-03
2.661159696372145458e-02
4.486894883779384002e-02
-1.248945918439100938e-01
1.062797701869982875e-01
-1.268406491128852009e-01
7.605040275624990256e-03
-2.836221237841320825e-02
1.338890179055004376e-02
-3.263118815306769588e-02
5.581698205578679468e-03
-4.780393518795582330e-02
7.640332565810471765e-02
-3.862038498203627240e-02
3.634273657932166751e-02
1.736211893163211450e-02
-7.283125265994485655e-04
9.520793965993600005e-02
-4.617750767772219045e-02
-1.393819209217056765e-01
1.986873610454469377e-02
-2.401904296095757479e-02
-1.906119133985852490e-02
-5.177294539266848877e-02
-1.014361146312100087e-01
5.484817204630870746e-02
1.025955653860654987e-01
2.725507997648058539e-02
-6.960647497047605693e-03
1.450736925118394950e-02
-2.538423910631213906e-02
-1.949642759314505758e-02
-1.360926378648601220e+00
1.301501005285384815e-01
1.148546734237603922e-01
2.632524865945324796e-02
-1.166977070192184995e-02
-5.338329761362854437e-04
-9.606091427233447166e-02
3.840535686322034403e-02
-2.248624145763014615e-02
-6.996030569004245414e-02
-4.043679575164376566e-02
3.549606604013062078e-02
1.159663332256108265e-01
4.806090993974521802e-02
-5.065556205340043805e-02
-3.401389582934361000e-02
-7.176941885203715066e-02
-3.461684653457693106e-02
1.249649068063169279e-03
-6.277921433761629588e-02
-5.032910612886205143e-02
1.373040878727647615e-02
-4.547915039607969973e-02
-3.496186401953567391e-02
-5.854306416047262013e-02
-1.349615110226057568e-01
3.810880047996361569e-02
-3.922944105359593703e-02
1.266520412168254672e-01
3.515067987598321890e-03
-4.033604357051236156e-02
-4.739570553753531118e-02
2.645428929764426923e-02
-1.051130257207433666e-01
-8.592631786767288005e-02
4.922071914622931643e-02
-2.773387005074927011e-02
-1.431954741616845057e-02
-3.864501684286278382e-02
-1.010494622103461498e-01
-8.540980855192024934e-03
-7.980709660664128680e-02
-1.161191894679306086e-01
-5.957242424763808247e-02
-8.605690018878555878e-04
-2.001743119100198032e-02
-4.039818038108831944e-02
-2.382678820919810481e-02
7.104361664352627781e-02
2.476493599363040893e-02
1.693697387093347564e-02
2.250181462240767941e-02
-9.402171412690908670e-02
8.819075031468935968e-03
2.178311521084187047e-02
9.534295903751935364e-02
4.136448025511283225e-03
-1.359290810621838208e-01
-2.919276623106378116e-02
1.464939285151449777e-01
-5.836898134779807540e-02
-2.554430139523088464e-02
-1.003860773397727418e-01
-1.891207351425228458e-02
1.481600896091667952e-01
3.334682514093694622e-02
5.590005224666259875e-02
-3.714016287792645810e-02
2.047528496281079968e-02
-6.055469957046897417e-03
-7.634955012138730512e-02
-9.524722907540177086e-02
-5.347025671245870387e-02
-1.288514926175172715e-01
8.613353407871322809e-02
1.030663993926645011e-01
-6.576831519505753343e-02
-1.132069531075449720e-02
-1.287743865552337108e-01
1.447502093980905166e-02
4.180140162067513820e-02
1.076857752710268408e-02
-5.480347079049369130e-02
4.574989436586353320e-02
-2.023411130428017304e-02
-3.955773550381093233e-03
-8.389596407466864969e-03
9.617893057483921371e-02
-1.339372408511611606e-03
-6.388844582449360737e-03
-1.011505845317462182e-01
1.541788314240017700e-02
9.315276503975758460e-02
9.147828163401078294e-02
-7.482590471944271238e-02
-8.185566324897064483e-02
-1.427149931308200129e-02
-6.685270150342717543e-02
-5.432891979635458973e-02
6.886255536986722603e-02
1.613567571030774875e-02
7.533912952733758106e-02
-1.465426428707150390e-02
9.690730428416399755e-02
1.020941850667680117e-01
-1.516026434654330346e-01
-6.373492819995690839e-02
-8.849564459452451126e-02
-1.069280377497566215e-01
1.539714320909337519e-01
4.986630611419982234e-02
-1.010512856381960006e-01
-5.551084780605160945e-02
2.392041713826432991e-03
5.187807302139688104e-02
1.562608782276854735e-01
6.936234603411611799e-02
-5.801935464244107471e-02
-4.174273633619795393e-02
4.927442455110635222e-02
6.774793444586744984e-02
1.403544001901102789e-01
2.929783152037850405e-02
5.730039418458052203e-02
9.432249400544198692e-02
-1.973218746321974554e-02
-3.782879521103636733e-02
2.343754480645357519e-02
2.220972680624710704e-01
3.871668379130360077e-02
6.024323530086497097e-02
-3.121829261572189873e-02
-8.681371942127080743e-02
-1.367856869454285862e-01
-1.102408710786015184e-01
2.819920455219853545e-02
5.567354783141128388e-03
3.140577645422890779e-02
9.593586725283169761e-03
1.924819009980290874e-01
1.948784618323199380e-01
-4.313928214474201822e-04
1.154762441326143835e-02
-9.817466456408292796e-02
-5.500797913325274069e-02
-6.444691443591309132e-02
1.067007560399411137e-01
-6.662885625379023902e-02
1.218665249567115055e-01
-4.593761782149183986e-02
-1.272440708360264017e-01
2.801131745560934971e-02
1.435345031667175373e-03
-4.475764181468536856e-02
2.153559267265025418e-02
7.269477439397362128e-03
-1.669777948878688537e-02
4.307111423940679189e-03
2.091357389926050414e-02
5.992636406117840542e-02
