-2.062916490265962952e-02
1.147476207328350789e-01
5.196040907847360515e-03
-2.632482512172104258e-02
2.912462791758559100e-02
-7.634599377592679939e-03
-1.271376021893378533e-02
6.334992405881336580e-03
-2.395383386189730082e-02
1.795893537480454549e+00
-1.666820276581717220e-01
1.131700466203813121e-02
9.830668771076921109e-02
-4.257803041822737916e-02
-5.514834114054587011e-02
-4.283603069153451431e-02
-4.469391583489404352e-02
8.787800801944035678e-01
-1.576264610718745018e-01
-2.702262494001464455e-02
2.034490536763182769e-02
-5.460226814839611031e-02
-3.635410678386966337e-03
-1.849095163530289562e-02
3.311645447986680257e-02
5.080963806381675815e-03
-4.496461912398772715e-02
3.454907205481020510e-02
-2.349198565338091182e-02
7.031728606560246064e-02
2.337707734619317093e-02
6.303478585410395019e-02
-4.292168987042433576e-02
5.203531883948575576e-02
8.043049338228430711e-02
-7.825003026616723922e-02
-1.485790906229214788e-02
-1.265062546128556051e-02
-2.675601829516879165e-02
-1.694181579762199085e-03
5.628680584157995034e-03
6.147622068375283022e-02
3.196907786828456083e-02
-4.366005729239597066e-02
1.856679368201051908e-02
-2.050319344814512112e-03
-6.375069010507829204e-02
3.920742377575176657e-02
2.492331697319365852e-02
8.500566014932160741e-03
-9.969227222019840656e-03
3.423018618980314814e-02
-7.037277593810532805e-02
-5.990710569297717260e-04
-1.353847624114988026e-02
3.028354806358520696e-02
3.045632218298559984e-02
-2.658412731882599245e-02
1.425735469003433509e-02
-4.187803983538122138e-02
-3.251816209337586583e-02
2.278987695162080704e-02
-2.812406636110144961e-03
1.032799226644729174e-01
-1.161539092492677727e-02
-4.417851924417722474e-03
-2.036296956032648819e-03
2.975856224857201943e-02
-1.580993870280665917e-02
4.262189983740139604e-02
6.023351875007292890e-03
1.830857689621184434e-02
5.521387035541961558e-02
-2.261106006829122911e-03
1.083680459834243520e-01
-2.523738828411252466e-02
3.678440043338051732e-03
-3.728878907321167124e-03
-1.653597203488194056e-02
1.547648154711895319e-01
-2.983236451970145212e-02
7.032444237321758274e-02
-5.243449950151986977e-02
6.467584228373182524e-03
2.860845359120837289e-02
-1.632909406433055710e-01
-1.010117378030992580e-01
-1.249821548125393811e-01
8.923397675376029681e-02
4.639876653061477535e-02
-4.336397930906351478e-02
-1.705256941527223333e-02
1.725929896081297016e-02
5.143223611411949434e-03
1.055621694424023899e-01
-5.969171333308537220e-02
-2.987301189113952468e-02
-9.754845669212306933e-03
-2.373301533573931102e-02
-7.719842909475717330e-02
1.629978824394603606e-02
2.866214014256458775e-02
-7.040143535474864545e-02
-1.913685825241691688e-02
3.422551692699216802e-02
-6.152670569908282872e-01
5.598903706661948268e-03
4.451081179056833037e-02
5.711944807273798552e-02
-9.621297345812110727e-03
-2.134338477191525824e-03
-5.371547856462519782e-02
6.880046222454140950e-03
-1.167248697825503528e-01
-5.188893360441609176e-02
-3.212168783748600015e-02
2.460382430344057111e-02
-7.720440170579024285e-03
-2.109296029917559490e-02
-6.245927855849903176e-02
3.115342973107598779e-02
3.943022367609221035e-02
-3.864629461889425993e-02
5.318608842971831591e-02
-5.485761614368188377e-02
7.921727703133386866e-02
3.458341207550788554e-02
-2.906165981757888317e-02
4.956603375735139927e-02
-9.090166564427189233e-03
3.424188641089202789e-02
-4.044247939986201495e-02
-4.399497932601986044e-02
-4.316029518264720422e-02
-9.671669974065905118e-03
4.202903165859325774e-02
-2.331724155519236327e-02
2.447074034235775797e-02
2.821033270084336714e-02
-9.826789778860067423e-03
-6.462883286366075675e-01
4.460307175160155291e-02
1.031529095996989442e-01
6.984071215881277814e-03
1.719696330518944577e-02
3.048461979586017043e-02
4.379966867777143440e-03
8.742746632114007863e-03
3.437502592452201279e-03
-1.554420950332125601e-02
-4.842822642812551204e-02
-1.618596677248885715e-02
1.017990228039160755e-01
3.186353657520449995e-02
-7.114583948684624626e-02
6.253385001874314786e-02
-4.437419240840655837e-02
-6.964377125696851259e-03
-2.976188400600801587e-02
2.836262075015607079e-02
3.229747318982794518e-02
2.532151763131870043e-02
-3.461130586409725228e-03
-8.283981589965634662e-04
-1.345669007189491118e-01
-1.212833921518005065e-01
4.776571529710436914e-02
-4.728854170769008353e-02
1.230606634270928201e-01
7.785586927531855730e-03
3.573648068653877824e-02
2.040206751424697776e-02
3.353320968874710928e-02
3.223298665353187958e-02
-1.248661012682253380e-02
3.861743863169939811e-02
-8.679739360439420182e-03
2.637827415032749628e-03
4.611220939921293477e-02
-7.264040812285584015e-02
-1.176097278469888374e-02
-7.054031102498016688e-03
-5.244286941862703888e-02
-8.364849005555846650e-02
-3.910507889077049354e-02
6.174507507012269927e-03
-2.522095327669549025e-02
-1.278139330847861098e-02
1.577398053611957229e-02
-2.941287441619115997e-02
-4.040986863024807751e-02
5.195802672885452451e-03
3.049747949831822357e-03
3.888910768045928529e-02
-2.767782877444631071e-02
7.588417548032043436e-02
1.101514494052698197e-02
-7.164238809540479647e-02
-6.366261510259865752e-02
1.099493050815071593e-01
3.132655710769942370e-02
-1.186423784776920176e-02
-1.520357125503585261e-02
1.677117439748447916e-02
1.724754689068006275e-01
-9.873546506062714709e-03
4.726638621233867493e-02
-1.856588205046719176e-02
-2.730801689235017038e-02
-1.350238845185272769e-02
-3.776694337874716978e-02
1.014144937700923663e-02
-2.316926523819473616e-02
-9.634450337230740513e-02
3.340297742508576556e-02
7.482553195523816703e-02
-6.737852783174635984e-02
2.917592143614057554e-02
-6.428119698862574949e-02
5.084346315513488951e-02
2.831016775023191892e-02
2.904450262704862031e-03
-1.180374183611162218e-02
1.431365416969100504e-03
-1.775158854075503667e-02
2.399099780374286915e-03
3.427867929021097271e-02
8.042392963517235038e-02
7.307335903587307280e-02
6.070594330891619650e-02
-1.105840855205197371e-01
5.022081311334570392e-02
1.144461171173955308e-02
1.872778353928913203e-02
-6.972619556830381149e-02
-3.324353591700652394e-02
-5.645305111226341099e-02
-1.011119104410436974e-02
-9.423048822472884778e-03
3.065530286040805963e-02
-8.263284705083549786e-03
2.954947385641292640e-02
1.262526073801678583e-02
3.442966256687728793e-02
9.364552702513477545e-02
-7.041323528553758426e-02
-2.915926991623200154e-02
-4.859292975951889221e-02
-8.050411332710506740e-02
-5.121159136772444886e-02
8.090993750401118123e-02
6.188109334523559518e-02
5.563175940603193488e-03
-4.756192006559371160e-02
3.729242776505140022e-02
1.485668149344208655e-01
5.796788075932343687e-02
-3.749220042237712963e-02
-4.835997371401608291e-02
3.044825994152430479e-02
5.794533497171754088e-02
1.113342443267345827e-01
-3.893962916105101618e-02
1.510214626325876996e-01
-3.231996271267452078e-03
-1.228589649481318102e-01
6.701516004512211161e-03
-1.337386977060797850e-02
2.277465498392611254e-01
-1.576849792704103359e-02
-1.187819222029138679e-03
-2.421577124393218053e-02
-4.300930905713231528e-02
-7.763283861824371579e-02
-2.257049851841641530e-02
-8.131776869473689509e-03
2.772889723396403799e-02
6.295612914500629820e-02
-1.271672729472245536e-02
1.123884208572545479e-01
1.653065693809948888e-01
1.524520717692872014e-02
1.214191654259361326e-02
-7.041787890871140099e-02
-3.065811752279808122e-02
-3.972432740736364654e-02
5.105642028365597884e-02
-6.367715562571471533e-02
1.033510641110352568e-01
-5.808328191731428752e-02
-1.488823875885376680e-01
5.085810053910243267e-02
1.845299500134192291e-02
-2.229501913469027902e-02
-3.842558577340632331e-02
2.759535175941241203e-02
-1.386036479255277169e-02
-1.680356153248544274e-02
-4.553718640786540844e-02
4.422763909127109400e-02
