-2.662640251219272614e-02
1.615228503942489624e-01
-8.593139797449111938e-02
-5.943479761481285095e-02
2.490019053220748901e-02
3.900323808193206787e-02
-7.481172215193510056e-03
-3.067275695502758026e-02
3.556090872734785080e-03
1.423863649368286133e+00
-1.070598959922790527e-01
1.123879179358482361e-01
8.226434141397476196e-02
-2.827385440468788147e-02
-3.446883335709571838e-02
-4.730682075023651123e-02
-1.452731341123580933e-02
1.206115841865539551e+00
-1.794398128986358643e-01
-8.041595667600631714e-02
-2.483716607093811035e-02
-5.092807486653327942e-02
-8.734154701232910156e-02
2.174302237108349800e-03
5.577772110700607300e-02
2.522802725434303284e-02
-6.268786638975143433e-02
-1.880207844078540802e-02
1.068967767059803009e-02
3.387153148651123047e-02
-2.218796685338020325e-02
2.807251643389463425e-03
-1.382563821971416473e-02
4.639251530170440674e-02
6.172330677509307861e-02
-7.048949599266052246e-02
-2.275587990880012512e-03
5.139186978340148926e-02
-1.531636156141757965e-02
-4.207063466310501099e-02
-3.217588178813457489e-03
3.495546430349349976e-02
3.677783906459808350e-02
-4.321242123842239380e-02
-1.144500635564327240e-02
-1.207919698208570480e-02
-8.365084230899810791e-02
9.093869477510452271e-03
-5.888642370700836182e-02
-9.006430394947528839e-03
8.416730910539627075e-03
3.162626922130584717e-02
-1.862676441669464111e-02
1.684426679275929928e-03
-3.908009827136993408e-02
4.712823778390884399e-03
9.828145615756511688e-03
1.502391137182712555e-02
3.294906578958034515e-03
-5.215597525238990784e-02
9.205009788274765015e-03
2.336719818413257599e-02
-1.564113236963748932e-02
1.647647917270660400e-01
-6.737275421619415283e-02
-4.949979856610298157e-02
1.345785148441791534e-02
5.925496295094490051e-02
-2.837527357041835785e-02
9.480037540197372437e-02
3.128287568688392639e-02
4.017770662903785706e-02
9.922198206186294556e-02
2.065939269959926605e-02
7.587742060422897339e-02
-7.131010759621858597e-03
1.584036275744438171e-02
-5.225873738527297974e-02
3.006326500326395035e-03
1.333751082420349121e-01
-4.679253697395324707e-02
5.887537822127342224e-02
-6.817600876092910767e-02
1.462596282362937927e-02
3.830891102552413940e-02
-1.848331540822982788e-01
6.400870531797409058e-02
-5.783342942595481873e-02
1.006440445780754089e-01
5.265686288475990295e-02
-4.136314988136291504e-02
5.239832401275634766e-02
-7.863406091928482056e-03
-3.884449228644371033e-02
5.509819090366363525e-02
-6.334525346755981445e-02
-3.798855841159820557e-02
-6.537177134305238724e-03
-3.046678006649017334e-02
-1.819129101932048798e-02
1.659245789051055908e-02
4.522655904293060303e-02
-1.011098995804786682e-01
-1.784137263894081116e-02
7.480526715517044067e-02
-5.671334266662597656e-01
7.603632658720016479e-02
1.848026551306247711e-02
4.950170964002609253e-02
3.877175971865653992e-02
2.472632937133312225e-02
-1.149780899286270142e-01
4.546837508678436279e-02
-6.093965843319892883e-02
-3.761959448456764221e-02
-4.294272512197494507e-03
-3.459383919835090637e-02
1.722584106028079987e-02
-2.523875422775745392e-02
-1.829541660845279694e-02
-8.822306059300899506e-03
-9.575133211910724640e-03
-8.516222238540649414e-03
-1.714612357318401337e-02
-7.745435833930969238e-02
4.530910402536392212e-02
-1.695198751986026764e-02
-8.560433238744735718e-02
4.210967570543289185e-02
-3.545363247394561768e-02
-5.618557799607515335e-03
5.047591403126716614e-02
-5.589718744158744812e-02
1.630188338458538055e-02
5.030879005789756775e-02
6.795737892389297485e-02
1.288509089499711990e-02
-5.598032847046852112e-03
4.872976988554000854e-02
-1.464393688365817070e-03
-5.859683156013488770e-01
6.743279844522476196e-02
6.103578209877014160e-02
1.061133691109716892e-03
2.652145735919475555e-02
-1.132145617157220840e-02
-4.039466381072998047e-02
2.136277034878730774e-03
4.897627606987953186e-02
-2.417448535561561584e-02
6.494688335806131363e-03
6.475727423094213009e-04
5.814800783991813660e-02
2.526124007999897003e-02
-9.455655515193939209e-02
-1.460450235754251480e-02
-7.936138659715652466e-02
7.237384468317031860e-02
-1.208044029772281647e-02
-3.658090904355049133e-02
5.858255922794342041e-02
2.591977454721927643e-02
-3.112694434821605682e-02
-8.347614109516143799e-02
-1.168667823076248169e-01
-6.441255658864974976e-02
3.481720760464668274e-02
-1.768103055655956268e-02
1.003697291016578674e-01
5.092754960060119629e-02
7.731392979621887207e-02
2.040182938799262047e-03
-2.143599325791001320e-03
-5.834179371595382690e-02
-8.296024054288864136e-02
1.474626921117305756e-02
2.637220732867717743e-02
-4.345424845814704895e-02
3.297276794910430908e-02
-1.173083409667015076e-01
-3.637827932834625244e-03
-2.495537139475345612e-02
-6.749944388866424561e-02
-8.318956196308135986e-02
-7.192148268222808838e-02
-1.762155257165431976e-02
-4.377192631363868713e-02
5.600345786660909653e-03
5.722714960575103760e-02
2.566473558545112610e-02
-2.168420515954494476e-02
1.458533760160207748e-02
-1.981753483414649963e-02
5.712868645787239075e-02
3.319817781448364258e-02
4.567729309201240540e-02
-4.944244027137756348e-02
-8.410862833261489868e-02
-1.216301172971725464e-01
1.384999305009841919e-01
1.704002358019351959e-02
-9.790831059217453003e-02
-4.356655105948448181e-02
6.944122910499572754e-02
1.562432795763015747e-01
-4.561968147754669189e-02
9.666178375482559204e-03
1.767302118241786957e-02
-5.772439017891883850e-02
6.156336516141891479e-03
-2.647371962666511536e-02
-5.606614425778388977e-02
-2.200670540332794189e-02
-1.379965841770172119e-01
2.147752419114112854e-02
6.794548034667968750e-02
-6.136057898402214050e-02
6.819482892751693726e-02
-9.716650843620300293e-02
6.524220854043960571e-02
7.819064706563949585e-02
1.702564582228660583e-02
-4.157373681664466858e-02
4.040896892547607422e-03
1.527189090847969055e-02
1.946032978594303131e-02
6.865569856017827988e-03
2.067844849079847336e-03
7.011591643095016479e-02
6.625156849622726440e-02
-4.397264122962951660e-02
-5.421115458011627197e-02
7.820289582014083862e-02
4.405490309000015259e-02
-7.419408112764358521e-02
-2.035496756434440613e-02
-5.351137369871139526e-02
-2.632408961653709412e-02
-6.288091093301773071e-02
2.469431050121784210e-02
7.754671853035688400e-03
2.807340584695339203e-02
1.723899692296981812e-02
6.846359372138977051e-02
5.791706591844558716e-02
-1.294862776994705200e-01
-2.728927880525588989e-02
-6.445618718862533569e-02
-8.029980212450027466e-02
-1.517424639314413071e-02
5.635146051645278931e-02
5.376200005412101746e-02
1.391292363405227661e-02
-7.160627096891403198e-02
2.589025162160396576e-02
2.045325338840484619e-01
1.307557374238967896e-01
-4.384841024875640869e-02
-5.406586918979883194e-03
-1.462255883961915970e-02
5.341932922601699829e-02
1.140697225928306580e-01
2.662221668288111687e-03
4.198729991912841797e-02
1.863936707377433777e-02
-7.768014818429946899e-02
2.488039806485176086e-02
1.783500052988529205e-02
3.657929301261901855e-01
-5.392548069357872009e-02
2.644428797066211700e-02
-2.215063897892832756e-03
-3.900478407740592957e-02
-1.276087015867233276e-01
-8.491343259811401367e-02
-3.465944528579711914e-02
1.108515448868274689e-02
5.007205531001091003e-02
-6.119174137711524963e-02
1.418664306402206421e-01
1.921945363283157349e-01
2.585621923208236694e-02
5.515719763934612274e-03
-1.015184447169303894e-01
-7.812676951289176941e-03
-9.272260963916778564e-02
3.463598340749740601e-02
-1.014198213815689087e-01
1.622018814086914062e-01
1.845434326241957024e-06
-1.182050108909606934e-01
2.268508635461330414e-02
1.693405956029891968e-02
-3.182822465896606445e-02
-3.466956317424774170e-02
6.976220756769180298e-03
-3.469516709446907043e-02
-3.288513049483299255e-02
-1.915539987385272980e-02
3.700842708349227905e-02
