-3.322595545559796359e-02
1.626834214535690659e-01
-8.477632576328969494e-02
-3.777334380939630781e-02
1.537871156210402455e-02
4.305569075548331542e-02
-1.103518644901534118e-02
-2.004395857060429706e-02
2.029592589650712139e-02
1.290320853194955708e+00
-9.608870602787666915e-02
9.645725775734628749e-02
6.471628363905146397e-02
-1.110749835953056194e-02
-7.732934433312088802e-03
-1.483388302415826997e-02
-2.743201067342213376e-02
1.162722406172690626e+00
-1.942464659197188082e-01
-7.518612021435466808e-02
-1.363674249673791673e-02
-4.256026191414499782e-02
-1.004788238022687463e-01
3.484830474807480618e-03
3.339796315449073544e-02
2.083830021203538982e-02
-7.260183873996862991e-02
9.214590196120949275e-03
2.066071821684743390e-02
6.251666396397755066e-02
-2.997975870485880545e-02
3.961820975876614338e-03
1.928072191497465920e-02
4.243093352610420588e-02
7.300149103587159904e-02
-6.437724150349967422e-02
-1.704516835789009199e-02
3.733020787764737558e-02
-8.492167141444292161e-03
-2.564455599846135123e-02
1.158336192173452239e-02
4.192191070849423523e-02
1.172568914447633115e-02
-2.686703865568243477e-02
-1.912988298927472547e-02
-1.520530734289205280e-02
-6.458427416769746410e-02
2.585175954489229641e-02
-5.805018540133047994e-02
-2.139751232001976117e-02
1.492419870374630392e-02
1.571582096067398668e-02
-2.473938986321878863e-02
-9.838021615070446577e-03
-2.646379783288330470e-02
-1.213540710364514105e-03
1.959555033271359950e-02
3.643125611051295596e-03
-1.727299709523773610e-02
-6.008949986423701289e-02
3.210135001678181277e-02
1.727159468242774401e-02
-3.420905567413865672e-02
1.589477826321426535e-01
-5.691272254759247029e-02
-2.968884643414740690e-02
-3.509537688724695403e-03
4.815081559143637169e-02
-2.083561544591541834e-03
6.533166002307970455e-02
3.559098029362517401e-02
7.406944606815302201e-02
8.185121083614915749e-02
2.061952528679931312e-02
9.801431898833946887e-02
-4.896469083986378264e-03
3.315474028493256911e-03
-3.990120178528329398e-02
3.355089980691486340e-02
8.793890806960115436e-02
-1.611877305142400338e-02
6.687660629299160830e-02
-6.544988695845652127e-02
1.129507991160321086e-02
6.013688138274603245e-02
-1.582333416928136116e-01
1.670812672296431017e-02
-6.673122086752548976e-02
8.821404614244554576e-02
5.054084226792071588e-02
-3.040510520688771007e-02
5.559371794485006013e-02
-1.226867996185437154e-02
-4.776210565094581723e-02
3.215481847828546152e-02
-4.300188936824956426e-02
-2.948579709372925808e-02
-6.050968601744931112e-03
-1.431607744901345486e-02
-1.727475453061832339e-02
3.490026841474084401e-02
3.150042202019097404e-02
-8.681235810882158288e-02
-4.092571663883839972e-03
6.334168927811802130e-02
-5.215658092228323550e-01
8.980916107901405765e-02
2.982465656206631163e-02
4.950995689525131138e-02
2.802703734047849032e-02
-5.847334431615051897e-03
-1.061109254321788431e-01
4.135756034853375895e-02
-2.839777223778887361e-02
-2.071323209484176101e-02
2.944322237458893779e-03
-1.231803767446486807e-02
2.750834494546853387e-02
-3.333230018328003225e-02
-2.750346890933295235e-02
-1.135943180361129526e-02
-2.363696081352199482e-02
-2.839471698130996077e-02
-9.262482888206722415e-03
-7.487424835387376798e-02
3.584273990922735853e-02
-2.725594599461473450e-02
-5.854403505513485623e-02
4.888587140982320446e-04
-4.331872565222802396e-02
9.018798931243588932e-03
1.031955684698002834e-01
-2.421914774312888471e-02
-1.072200387761249502e-04
3.946190186504405090e-02
5.370412578063717829e-02
2.205315945928618820e-02
9.489960285790518396e-03
4.501072197625656524e-02
3.415823883349423679e-03
-4.950390412870331325e-01
5.913225884156459583e-02
6.947288487864297646e-02
-5.524685573744757966e-03
4.265798003529837346e-02
-3.138585432159989030e-02
-2.850496548414590062e-02
1.441095170679531365e-04
4.994153470629940361e-02
-1.818882863882519824e-02
1.316210088981325035e-02
-8.488562410198441030e-03
7.209996351369697687e-02
9.071801885974175098e-03
-8.048776506780606910e-02
-2.122777912257512237e-02
-6.248591694699209831e-02
7.843026048580523102e-02
-5.033687885486748392e-03
-4.751099715557684233e-02
4.600354775085983144e-02
3.620281529068364312e-02
-3.440387320491160306e-02
-7.486718325740662761e-02
-1.346418709082543852e-01
-8.664951323312013176e-02
4.378939719347734599e-02
-3.453326935659657010e-02
1.037556968601037882e-01
4.284615967518705382e-02
8.893811541173897439e-02
-8.117183758268342250e-03
1.066956255091112103e-02
-4.734290796306492299e-02
-7.263205543278224152e-02
1.326711538769761133e-02
2.153224706836797883e-02
-2.778852109794545389e-02
6.442772836465938957e-02
-1.038086349974355893e-01
4.657835728198726939e-03
-2.984909566765220693e-02
-4.785745204455288393e-02
-7.365769648864116392e-02
-8.626577066237253733e-02
7.631218257152069979e-03
-7.220476146254449501e-02
-3.386000882577271803e-03
4.614355038598171727e-02
1.306451240345743101e-02
-3.898699656915615569e-02
1.137969534290525324e-02
-5.158170952000241255e-02
5.495868421151873379e-02
4.437777123842243099e-02
7.982899638153924393e-02
-5.626768925737645616e-02
-8.010926092137814203e-02
-1.338619054712484047e-01
1.055742373702709264e-01
-2.281781252239146324e-03
-1.080019200092017101e-01
-4.227604056673504862e-02
6.147164839837385847e-02
1.384857665706269170e-01
-4.868909167961443102e-02
1.375537896022521571e-02
2.695957727742412380e-02
-4.435893589158571015e-02
2.092270830131746570e-03
-2.764240500362034544e-02
-5.849334784928799519e-02
-2.042456928249260922e-02
-1.544164100683340368e-01
7.982316428877164402e-03
4.967231269421649997e-02
-4.764435895356905482e-02
5.114732688333433613e-02
-9.863348424395100567e-02
5.792974288941350053e-02
6.736247751425511465e-02
6.585803475296792692e-03
-5.531968766027575007e-02
-2.347903616763712120e-02
-1.912371207828621883e-02
4.061195991786339249e-02
1.963564578635054042e-02
-1.847676372856076055e-02
9.121618770930127462e-02
8.627878128205515584e-02
-5.426256302608158111e-02
-7.581222093163579590e-02
7.014953138199180038e-02
4.556704676374977170e-02
-9.359473286746515519e-02
-3.540880215561455213e-02
-6.586024591013998897e-02
-4.386206633624720880e-02
-8.855627611551922240e-02
2.784689800428407497e-02
2.042110302478051739e-02
1.129069810813333394e-02
-2.445744043929225838e-03
5.336478312805467000e-02
3.712249168451698528e-02
-1.077492264338080069e-01
-3.237030686677879604e-02
-8.325549156572437104e-02
-9.735539120482109010e-02
-3.585240064789115000e-02
5.979405626810173346e-02
4.814240406082181956e-02
2.631157122560037406e-02
-8.933704293127375795e-02
1.339579412862788865e-02
2.043503081065588534e-01
1.162474355880045856e-01
-3.987121784585621193e-02
2.196217940136064792e-02
3.547013930201796568e-03
4.221604617167230150e-02
1.245407274821999644e-01
-8.588753167803053756e-03
6.205584761358836493e-02
3.078920721957400727e-02
-8.360108025855306213e-02
4.111450394184064383e-02
1.468273768893682552e-02
3.451968421906112527e-01
-7.149673744569480516e-02
2.966125189973903287e-02
-5.602718724544439657e-03
-3.050559869120708298e-02
-1.123303316199541491e-01
-5.483105875331865248e-02
-5.282232042516442350e-02
4.180104982973058443e-03
8.676989092763832956e-02
-7.447400091640016262e-02
1.381046284808121749e-01
1.507694296634586317e-01
6.446527531602606886e-02
-8.441549908925661747e-03
-8.012581292803053201e-02
1.514057096585937935e-02
-1.028885461292463610e-01
4.364252391408465770e-02
-9.528870612215652180e-02
1.523055666596271063e-01
-9.251877141331155477e-03
-1.132185067579798421e-01
2.094700782852757653e-02
3.833034917957672122e-02
-3.448794726362155311e-02
-1.809071719391102881e-02
-2.065882230793308558e-02
-3.497831150911874520e-02
-4.250258621421136584e-02
-2.719570411493845569e-02
5.137890177170699457e-02
