-1.156592262632077928e-02
1.577632087819282880e-01
-1.038136917697980444e-01
-2.199958491231938582e-02
2.707065384798995958e-02
6.734418885061560500e-02
5.948953872307009491e-03
-2.262654322325138856e-02
2.057105822636579040e-02
1.555021033571876821e+00
-1.410908725181408141e-01
7.154474493171050775e-02
9.370877006458402936e-02
-1.316284447198119018e-02
-6.168230550765869957e-02
-4.110334628300810200e-02
-7.033050424166613357e-02
1.264044356342011177e+00
-1.535741656474771122e-01
-7.007362744719158876e-02
-2.618628150134010013e-02
-3.043220782743264428e-03
-7.310278449738799589e-02
-1.711716313322361044e-02
4.779280340401734911e-02
2.208543029098619659e-02
-1.942160838626299027e-02
-4.090699126859547591e-02
2.350585839819773967e-02
2.525355078277736337e-02
-3.193024509425040902e-02
6.834142847846744195e-02
3.206034849534090264e-02
3.465736600546270169e-02
4.172465468086485052e-02
-5.314436554881652591e-02
2.186922177062779193e-02
3.890196254847781004e-02
-3.960915850509898195e-02
-9.208326454277412920e-02
-1.730075422809746605e-02
7.548218156388386557e-02
3.512157351975030151e-02
-1.794566572057743753e-02
-5.518673919535931754e-02
-1.284495749631443633e-02
-5.593932093701408509e-02
4.449019944099915497e-02
-5.203212077481517844e-02
-2.688569966996160257e-03
-2.558491540963463672e-03
4.263022141656361286e-02
-2.706795432174260996e-02
1.382766275053024310e-02
-3.062518843403608249e-02
4.942947111165922613e-02
-2.163580377044251740e-02
-3.453349415879352485e-02
2.303844075648113499e-02
-3.799743921519373180e-02
1.443384070337151021e-02
3.021386144212670488e-02
-5.397817727845698188e-02
1.124797748651941848e-01
4.996393734854236851e-02
-2.720804774595241698e-02
1.114069729224730076e-02
3.719442117681726750e-02
-8.230651842703719592e-03
4.460840139454684550e-02
8.210726297591226797e-02
8.690100886979076900e-02
1.123562804193983938e-01
-3.459721496625876164e-02
5.734717271512098508e-02
4.650677385283632018e-03
5.321687535662162488e-02
-3.664822443278691055e-02
9.754873515118483301e-03
1.645896713000009060e-01
-3.243131579384826019e-02
6.900704817887118314e-02
-6.485972782097651490e-02
-1.823967210097876199e-02
4.214242412768361146e-02
-1.204929633296354524e-01
-3.010384908753171301e-02
-4.335321048973384689e-02
1.533908109831504107e-01
1.807628638286499709e-02
-9.150225367817554911e-02
6.416753909908567977e-02
1.574280679263319327e-02
-1.143795154016497180e-02
8.393898921496639742e-02
-4.724040396563247007e-02
-2.426927598492925608e-02
-1.830392015966418942e-02
1.085488495080894934e-02
3.939652641301728819e-02
-7.327337857218362872e-03
2.589991859862761717e-02
-8.488050227385358915e-02
-1.560333524736256302e-03
5.388896859200667522e-02
-6.758354891655224961e-01
8.193045288673128645e-02
6.254148301600165327e-02
8.288526821640311570e-02
3.918965301426258901e-02
-6.499973022497567213e-03
-1.178112504035081359e-01
9.240291864253044607e-02
-1.226429850253016665e-02
-1.075491811946170835e-02
-5.055284255141034855e-02
-2.144537616974734676e-02
5.472132399827685234e-02
-4.607089193910095942e-02
8.476396976416939247e-03
1.773318902885537979e-02
-3.545141522308316306e-02
-4.592049547104743584e-02
-2.509591487797004777e-02
-3.706187577007537953e-02
4.429137134086320871e-02
1.735523315417477480e-02
-3.032648230275840351e-02
2.829053113107876313e-02
-2.746116607172896865e-02
2.863918515794786068e-02
8.803320260995881053e-02
-3.218585426579137487e-02
-1.472142571891225590e-02
2.302907677481063481e-02
1.584044039858078720e-02
1.214646284983018562e-02
-2.049178378540570875e-03
5.913657677623143649e-02
7.916822481427259611e-03
-5.877232010925409478e-01
4.337133017166713844e-02
1.976562260239445035e-02
-1.414860223326123295e-02
-2.254849228262277919e-02
-3.541041394819637728e-02
-1.455934980382968952e-02
-4.337545494121284456e-02
9.743195178092009523e-03
-1.004505704667281972e-02
-2.592443189535726875e-02
-1.302196849596037181e-02
7.617791341397434079e-02
1.047366788858117466e-02
-5.028863529997135845e-02
-1.889695235208301016e-02
-5.363840993215380354e-02
7.630843195602557416e-02
4.465834485012798276e-03
-4.893427676566066559e-02
-2.053180770303066061e-03
4.482312029145790050e-02
-2.549593316370836471e-02
-1.119647691933474548e-01
-1.255876442399498083e-01
-1.258776035509852342e-01
5.150535795575959808e-02
-2.605117642867453912e-02
1.084985863717685267e-01
6.022323377101652248e-02
8.083651427509479237e-02
-2.112079365858551480e-02
6.407244517901552680e-03
-6.573131071802851277e-02
-7.839857567311976638e-02
3.627135192061346769e-02
5.178973617387904599e-02
-3.846757858320905971e-02
2.166549855916338405e-02
-5.288116173969974187e-02
1.610836726862786838e-02
-8.036940743409745624e-02
-8.869584750347812852e-02
-6.554046575636747474e-02
-7.102740825446927919e-02
3.311770586231961577e-02
-6.269972498221154655e-02
1.060699473713149973e-02
-2.922276900850094908e-02
-7.748659451007648084e-04
-1.919790290855482792e-02
2.124084487641284685e-02
-6.035969304681603614e-02
9.881965701240304212e-02
-7.522852044685115862e-03
4.283110968146727066e-02
-4.687254911432806037e-02
-1.013982551398979748e-01
-1.234630638031607719e-01
1.681630448496449215e-01
1.696366531799282582e-02
-1.188713383768061210e-01
-8.484346370813744542e-02
6.052461278847989790e-02
1.459218700982286565e-01
-5.232246192673428720e-02
2.553242560816064086e-02
-9.387766805545452037e-03
-5.126824808703045466e-02
-7.134916830659925654e-04
-3.804719841034844702e-02
-8.817213053147135438e-02
-5.332720073194101990e-02
-1.269069666531785212e-01
2.334991517793270032e-04
5.527607220209733441e-02
-6.839263511697189768e-02
5.980157487519664056e-02
-1.609486497538032135e-01
5.327016879995544185e-02
3.802192143185145756e-02
4.848150227783182969e-02
-5.722643995571640579e-02
1.253143283074311352e-02
-3.586859178977986479e-04
1.752188893985626161e-02
7.148317530922362883e-02
5.994588408916279310e-02
3.102116631042392200e-02
1.050251041732970791e-01
-6.455160886791530550e-02
-4.377919395556181814e-02
7.602307249563529379e-02
5.897385483965382480e-02
-9.554725399927709029e-02
-4.671079954000072892e-02
-4.574760147092922502e-02
-6.903187227632009981e-02
-7.618571895203822553e-02
4.177999940894583375e-02
3.967154508947650510e-02
3.920894929891882708e-02
3.476264308909914058e-02
4.759266994086048391e-02
5.271229926891145973e-02
-1.805116369472506976e-01
-1.443260749051755894e-02
-8.518049600811107569e-02
-7.272818971048575221e-02
-2.090271589390122961e-02
2.850929487735057860e-02
2.328816247439712342e-02
3.853189102204347769e-03
-5.004255661048621212e-02
3.286090676802488203e-02
1.592352320285433664e-01
9.590077649741300669e-02
-8.526867461217753352e-02
-1.270445670116187621e-02
-1.344406806280007416e-02
1.056643946127685946e-01
1.021803185497803940e-01
1.930143062814281690e-02
5.619899049795176738e-02
1.379719651002405192e-02
-1.070741777953452267e-01
3.030921732280309616e-02
1.953645147203745408e-02
4.296391216480408559e-01
-6.575439433144954215e-02
3.101357833286352145e-02
2.749617111273903666e-02
-4.849654947265465144e-02
-1.173587423162958249e-01
-7.384521637555355178e-02
-3.359030055601715942e-02
-1.095392160000352444e-02
8.602986109374573254e-02
-1.846743685808107521e-02
1.362097472220454020e-01
1.583606565645658548e-01
5.551137498664444891e-02
3.987136331190382910e-02
-6.153190903960517599e-02
1.940706513260641308e-02
-1.721042288504905649e-01
6.936508616745701294e-02
-9.257132823227064156e-02
1.553840381559564721e-01
-5.076178055494302843e-02
-1.348615647420275954e-01
2.598387031291203228e-02
5.656475410441653973e-03
-9.942430649170705403e-03
-2.800134937684278010e-03
-6.381829233084485020e-02
-3.155375220295549704e-02
-5.364997171891055378e-02
-2.144919013857378778e-02
9.393058409791493757e-02
