-3.440483886555499582e-02
1.728097573971915657e-01
-7.788704002632898526e-02
-2.850264661171013000e-02
5.384304933028251361e-02
4.166220340709628905e-02
1.910233824438811333e-04
-3.631023604668170979e-02
-4.114849431105817128e-03
1.286238402708124395e+00
-1.077054405403711085e-01
9.796161923269809668e-02
7.850702498119357942e-02
-2.250292870799899814e-02
-3.819238313900033543e-02
-2.407169098441156938e-02
-1.954989969909729300e-02
1.115898633400200568e+00
-1.632893210882647994e-01
-5.348070578924273011e-02
-1.258285109233951878e-02
-2.624822057317786547e-02
-7.222951406302240140e-02
-4.227536532122409124e-03
5.230254892281009649e-02
-4.780578307187186883e-03
-6.822023361751922144e-02
1.703443154169539779e-03
6.566195330784019291e-02
5.832752815738883462e-02
-2.312116851857656460e-02
1.143612396434093986e-02
-1.435804157263457018e-02
5.957383217360414512e-02
9.048724950894349028e-02
-7.882138603309929437e-02
1.295424032514209262e-02
5.062476491975927834e-02
-2.323022452774991739e-02
-1.743675688523904990e-02
9.228711525200601878e-04
-6.708228118600593863e-03
3.804749208563189267e-02
-3.278316394495987829e-02
-3.523796323867435520e-02
-2.927766249595139744e-03
-7.025307693915078255e-02
2.222495775085673794e-02
-4.970727612525074890e-02
-1.952460735069792841e-02
9.338051589664827373e-03
5.419885306962554661e-02
-2.669297606360748754e-02
1.921525073266674944e-03
-1.925442832403460522e-02
2.854046351293463776e-03
4.519301720264961263e-03
1.019902644130307560e-02
-6.776415672799649369e-03
-5.167942303472918691e-02
-1.435824400284185960e-02
1.235347991402593187e-03
-4.783912283726178376e-03
1.428834550526579816e-01
-5.775491187102975432e-02
-4.710564636618187750e-02
9.959011964278251250e-03
3.085458850509862835e-02
-3.377626695189735878e-02
8.967752214978268188e-02
1.768435678128134347e-02
5.940424789994985105e-02
6.308657091064860667e-02
1.324275152932756668e-02
7.895728853226345600e-02
4.994236860973545918e-03
9.829422349078485721e-03
-2.434933217621614715e-02
1.805259691835924343e-02
1.299455397442327020e-01
-4.638607554434135555e-02
6.497152917084586532e-02
-5.178787991578903682e-02
4.988796794027917231e-02
3.535111519454196133e-02
-1.740089670051822024e-01
1.177821485289200915e-01
-1.149175782556001307e-01
1.096764120486459354e-01
5.132395885573386857e-02
-2.828960840855901035e-02
3.766843172747409013e-02
-2.481217660141883836e-03
-5.678526464811099739e-02
5.755231841357405509e-02
-4.710943377006018146e-02
-3.826771003113507014e-02
-2.033784458845286011e-02
-4.349165661045636955e-02
-1.989172595912738067e-02
2.969773905048478727e-02
4.401410938544800949e-02
-9.624303248286526780e-02
-1.130084752956786974e-02
4.242260309574556743e-02
-4.225087763289869791e-01
6.569540653209629544e-02
2.020101809334252929e-02
4.510583834837846723e-02
5.986120470787362202e-02
2.099344746479020474e-02
-1.166644856444332967e-01
3.643420169362253380e-02
-7.820996191700099742e-02
-3.035150699494316290e-02
5.280470725327023052e-03
-7.934449507376295160e-03
-2.250606311120862540e-02
-1.187744793625668607e-02
-5.793495068538950105e-02
7.898087165141256388e-03
-3.324231524325580757e-03
-1.728542071527081406e-02
-8.456020731465228521e-03
-9.732011790580073762e-02
5.461237227306920544e-02
-2.002334110077628581e-03
-7.696579974297894366e-02
5.182581598963557218e-02
-4.452603578966064790e-02
1.849415107301069852e-02
5.396360304872951930e-02
-3.930982073825643741e-02
-1.074487133274824521e-02
2.759579193309093931e-02
6.934694709127382783e-02
1.162656181434929860e-02
-3.721902687228351853e-02
3.476569356507021313e-02
-7.356581463139418367e-03
-5.663230315947843652e-01
6.627666201730190998e-02
6.589774531929121215e-02
-2.206275605788720132e-03
3.414373981318957058e-02
-1.089562796462303570e-02
-1.236824405508191171e-02
-2.248792071200580913e-03
1.923306377465730521e-02
-3.936768639251086305e-02
1.944926413354647332e-02
-6.888565272640838864e-03
9.077448491307255063e-02
9.817256946621112992e-03
-7.513673834002006224e-02
-1.078022682957727359e-03
-7.534370690195586751e-02
4.521016173520561732e-02
1.528171918098044160e-02
-1.522815006706316771e-03
5.433392625794048608e-02
2.306259435859662338e-02
-4.189670900723002633e-02
-8.568909201563022771e-02
-1.030686656323136080e-01
-6.468153157388832619e-02
2.730288685065613424e-02
-2.577546767907890404e-02
1.037411061308926713e-01
5.674139606318957113e-02
6.099435023821464519e-02
9.171591107959294054e-03
-1.599117012495820944e-02
-3.933505268409395045e-02
-5.720643701939150810e-02
-6.941875430980441568e-03
1.602031191229939810e-02
-3.434025056941658605e-02
4.525211376316449347e-02
-1.159898445336007972e-01
-3.732593450925693682e-03
-2.544472610539953022e-02
-3.768532811977599178e-02
-7.314100504638916533e-02
-6.251562630600134007e-02
-1.406666451176446023e-02
-4.987541726742727999e-02
2.632993544435389618e-02
6.156773706536275426e-02
1.266128790015881057e-02
-1.753150238475844128e-02
1.724004859630976286e-02
-2.386590108868271581e-02
4.647714301759445221e-02
5.156721466482781790e-02
1.812583420835423009e-02
-5.205670070106151875e-02
-1.085885259946506171e-01
-1.062367440864259438e-01
1.180140029463390139e-01
4.654438984270519580e-03
-7.522303890839183993e-02
-4.754241565843363160e-02
4.636258384528586102e-02
1.442284797099632199e-01
-4.882479469658976973e-02
1.055011469956745190e-02
1.363699823428619201e-02
-5.260601792356235651e-02
-4.726814721508274648e-04
-3.671155066762788605e-02
-4.977766959733366525e-02
-1.052849466367853509e-02
-1.333159112754931375e-01
3.711786400869274832e-02
6.248562092527582684e-02
-5.722084221414242694e-02
5.730524255056837490e-02
-9.358320403920093733e-02
7.032391445168839628e-02
5.783513300317619232e-02
1.143618110189944907e-02
-3.980969275012537917e-02
-7.746881595306753278e-03
7.478028160000835776e-03
3.098110085464727409e-02
-1.557970624111919104e-02
-1.084483920511534680e-02
7.443639512286860660e-02
6.172893681043129660e-02
-7.054081515379471978e-02
-6.793975677031093008e-02
7.145072587554329724e-02
4.478157127632898665e-02
-7.130759465897693050e-02
-2.042227267740722232e-02
-8.978305358784686996e-02
-1.838575785951604771e-02
-5.931008520352724911e-02
4.064730323783851546e-02
7.610344869243146002e-03
2.157754350290454551e-02
-8.130097486469825552e-03
8.228896977390505463e-02
5.663680494608826221e-02
-1.021911437437311998e-01
-4.091992122199933357e-02
-6.731667006227014249e-02
-1.007851092339518556e-01
-2.858401376003008934e-02
8.310272614719158013e-02
5.033924037738214674e-02
5.883090759909938468e-03
-6.949907665705450099e-02
3.398267066825476357e-02
1.819628285899364817e-01
9.456185614134068884e-02
-3.611298739969909938e-02
-8.460415425965395978e-04
-3.534557938137328475e-03
4.754135779735038647e-02
1.204641267552657991e-01
6.743300376389585113e-03
7.981644804204279797e-02
5.990351833495277667e-03
-9.330481026412570933e-02
1.426220392949682433e-02
6.070806413380766889e-03
2.732785073971915613e-01
-6.105221915747241490e-02
-1.075887370771167655e-03
-3.546734359980984429e-03
-2.451709294550317650e-02
-9.979667518179538566e-02
-8.250828004847876596e-02
-3.277320241975927723e-02
2.213328421135803397e-03
4.848881605754764429e-02
-7.333614776621531772e-02
1.375866923687729948e-01
1.723522390086927314e-01
2.277441536850133633e-02
2.858435985038448521e-02
-9.970124566407556621e-02
-1.164590369415538333e-02
-7.163469575392844568e-02
3.903166530842527848e-02
-8.832852724841190606e-02
1.455584984119023817e-01
1.655355715584252638e-02
-8.655704091440989678e-02
2.128712033316747145e-04
6.208354066104563793e-03
-3.924457291144266280e-02
-1.903622488559428283e-02
-8.203623168088248509e-05
-8.934071093488800061e-03
-4.478331805311768637e-02
-3.034202542523403712e-02
3.979447456954195855e-02
