-1.136860487613299692e-02
1.361552484491048431e-01
-3.939719853028710028e-02
-2.039646107230428523e-02
2.144765936822103439e-02
2.787584974752485220e-02
-4.241182655209387205e-03
-4.230446816531417686e-02
-2.832619630149534051e-02
1.705209635390832146e+00
-1.327846891885412217e-01
2.941327222343471937e-02
8.574332809203520644e-02
-5.447349367448066360e-02
-8.040938754522065912e-02
-3.846614991518025606e-02
-5.143520450363087831e-02
8.315029091684689178e-01
-1.438029761727611100e-01
-3.786995160789633635e-02
1.101434641957955464e-02
-2.836411162166921351e-02
-1.102161478742567924e-02
-2.684027000590679529e-02
4.330790497708379011e-02
1.972609521894820236e-02
-3.562934057917997721e-02
7.298183251314044849e-03
1.574343653224059836e-02
2.207248429121880153e-03
1.047607142539747939e-02
6.817188130361169496e-02
-5.555433702952322639e-02
4.902026890174136786e-02
7.218752738454263518e-02
-6.121125371396400616e-02
-2.447574069245897835e-02
1.618679324628975735e-02
-4.188213909859592882e-02
-9.573404402163398705e-03
1.195066849672914849e-02
6.065347449910054450e-02
-4.253264712190524093e-03
-3.945135404679470797e-02
4.136656776325742246e-03
1.461266644118337614e-02
-7.276519268590901646e-02
1.682064045573252592e-02
3.575805438818178278e-02
-1.165967624546966619e-02
-2.641026810035597763e-02
4.255024766477021048e-02
-5.648129088047194879e-02
5.899503002521341377e-04
4.096867245782573677e-03
1.246214426058221345e-02
2.504732197515508949e-02
-4.284337206747716731e-02
2.213377617755600199e-02
-4.624097356389258312e-02
-2.129941792604561276e-02
3.220647256334922999e-03
5.092681676677008641e-03
1.264859731205729976e-01
-9.475748475094327578e-03
-3.516043841412703347e-02
3.642606932961612426e-05
9.172547820128404070e-03
7.591422899995680642e-04
8.283328125103338324e-02
1.571951865311038699e-02
3.191426568813945236e-02
5.842323601176894338e-02
-6.490958867306080050e-03
7.983631432164044195e-02
-1.314169023287401752e-03
1.106166871766557126e-02
-1.931754400024305110e-02
-1.372435773430421418e-02
1.490314345614835723e-01
-3.317835942718563857e-02
5.910820480165737689e-02
-5.330372482998849137e-02
-1.580943876981607404e-02
2.328525744363537861e-02
-1.839033761730917982e-01
-6.157309781799964049e-02
-1.202546850302242676e-01
1.228387653932131035e-01
6.023400660039814059e-02
-3.483443641371202631e-02
-2.429956088110851037e-02
2.999934059119300708e-03
1.438758035554850087e-02
9.885940021444680759e-02
-6.514369341216774689e-02
-2.470136284343316460e-02
-1.006063531932236722e-02
-3.347597902840056261e-02
-5.776251933452047904e-02
1.338929429206927105e-02
1.844769079585887803e-02
-7.904792367297606981e-02
-2.898168795634015193e-02
3.845835436259532197e-02
-5.105282199261919063e-01
2.612912766436099182e-02
4.793721024053755608e-02
5.232378124317969836e-02
1.574290369621055702e-02
1.055540425165175239e-02
-5.568720373025005943e-02
4.351505224970735053e-02
-9.752080631047334303e-02
-5.436535702416618598e-02
-4.335360939122404750e-02
6.773073343710524566e-03
-2.931926380118946018e-02
-1.390289332676931076e-02
-5.417328093791955179e-02
5.186331403394774109e-02
1.362382126336365677e-02
-2.386817037257031940e-02
2.791600943764343395e-02
-3.503260620655674479e-02
7.274978242205842882e-02
2.536329697027753932e-02
-4.040357078418582715e-02
2.684916513829917542e-02
-9.268154750463780331e-03
3.067685250230650293e-02
-3.068791934518495107e-02
-3.558323250138059612e-02
-2.526227610294604076e-02
1.128677579381072091e-02
3.480312826031064372e-02
-3.366109918247323085e-02
9.602801611802510781e-03
2.402042261686276187e-02
-8.321795980093815021e-03
-6.642428246298023309e-01
5.844845691719079833e-02
9.128777439311719366e-02
-2.165033081819226542e-03
7.756752434020819723e-03
9.890979520030604780e-03
-1.358453671605804741e-02
-2.652789084665978930e-02
1.330232899334834670e-02
-1.876736173544423653e-02
-9.272343971918133379e-03
-1.859401079901688500e-02
1.083013644632546957e-01
1.389984485881563120e-02
-5.465496793838416079e-02
4.998005836937759183e-02
-5.777416422375878519e-02
-2.593937022217234281e-02
-1.764469721066215524e-02
-5.265061802004176311e-03
-5.100859902410790313e-03
-1.219904516816795910e-02
-9.320391249935930378e-03
-2.355368570367733991e-02
-1.180565717115401175e-01
-1.063621771620768125e-01
3.982157820839368062e-02
-4.081658006434230740e-02
1.043215378807794830e-01
9.513368313469723614e-03
2.591775806986303110e-02
-1.111096250906273321e-02
3.021706667733113638e-02
-1.281317582984464569e-02
-3.197233835679517272e-02
2.566544890705706877e-02
1.643877463420451157e-02
-9.939009036847400516e-03
2.241322607014659130e-02
-8.207438065464971177e-02
4.641774433884000330e-03
-2.656974108018276756e-02
-3.847507249670145679e-02
-6.929301352114375367e-02
-1.187642667654370369e-02
-1.323401618498806255e-02
-2.722397168975648762e-02
5.359921954570180842e-03
3.130204677755236281e-02
-2.127152961116429708e-02
-2.783280628422551278e-02
2.973407180661098020e-02
-2.350862876604630988e-02
3.420605481021374988e-02
-2.232070635947616677e-02
6.270664350037698231e-02
-2.425169282975536342e-02
-6.912970735120996246e-02
-5.709412981843944856e-02
1.097540304879863482e-01
4.580799423519209268e-03
-2.351044363785771349e-02
-5.340722419218699168e-02
-1.246816530772165525e-02
1.480265768536338511e-01
-1.421176061218196694e-02
3.772890183747180937e-02
-2.282107652873950968e-02
-1.108590226177721266e-02
4.593293217432648304e-03
-4.397895544400574203e-02
-3.358871744442901153e-02
-2.111864280759971624e-02
-1.136188936603440419e-01
4.437106140523832537e-02
8.567998196133674860e-02
-5.975591382115433975e-02
2.161041655557842736e-02
-9.692078127170096480e-02
2.161098007004656069e-02
2.540170960407945114e-02
6.433377457323515534e-03
-1.523297800080851590e-02
1.152739485704855349e-02
-1.209212031615816176e-02
2.252193592285701984e-02
9.341992906990106635e-03
6.732470430894228752e-02
5.479090248292031035e-02
2.996495450239082536e-02
-1.017178685277408540e-01
5.419809817968228305e-02
2.556027999196444633e-02
4.373008549557548530e-02
-6.520444963682929529e-02
-4.218788041263235589e-02
-5.608857457978677630e-02
-3.182879878892118375e-02
-1.985446026254852891e-02
6.383531938437067565e-02
9.492829906493671296e-03
2.463393970977758446e-02
1.631190637545220506e-02
1.817523074318961804e-02
8.275929131697122576e-02
-6.439468096077789749e-02
-3.632155916838621101e-02
-7.602840970623929440e-02
-1.066227436686937452e-01
-1.234444340536036341e-03
5.886895819486055031e-02
2.352873606023441963e-02
-3.141033520540267160e-02
-5.239147725346884887e-02
4.650651966540842591e-02
1.434056936287639861e-01
5.957854723864605684e-02
-5.803266397244102176e-02
-1.230912263335548831e-02
3.352304621105401533e-02
7.523489737306798819e-02
1.002590151464421986e-01
-3.415758287802656001e-02
1.460746531566833872e-01
2.003363525824967267e-02
-1.002807483978492425e-01
8.333221276301561523e-03
-1.132538036968254187e-03
2.247638522383815229e-01
-1.937105688420533850e-02
-8.733796908429809075e-03
-1.962066311514983064e-02
-3.551368609687803601e-02
-7.044955834416315177e-02
-4.058227107142384910e-02
-1.341845899144072929e-02
-1.316848138992984677e-03
6.017695762278195415e-02
-2.421382271991131055e-02
1.224511320253235669e-01
1.681615655980701340e-01
1.820817615639239856e-02
4.157452801449044999e-02
-6.274467830499394494e-02
-2.063997844061460363e-02
-3.857239096095150394e-02
6.196380548831702945e-02
-6.548374613722941773e-02
9.893375183114752613e-02
-3.723708126450864242e-02
-1.462124284075051461e-01
3.522332598290874028e-02
2.295708050342503206e-02
-5.507240217957191410e-03
-1.907782268498310271e-02
8.233212797427134910e-03
-2.708475778165363862e-02
-3.143545923154632965e-02
-3.365928753997109862e-02
3.365635209784197113e-02
