-5.189025402069091797e-02
1.725238114595413208e-01
-7.335654646158218384e-02
-5.549924075603485107e-02
3.085892274975776672e-02
4.304475337266921997e-02
5.280617624521255493e-03
-5.176919512450695038e-03
-2.847853116691112518e-03
1.368487834930419922e+00
-1.475926786661148071e-01
1.198554858565330505e-01
1.062525212764739990e-01
-5.330362170934677124e-02
-5.113999173045158386e-02
7.099964655935764313e-03
-3.954472765326499939e-02
1.128698468208312988e+00
-1.625375002622604370e-01
-4.674974828958511353e-02
2.195635344833135605e-03
-4.483646154403686523e-02
-6.066045910120010376e-02
-1.423121709376573563e-02
5.622705817222595215e-02
4.560951516032218933e-02
-5.719192698597908020e-02
1.472856849431991577e-02
5.829507112503051758e-02
3.693075478076934814e-02
-1.103560719639062881e-02
4.538924433290958405e-03
-1.235774811357259750e-02
3.902528807520866394e-02
6.781452149152755737e-02
-3.951953351497650146e-02
2.953245863318443298e-02
6.562248617410659790e-02
-2.900341525673866272e-02
-5.799552891403436661e-03
-1.594577915966510773e-02
3.447767579928040504e-03
5.294654518365859985e-02
-2.043089829385280609e-02
-4.590657725930213928e-02
-2.600947953760623932e-02
-8.977136015892028809e-02
3.052302077412605286e-02
-3.699242137372493744e-03
-2.538200095295906067e-02
2.955484762787818909e-02
1.399444416165351868e-02
-3.040943108499050140e-02
-1.456753723323345184e-02
-5.226744711399078369e-02
3.035833686590194702e-02
-6.655428092926740646e-03
-7.782019209116697311e-03
6.952199619263410568e-04
-3.853951022028923035e-02
-1.000980753451585770e-02
7.612839341163635254e-03
9.209650568664073944e-03
1.783920526504516602e-01
-4.084390774369239807e-02
-5.801726505160331726e-02
3.352860733866691589e-02
2.956002205610275269e-02
-2.302066236734390259e-02
1.139074265956878662e-01
1.358518726192414761e-03
4.298371821641921997e-02
7.178863883018493652e-02
2.513834624551236629e-04
8.514602482318878174e-02
1.032309606671333313e-02
2.020460925996303558e-02
-6.874882616102695465e-03
2.397422678768634796e-03
9.777638316154479980e-02
-2.698839083313941956e-02
7.302524149417877197e-02
-2.140207402408123016e-02
2.922042272984981537e-02
2.611272968351840973e-02
-2.021518051624298096e-01
6.067093461751937866e-02
-1.018325462937355042e-01
9.425647556781768799e-02
5.645085126161575317e-02
-1.935967989265918732e-02
1.288834773004055023e-02
-2.452201396226882935e-02
-5.530670285224914551e-02
7.860636711120605469e-02
-9.038469940423965454e-02
-4.234895855188369751e-02
2.980266511440277100e-02
-2.172989025712013245e-02
2.240583766251802444e-03
1.221619639545679092e-02
5.274415388703346252e-02
-1.214615255594253540e-01
3.004628606140613556e-02
6.009394675493240356e-02
-4.361000657081604004e-01
5.157986283302307129e-02
1.214848738163709641e-02
7.622108608484268188e-02
2.712796814739704132e-02
1.549411285668611526e-02
-1.049823611974716187e-01
2.946029044687747955e-02
-6.038335710763931274e-02
-4.425891861319541931e-02
-2.580436505377292633e-02
1.104430947452783585e-02
-1.889052242040634155e-02
-1.838853582739830017e-02
-3.084986843168735504e-02
7.307782652787864208e-04
2.309498190879821777e-02
-1.547409966588020325e-02
-9.905479848384857178e-03
-1.150479912757873535e-01
6.365437805652618408e-02
1.503840903751552105e-03
-4.448208585381507874e-02
6.925931572914123535e-02
-1.530377101153135300e-02
4.938241839408874512e-02
4.487475380301475525e-03
-2.087728865444660187e-02
2.901420812122523785e-04
3.156128898262977600e-02
7.514201104640960693e-02
-6.177737843245267868e-03
-2.423671260476112366e-02
6.031261011958122253e-02
2.205968461930751801e-02
-4.686753749847412109e-01
5.654476583003997803e-02
6.139632314443588257e-02
-2.486108429729938507e-02
3.979432396590709686e-03
3.869922459125518799e-02
-3.831731900572776794e-02
5.824007093906402588e-03
3.764919936656951904e-02
-1.995727233588695526e-02
-2.466960996389389038e-02
-4.146637860685586929e-03
7.815092802047729492e-02
2.667323127388954163e-02
-9.085841476917266846e-02
1.640298962593078613e-02
-4.352011904120445251e-02
4.618473351001739502e-02
-2.585315145552158356e-03
-5.987277254462242126e-03
6.251502782106399536e-02
3.803363069891929626e-02
-3.668477386236190796e-02
-9.345640242099761963e-02
-1.327532827854156494e-01
-6.324271857738494873e-02
2.470756135880947113e-02
-6.323324516415596008e-03
1.219089925289154053e-01
5.576839298009872437e-02
6.007748469710350037e-02
8.071815595030784607e-03
-6.097901612520217896e-02
-1.332008838653564453e-02
-6.935877352952957153e-02
5.924784112721681595e-03
4.099934175610542297e-02
-4.020812734961509705e-02
5.483157932758331299e-02
-9.128911793231964111e-02
-1.437076251022517681e-03
-1.158019807189702988e-02
-7.096518576145172119e-02
-4.855184257030487061e-02
-4.305696859955787659e-02
-2.221056632697582245e-02
-2.603650279343128204e-02
5.726211145520210266e-02
6.511539965867996216e-02
-1.636990532279014587e-02
-4.033407196402549744e-03
-7.418289897032082081e-04
1.716386899352073669e-02
5.215553194284439087e-02
-2.809128956869244576e-03
2.347454801201820374e-02
-4.686484113335609436e-02
-9.777331352233886719e-02
-1.077861711382865906e-01
1.558565944433212280e-01
-1.515848125563934445e-04
-6.564866751432418823e-02
-2.487882599234580994e-02
6.651539355516433716e-02
1.252101361751556396e-01
-8.183111250400543213e-02
2.049091644585132599e-02
2.272871881723403931e-02
-5.839651450514793396e-02
3.692010417580604553e-03
-3.450233116745948792e-02
-7.384172827005386353e-02
-1.791475340723991394e-02
-1.200221776962280273e-01
2.604821696877479553e-02
6.526207923889160156e-02
-3.318920359015464783e-02
4.982375726103782654e-02
-9.823539108037948608e-02
7.036089152097702026e-02
7.268700748682022095e-02
9.319076314568519592e-03
-4.243247956037521362e-02
-1.504406426101922989e-02
7.857775315642356873e-03
1.287910435348749161e-02
1.535762194544076920e-02
-2.555206418037414551e-02
8.080960065126419067e-02
5.566993728280067444e-02
-4.675623401999473572e-02
-2.250881493091583252e-02
6.043698266148567200e-02
3.125730901956558228e-02
-7.781685888767242432e-02
-4.721353296190500259e-03
-8.298658579587936401e-02
-4.549405723810195923e-02
-3.253379464149475098e-02
1.595430821180343628e-02
-1.551804691553115845e-02
4.508409649133682251e-03
1.722741057164967060e-03
5.296755954623222351e-02
2.816178277134895325e-02
-1.006746217608451843e-01
-1.922401972115039825e-02
-4.111767932772636414e-02
-8.669900894165039062e-02
-2.702490240335464478e-02
5.700888857245445251e-02
7.456589490175247192e-02
3.504784544929862022e-03
-4.964284598827362061e-02
-4.567261319607496262e-03
1.610038578510284424e-01
9.311631321907043457e-02
-8.548519760370254517e-02
-7.072795182466506958e-03
9.791874326765537262e-03
3.680974990129470825e-02
1.272437125444412231e-01
1.890826597809791565e-02
6.320347636938095093e-02
-9.730095975100994110e-03
-1.363974660634994507e-01
1.457785256206989288e-02
2.907187119126319885e-02
3.237397670745849609e-01
-5.743598192930221558e-02
-3.974139690399169922e-03
6.183229386806488037e-03
-1.917144656181335449e-02
-7.980997860431671143e-02
-9.570035338401794434e-02
-2.955879084765911102e-02
2.042257599532604218e-02
5.649910122156143188e-02
-7.290542125701904297e-02
1.606194674968719482e-01
2.023410201072692871e-01
-2.082708477973937988e-02
3.335381299257278442e-02
-1.006071493029594421e-01
6.842316128313541412e-03
-7.117871940135955811e-02
6.506130844354629517e-02
-1.030310988426208496e-01
1.359092891216278076e-01
1.404368784278631210e-02
-1.052888408303260803e-01
5.347831174731254578e-02
-2.063242020085453987e-03
-1.401846017688512802e-02
-3.868653625249862671e-02
-2.394242957234382629e-02
-4.491600394248962402e-02
-2.830626070499420166e-02
-4.474090039730072021e-02
1.217382866889238358e-02
