-2.920181127305435109e-02
1.600704647766172939e-01
-6.219848956877881835e-02
-2.714428093507667214e-02
3.475926649608774427e-02
2.888973972160123124e-02
-1.700909859610783004e-02
-1.837415579262435469e-02
2.200159187737966288e-02
1.176543615516277841e+00
-9.613785700406944634e-02
1.042989149062980292e-01
7.565873281839458064e-02
-2.767150631593195617e-02
-2.001239840038598547e-02
-3.127875994983058544e-02
-1.317831233708039416e-02
1.172830576708117967e+00
-1.726645597186321213e-01
-7.991781156123375918e-02
-1.862370489828577003e-02
-3.867248901861813914e-02
-7.961774066255064564e-02
1.258505778188093865e-03
5.737936444433771460e-02
1.576698498301487908e-02
-7.794493562901703976e-02
2.394450028981678826e-03
2.875339688744411176e-02
6.899948258697778669e-02
-1.285158364953017940e-02
9.371221227087554381e-03
5.438640488414969720e-03
5.045057368441735468e-02
6.795917130955707319e-02
-6.987145042659284599e-02
-2.095131814787969809e-02
4.412038967531787398e-02
-1.057057014903459852e-02
-1.940744849611831038e-02
9.003336236049496594e-03
1.145534624646325252e-02
4.015544631785315094e-02
-1.327191776980796850e-02
-2.612013369777839780e-02
-7.156837274696101897e-03
-7.504417522836034915e-02
3.412818839401110527e-02
-5.447547595994306491e-02
-4.049074141792999813e-03
2.262097804160262751e-02
3.520594116227993703e-02
-2.028332899881671661e-02
3.244130058762946349e-03
-5.348433392897687655e-02
9.583248678359036418e-03
1.093288292111307090e-02
3.369386573568709103e-02
6.016654589830105516e-03
-5.351750799042895301e-02
1.986816031016400141e-02
2.253177989806745204e-02
-1.317037955765552881e-02
1.617911632623655060e-01
-6.871090748131200576e-02
-4.416124238071119507e-02
2.692582163878021531e-02
5.936593981416794785e-02
-2.508229555090296312e-02
8.669518532992175064e-02
3.133202947616843537e-02
5.953029895338479704e-02
5.535588655555749582e-02
3.311862921571538665e-02
8.373961353395277529e-02
6.972625293228002299e-03
5.305364336133986010e-03
-2.213109010955183892e-02
4.017846860481871091e-02
1.188728446582017623e-01
-2.182519967885461834e-02
5.560973549715313852e-02
-4.790001539140002762e-02
2.973012653695682531e-02
4.177317047012540224e-02
-1.533266846487704449e-01
6.646132064761771374e-02
-7.308766630353150107e-02
7.894572457471706051e-02
6.119304090401005841e-02
-2.262678051754401370e-02
5.082519326577127072e-02
-6.484641245295253049e-03
-6.358267856207210078e-02
3.259767876401600123e-02
-7.369048931553025261e-02
-4.528945383453262391e-02
5.459783196166122579e-03
-3.264785772997589458e-02
-1.939529263308648749e-02
1.399783275306299736e-02
4.164091768220797712e-02
-9.873102818918541579e-02
-8.296501881353045629e-03
6.157187674654184678e-02
-4.015681762610032179e-01
7.965198243415537449e-02
1.414523986159747435e-02
5.770832150778957420e-02
4.672280525185133759e-02
2.032091034946119021e-02
-1.330327280110381316e-01
4.113621825660192938e-02
-2.913817506571363819e-02
-2.909720979024032345e-02
8.401964695839737873e-03
-1.602281584026128344e-02
5.324569900425283296e-03
-4.071067521171361538e-03
-2.304606824776005841e-02
-7.220614194636806871e-03
-9.530750939312037165e-03
-4.891437755977539464e-03
-2.515327610315949355e-02
-7.808694449053374398e-02
3.585980617751851479e-02
-2.268255899217985760e-02
-6.239307889129523665e-02
2.985173292427867678e-02
-4.507689082257754914e-02
2.034685604729198627e-02
7.396084171309556810e-02
-3.619585174479530293e-02
7.102245902721985790e-03
5.278386148940722444e-02
4.845459359608599720e-02
7.057427660419868763e-03
-8.026042883333188438e-03
3.324387536895696826e-02
9.171023654657917872e-04
-4.840695734944809314e-01
6.032852315696171641e-02
7.071988088584602039e-02
5.573391564584933948e-03
4.060895023556482936e-02
-5.396201568258130431e-03
-4.337252864328629276e-02
1.254722826537830148e-02
4.044516418039157540e-02
-3.872584382531961411e-02
1.173511274336969112e-02
-6.707261370533219511e-03
5.587615476434783929e-02
1.442717077413284248e-02
-7.755917502095850680e-02
-1.132710163563644019e-02
-6.249929728980369026e-02
9.166896809941316171e-02
2.599455068710047716e-03
-1.421366456135601461e-02
6.626788431561757287e-02
1.057359163231801069e-02
-4.509367740935447955e-02
-8.448020867900307707e-02
-1.265091349596548786e-01
-4.925458822001187870e-02
2.525653868426453244e-02
-2.886218393050509964e-02
8.816255337868519892e-02
6.937326983198267849e-02
7.030927981346933586e-02
-5.185986324713785442e-03
-2.993013969060011326e-02
-4.613577957441141603e-02
-6.518498061338549865e-02
-4.610739144696625325e-03
2.817354669980002072e-02
-2.672805647552221539e-02
7.055067099954590026e-02
-1.200969248856015026e-01
-6.117795395488027400e-03
-2.422127429876344898e-02
-5.957551119096688580e-02
-7.892180513832611211e-02
-7.468725985049601279e-02
-1.972238035096758255e-02
-5.640593002807565981e-02
2.808217561259955183e-02
5.193163775957978373e-02
2.958789935770923460e-02
-3.054056971103465135e-02
7.705392127298885986e-03
-1.601825845762889361e-02
6.217984387007475383e-02
2.542545008929195105e-02
2.970303125982429876e-02
-6.352869268067976027e-02
-9.664054040187927686e-02
-1.349295679710423301e-01
1.029378403027630257e-01
2.321402962953664217e-02
-1.040192840051697570e-01
-2.695856077037777840e-02
6.383095357910087420e-02
1.407212371847491872e-01
-6.889969091667248746e-02
1.589759015430697309e-02
1.918117240169152707e-02
-6.532220012968073530e-02
4.718022694946817641e-03
-2.249381478578664148e-02
-5.166810437989032001e-02
1.486648606474512402e-04
-1.166333686644194512e-01
3.395804383492559420e-02
5.965771463907712513e-02
-6.488094588340086177e-02
4.008204380326952504e-02
-9.548320399827092686e-02
7.509517288581109284e-02
5.854948608006147609e-02
3.058245260322062231e-02
-5.079784214754785865e-02
-1.735373189600216554e-02
-1.231562406703282228e-03
3.734417913078978690e-02
8.427659669401460149e-03
-1.884005947520783764e-02
8.341122273211541704e-02
8.244783434268897204e-02
-3.703812496179439973e-02
-6.707516870502654160e-02
8.149358800824367532e-02
1.892540124069966301e-02
-7.637266591055959231e-02
-2.697380719378755093e-02
-7.357673213287690972e-02
-3.004257332200992170e-02
-7.593193016889059066e-02
2.190305553402700084e-02
-2.879420695265561859e-03
1.162571850411965590e-02
2.098514545691717789e-02
7.531330641111848301e-02
3.769001488381130277e-02
-1.002830489381025536e-01
-2.141233185441263759e-02
-5.752486638954869280e-02
-9.996083925702109463e-02
-3.174343559517779634e-02
7.801562963925177951e-02
7.721638889374039805e-02
2.809540259699856712e-02
-8.391577547549601557e-02
3.530554180457069757e-02
2.121293510723766818e-01
1.117891506457838469e-01
-4.383328821433561673e-02
-1.337369220856766093e-02
-2.053954020648491099e-02
4.842589504811722900e-02
1.054663826171056279e-01
-2.729864521567608796e-03
5.098669039598469760e-02
1.283031216842994704e-02
-1.160933051776233127e-01
2.119059779215278633e-02
3.747803518954345714e-02
3.054871159791113788e-01
-6.351474081318989051e-02
2.561253644541620217e-02
1.080760521413694566e-02
-2.605032489771814258e-02
-1.005669643246995953e-01
-6.946693496096478793e-02
-3.682901409895906336e-02
1.611119017548379162e-02
2.246564668167964907e-02
-8.366851700040170425e-02
1.231220718134344028e-01
1.527384002331633461e-01
3.234983697123445384e-02
6.140057408011823960e-03
-6.709828309478482744e-02
1.478909552055679769e-02
-7.811797972046598260e-02
2.812476292058910948e-02
-9.222172130431745274e-02
1.299797046379418675e-01
3.536744511492245086e-02
-9.595314655887592081e-02
4.430465836822778357e-03
2.561867833720483587e-02
-4.086695403647652713e-02
-2.762628384470623005e-02
-9.987554354292563219e-03
-3.727595825110031902e-02
-2.784690926223889335e-02
-1.686259887064237711e-02
3.132793942992874447e-02
