-5.512211471796035767e-02
1.777171939611434937e-01
-4.623066261410713196e-02
-3.692158684134483337e-02
-8.973388001322746277e-03
3.239070624113082886e-02
-8.973639924079179764e-04
-3.188754245638847351e-02
1.060075592249631882e-02
1.597307085990905762e+00
-1.529488116502761841e-01
5.969471111893653870e-02
8.401130139827728271e-02
-1.610856875777244568e-02
-4.284653440117835999e-02
-2.132110670208930969e-02
-4.796024411916732788e-02
1.264325618743896484e+00
-1.715479344129562378e-01
-7.271494716405868530e-02
1.319321920163929462e-03
-2.207890525460243225e-02
-6.618440151214599609e-02
-2.575361169874668121e-02
6.384400278329849243e-02
3.152246773242950439e-02
-7.492465432733297348e-03
-7.642539683729410172e-03
1.305523701012134552e-02
1.403442956507205963e-02
-4.104254394769668579e-02
4.198692739009857178e-02
3.107599169015884399e-02
2.519372850656509399e-02
5.540322512388229370e-02
-7.007717341184616089e-02
-7.245016284286975861e-03
3.518058732151985168e-02
-3.319171071052551270e-02
-6.744548678398132324e-02
3.607421368360519409e-02
4.421837627887725830e-02
1.880851201713085175e-02
3.758759936317801476e-03
-4.539749398827552795e-02
1.537701115012168884e-02
-7.767595350742340088e-02
3.502577915787696838e-02
-5.278669670224189758e-02
-1.399659365415573120e-02
8.183971978724002838e-03
1.281273271888494492e-02
-1.169050205498933792e-02
7.709294557571411133e-03
-2.766356058418750763e-02
5.235024169087409973e-02
1.127814035862684250e-02
-5.695845000445842743e-03
1.430032029747962952e-02
-2.849826402962207794e-02
1.462503708899021149e-02
2.214983105659484863e-02
3.508857480483129621e-05
1.269728988409042358e-01
2.842550352215766907e-02
-7.133392989635467529e-02
-1.083612628281116486e-02
3.774476051330566406e-02
-3.225821629166603088e-02
4.004482924938201904e-02
2.583957277238368988e-02
1.961979269981384277e-02
1.055745482444763184e-01
-5.509956553578376770e-02
2.540235966444015503e-02
-2.497864514589309692e-02
2.828686311841011047e-02
-2.320985868573188782e-02
9.709478355944156647e-03
1.823790669441223145e-01
-2.586407028138637543e-02
6.242686137557029724e-02
-6.884769350290298462e-02
-8.234498091042041779e-03
4.840997979044914246e-02
-1.469578742980957031e-01
-1.354747414588928223e-01
-5.359246395528316498e-03
1.199742257595062256e-01
4.559555277228355408e-02
-5.716757103800773621e-02
3.666338697075843811e-02
-1.617358066141605377e-02
-2.503211237490177155e-02
6.278626620769500732e-02
-7.767137885093688965e-02
1.591727510094642639e-02
1.517188642174005508e-02
-1.854362152516841888e-02
5.383480340242385864e-03
1.410643104463815689e-03
-1.726113632321357727e-02
-8.668111264705657959e-02
1.015093363821506500e-02
6.230381876230239868e-02
-6.903619766235351562e-01
5.936631187796592712e-02
4.951085895299911499e-02
6.180792674422264099e-02
4.006972908973693848e-02
8.242537267506122589e-03
-9.674632549285888672e-02
6.949089467525482178e-02
-3.620147705078125000e-02
5.183709785342216492e-03
-3.123845905065536499e-02
-1.740169897675514221e-02
6.688867509365081787e-02
-4.275900777429342270e-03
1.685386523604393005e-02
3.364658355712890625e-02
-1.627771742641925812e-02
-2.822223864495754242e-02
-1.954397186636924744e-02
-3.244417905807495117e-02
4.321395233273506165e-02
3.872045781463384628e-03
-2.766807563602924347e-02
3.365776315331459045e-02
-1.235964894294738770e-02
4.608894512057304382e-02
1.359069254249334335e-02
-4.802521690726280212e-02
-1.838512718677520752e-02
4.610519111156463623e-02
3.024315461516380310e-02
-2.167179062962532043e-02
-7.209773175418376923e-03
6.466590613126754761e-02
1.120310556143522263e-02
-5.239524245262145996e-01
2.443310059607028961e-02
5.063514038920402527e-02
-9.331478737294673920e-03
7.320205913856625557e-04
-3.138254955410957336e-02
-6.267842836678028107e-03
-2.460364811122417450e-02
2.231352217495441437e-02
-4.034829884767532349e-02
-4.486797377467155457e-02
-9.533191099762916565e-03
3.786256164312362671e-02
1.504667382687330246e-02
-6.110073998570442200e-02
5.985316354781389236e-03
-5.249284207820892334e-02
3.332730010151863098e-02
-3.178165480494499207e-02
-4.693008959293365479e-02
2.056400105357170105e-02
8.767531835474073887e-04
-1.456061098724603653e-02
-1.093048006296157837e-01
-1.347291022539138794e-01
-8.055260032415390015e-02
8.207818120718002319e-02
-4.167721420526504517e-02
1.041806414723396301e-01
3.005442023277282715e-02
7.843037694692611694e-02
-8.430654183030128479e-03
2.628814429044723511e-02
-3.560356795787811279e-02
-2.844729833304882050e-02
3.439173847436904907e-02
4.977344349026679993e-02
-7.411070633679628372e-03
5.131940543651580811e-02
-2.810840867459774017e-02
1.928910054266452789e-02
-3.172743320465087891e-02
-6.918221712112426758e-02
-6.671774387359619141e-02
-5.316636711359024048e-02
1.127500366419553757e-02
-5.121756717562675476e-02
2.123473398387432098e-02
8.537457324564456940e-04
-1.969920098781585693e-02
-3.226667270064353943e-02
-1.599711179733276367e-02
-5.302266404032707214e-02
7.889357954263687134e-02
-3.104872070252895355e-02
6.817991286516189575e-02
-4.840682074427604675e-02
-7.874593883752822876e-02
-1.162920892238616943e-01
1.406380385160446167e-01
9.567200206220149994e-03
-1.003294363617897034e-01
-5.243854224681854248e-02
6.665863096714019775e-02
1.241649016737937927e-01
-5.877365916967391968e-02
1.226797793060541153e-02
-8.476823568344116211e-03
-4.614077880978584290e-02
-1.457193773239850998e-02
-6.986770778894424438e-02
-8.162203431129455566e-02
-4.531310126185417175e-02
-1.401585936546325684e-01
7.279007229954004288e-03
7.799016684293746948e-02
-7.715277373790740967e-02
5.279866233468055725e-02
-1.376740038394927979e-01
6.411510705947875977e-02
4.223103821277618408e-02
3.443982684984803200e-03
-6.324220448732376099e-02
-9.496213868260383606e-03
-3.802943741902709007e-03
-1.477319281548261642e-02
6.514360010623931885e-02
-5.589900538325309753e-03
7.817656546831130981e-02
8.778197318315505981e-02
-9.005911648273468018e-02
-1.708019897341728210e-02
5.693471059203147888e-02
3.319982066750526428e-02
-8.171460032463073730e-02
-3.498576581478118896e-02
-2.163067460060119629e-02
-6.374134123325347900e-02
-4.950214177370071411e-02
5.581661313772201538e-02
3.482948243618011475e-02
1.758086308836936951e-02
3.681122511625289917e-02
3.350155428051948547e-02
4.801978915929794312e-02
-1.516461968421936035e-01
-4.268363118171691895e-02
-7.744805514812469482e-02
-1.164085716009140015e-01
-2.029442228376865387e-02
4.823777824640274048e-02
3.452659025788307190e-02
-1.703850179910659790e-02
-2.565098926424980164e-02
2.757746726274490356e-02
1.388755887746810913e-01
8.417253941297531128e-02
-9.100314229726791382e-02
-1.253091078251600266e-02
-2.417298592627048492e-02
9.052409976720809937e-02
7.180769741535186768e-02
1.479698903858661652e-02
1.030575707554817200e-01
7.067278493195772171e-03
-1.239660680294036865e-01
2.087269350886344910e-02
5.539041943848133087e-03
4.037694334983825684e-01
-5.182952061295509338e-02
-7.055066060274839401e-03
3.047033958137035370e-02
-6.364345550537109375e-02
-1.123750358819961548e-01
-7.869870960712432861e-02
-4.903684556484222412e-02
1.329903025180101395e-02
6.711605936288833618e-02
-2.023854479193687439e-02
1.384094953536987305e-01
1.296334564685821533e-01
3.715553879737854004e-02
3.100523352622985840e-02
-5.185569822788238525e-02
-1.562101952731609344e-02
-1.059897467494010925e-01
7.217704504728317261e-02
-6.799255311489105225e-02
1.284111887216567993e-01
-1.835675537586212158e-02
-1.656067520380020142e-01
3.390146791934967041e-02
-1.027616392821073532e-02
-8.291685953736305237e-03
1.178866252303123474e-03
-3.390296548604965210e-02
-3.631877899169921875e-02
-3.349516913294792175e-02
-4.222433269023895264e-02
7.564973831176757812e-02
