-1.739244954633968956e-02
7.263210594779959117e-02
-4.923527609645391573e-02
-2.219021857609870460e-02
9.187421156992520849e-03
2.315076372303278771e-02
-9.090474020014600517e-03
-1.392996941518808915e-02
-3.599709200617818780e-03
1.143831226917418231e+00
-1.288520133609990792e-01
3.514053564491732840e-02
5.125054500540469904e-02
-2.191571462093896625e-02
-3.397327989804254517e-02
-3.186346950948887834e-03
-3.374288169770200269e-02
6.309028698717884520e-01
-1.148318079698087274e-01
-3.846582855209031843e-02
1.704840144519481973e-02
-1.563094511365513070e-02
-3.349332376198542460e-02
-8.737170430071036775e-03
5.245042190612082822e-02
2.263215579585489343e-02
5.140438367903513855e-03
1.642127136937260312e-02
1.138043931227980879e-02
-1.070448883912793105e-03
-1.845189146344429097e-03
3.242976663134426729e-02
-1.027207635486623340e-02
2.305076705796543085e-02
4.851399428440242995e-02
-5.424714618905947944e-02
6.203768250057237199e-03
9.681615754730052079e-03
-2.943157226474532942e-02
-2.761192031989706183e-02
-4.924359036722299795e-04
3.357038054748256312e-02
-8.878805493396441789e-03
-1.299613329612387715e-02
-1.020428422141325502e-02
1.404446599987301501e-02
-4.603831016578172758e-02
5.810784141969138096e-03
4.029392106777427741e-03
-9.862325340233502741e-03
-4.115514778252587613e-04
5.033638603964355092e-03
-2.524970161540540312e-02
-1.295125049808958789e-02
6.982813328846096228e-03
1.800182797217172699e-03
6.688954766623524638e-03
-2.099194463245523598e-02
2.957573394028586034e-03
-2.560864426660569571e-02
-1.628273019951674441e-04
1.839404389484867531e-03
2.664319376925307977e-04
8.309411805458248590e-02
2.036378582960925859e-02
-5.228817137315714542e-02
-4.746070609750795664e-03
1.940538732564518754e-02
7.295413171568640096e-03
4.242913014009688094e-02
1.412076651217809495e-02
8.271719711578761486e-03
7.609758673639815951e-02
-8.947761359022974800e-03
4.255145335817160646e-02
-2.771226885359012130e-03
1.471162479716728484e-02
-1.905190719050573953e-02
5.581691704106791271e-04
1.014900443854903772e-01
-9.506655800311895887e-03
3.940010572870272093e-02
-3.932378444637459752e-02
-1.461155696422684717e-03
1.711643915362615412e-02
-1.143946112023710576e-01
-1.091628916375997072e-01
-3.818825063351991012e-02
8.932879026628166852e-02
3.840271944795096981e-02
-3.165517427896644836e-02
-1.689959644773765535e-02
-2.035043437008947700e-02
6.818878591366676553e-03
5.062955552580745283e-02
-2.415936825976099100e-02
-1.746572863117474769e-02
6.499045282677179576e-03
-1.481534907048820057e-02
-3.396905991806621616e-02
6.221540670070461153e-03
-6.240452386936008906e-03
-4.780125994771701470e-02
-2.004777603780914449e-02
3.441193545415761890e-02
-4.193228968577662474e-01
1.443813246430644681e-02
2.944988653800681422e-02
3.084888198435764214e-02
1.191981970603487456e-02
1.831036727538896264e-02
-5.638804197151521536e-02
2.811985734229404538e-02
-6.119745565360613926e-02
-1.576009067341712158e-02
-1.113345563765475929e-02
-3.779160672519466923e-03
-3.338025236741121171e-03
-4.048895769299759584e-03
-1.483505249176158246e-02
3.322448880135092653e-02
-1.272901736033786937e-02
-2.049973906986578276e-02
5.864156381481576072e-03
3.299949813759845904e-03
5.237131988423678747e-02
9.858399805877989669e-03
-2.876777454588617250e-02
2.234198146919069705e-02
-6.566005393442294995e-03
1.918069232927959930e-02
-9.868101850172150344e-03
-3.319670828464513918e-02
-2.251936724012390881e-02
8.012016841370742451e-03
4.392012457087666327e-02
-6.180788052206982221e-03
-1.709854272435768971e-02
3.899757046442905301e-02
9.158468355750752979e-03
-3.710875727507931821e-01
2.431318860690050501e-02
5.822371126942940678e-02
4.745401387390623706e-03
-2.072796527559054615e-03
-2.073623876991732840e-02
-1.815171728700844603e-02
-4.316542867880994103e-03
-1.771505809663782459e-03
-2.434147004769149011e-02
-7.695934354489968390e-03
-9.295397787090393243e-03
4.810737099088707031e-02
1.724910217787913036e-02
-3.385994887818026544e-02
2.729243093835386630e-02
-3.144315877078683596e-02
-1.886014245479504525e-02
-1.898447547804089572e-02
-1.594235984329804567e-02
1.261704494433594712e-02
3.037979345741732666e-03
-2.436533602593631345e-02
-3.132497245259625862e-02
-7.177006691133785976e-02
-5.764908048126870382e-02
3.033187457072027832e-02
-2.494325336480237784e-02
7.607632311986428642e-02
1.066660660790512763e-02
2.473136003322891005e-02
-1.093133796178065572e-03
4.334424269426901538e-02
4.121151319616816501e-03
-1.900220452535893861e-02
2.654103014935493832e-02
1.518253619907131667e-02
4.122213492486509912e-04
3.271734103982965047e-02
-3.300205895926330846e-02
7.727712489748893646e-03
1.644212447250983358e-03
-1.321976902131416845e-02
-4.707992437795882612e-02
-3.979525724978387469e-03
5.317328712698798053e-03
-3.125126330610756425e-02
3.929825197922192162e-03
2.288924958463863651e-02
-8.194769219728977386e-03
-3.164343799417993625e-02
4.990856327231253491e-03
-3.512495324056929408e-02
2.830323221046060142e-02
-1.103134653906711303e-02
6.043882200952328809e-02
-2.590917916947119148e-02
-3.396959260806901859e-02
-1.761918244849581747e-02
9.414474772739783726e-02
9.863292978954190347e-04
-3.829568785390164570e-02
-3.436349487335231545e-02
3.126658425251844370e-02
8.186387782370661836e-02
-5.663641357238609862e-03
1.491682651602206471e-02
1.424940870432276144e-02
-4.370087376408099931e-03
-1.284319017701650474e-02
-3.910073394712774986e-02
-2.895752458936149548e-02
-2.110175452252835079e-02
-8.196627159378659655e-02
6.049509288901656727e-03
5.168342649511324660e-02
-3.577355463315584627e-02
3.322083572082711739e-02
-7.546517130059401945e-02
6.768701880988022349e-03
1.860230705401199128e-02
3.656835621795649898e-03
-3.126572901627541062e-02
5.750460053566915433e-03
6.341945715428672775e-03
1.134680164907532138e-02
3.003061577146335943e-03
1.963569267176505997e-02
3.632396513091389750e-02
7.820548994812987278e-03
-7.321890552593256218e-02
2.576956307456236897e-02
1.498191488118100212e-02
3.443364135000575449e-02
-3.073171217553020973e-02
-1.390760010036857022e-02
-4.053769699560492296e-02
-2.988975164252274594e-02
-9.935482859345442716e-03
3.880991941504734200e-02
4.228501183725153108e-03
2.257575968534030701e-03
-3.822655238866407446e-03
1.238046705125646872e-02
6.553636233835936908e-02
-6.471861476515819445e-02
-4.279921774130993756e-02
-5.481540424544353862e-02
-7.504682393995275314e-02
5.599819658043904327e-04
3.824480618450552122e-02
2.406261232917169309e-03
-3.045891136226016802e-02
-2.931662851368190340e-02
1.767841855422029596e-02
7.020555637310710306e-02
5.208637960337993839e-02
-5.018325415767967840e-02
-9.957107507750492456e-03
7.009913932738669716e-03
3.856789977593005903e-02
6.525999885525407551e-02
-1.053734253683517169e-02
7.186388877073053572e-02
1.996478513455143475e-02
-7.489714293622952435e-02
-9.507413295270009113e-03
-6.871219660323231448e-03
2.226248750475413596e-01
-1.709084071110616304e-02
-2.079009910497132615e-02
-1.160307196753362913e-02
-2.569360343498843999e-02
-6.093028473834736364e-02
-2.796893746778447362e-02
-1.766295954824447303e-02
1.913201839115655570e-02
3.869092184419194863e-02
-2.297148421470429289e-02
9.305715112773112196e-02
9.944010664277921907e-02
1.552780728804372366e-02
2.003929698134251924e-02
-5.027475466155555128e-02
-2.934417689483600697e-02
-4.892027548342057358e-02
5.445397163500995813e-02
-4.003850781820809251e-02
5.391022709288331022e-02
-3.475169882172490093e-02
-1.065687792911082649e-01
2.765626554086430058e-02
1.169640023343746643e-02
-1.377094923169094529e-02
-1.041628751193225677e-02
6.645302439733896498e-04
-2.484429764441939414e-02
-2.128314524261106996e-02
-2.830083510544799050e-02
3.960306061977045267e-02
