-4.208760708570480347e-02
1.774389147758483887e-01
-6.471004337072372437e-02
-3.904751315712928772e-02
7.139862515032291412e-03
5.721263960003852844e-02
-2.701510675251483917e-03
-2.148244529962539673e-02
-1.595263741910457611e-02
1.414516329765319824e+00
-8.603646606206893921e-02
1.294470131397247314e-01
1.073121204972267151e-01
-2.532904408872127533e-02
-4.868245869874954224e-02
-3.567228093743324280e-02
2.636781893670558929e-02
1.248442173004150391e+00
-1.956835836172103882e-01
-9.872972965240478516e-02
-9.108066558837890625e-03
-5.337295308709144592e-02
-1.074941903352737427e-01
-1.085599418729543686e-02
4.706769064068794250e-02
4.404939711093902588e-02
-8.054719865322113037e-02
-4.388923756778240204e-03
3.623347263783216476e-03
5.690114945173263550e-02
-1.118303090333938599e-02
-5.642945412546396255e-03
-5.419394467025995255e-03
5.064534023404121399e-02
6.268997490406036377e-02
-6.227197125554084778e-02
-1.766924373805522919e-02
5.822048336267471313e-02
1.301687303930521011e-02
-3.385949507355690002e-02
-8.952100761234760284e-04
3.497568890452384949e-02
5.149942636489868164e-02
-5.937690287828445435e-02
-2.230368927121162415e-02
-1.264092512428760529e-02
-8.444041758775711060e-02
6.906337570399045944e-03
-6.019330024719238281e-02
-1.933658495545387268e-02
3.694918379187583923e-02
1.955841481685638428e-02
-1.298247836530208588e-02
-5.788130220025777817e-04
-3.850380703806877136e-02
-1.257979869842529297e-02
2.996119484305381775e-02
9.581286460161209106e-03
-4.716783296316862106e-03
-6.591385602951049805e-02
8.526886813342571259e-03
4.438820853829383850e-02
4.057103302329778671e-03
1.885708421468734741e-01
-8.373863995075225830e-02
-5.764434114098548889e-02
1.723153889179229736e-02
4.160225391387939453e-02
-3.086742572486400604e-02
1.023835241794586182e-01
3.843737393617630005e-02
2.530431561172008514e-02
8.256044983863830566e-02
3.093060664832592010e-02
8.853510022163391113e-02
-2.722883783280849457e-02
8.265367709100246429e-03
-4.952722415328025818e-02
7.833053823560476303e-04
1.026326119899749756e-01
-3.488694876432418823e-02
5.425707995891571045e-02
-7.349121570587158203e-02
1.954557001590728760e-02
4.212750867009162903e-02
-2.139529734849929810e-01
7.020984590053558350e-02
-6.307575851678848267e-02
8.688467741012573242e-02
7.803956419229507446e-02
-3.159338980913162231e-02
5.790847539901733398e-02
1.834661117754876614e-03
-3.063594177365303040e-02
4.677607491612434387e-02
-7.802894711494445801e-02
-3.252098709344863892e-02
-2.587253414094448090e-02
-3.338472917675971985e-02
-3.150688856840133667e-02
1.632596738636493683e-02
5.304114148020744324e-02
-9.938974678516387939e-02
-2.041176334023475647e-02
6.746250391006469727e-02
-5.819154977798461914e-01
9.346572309732437134e-02
1.433393824845552444e-02
4.458907246589660645e-02
4.618133977055549622e-02
1.996115036308765411e-02
-1.097268164157867432e-01
4.304156452417373657e-02
-4.689268022775650024e-02
-3.447414562106132507e-02
-7.701286114752292633e-03
-4.104701057076454163e-02
2.786098420619964600e-02
-1.429339312016963959e-02
-1.078489422798156738e-02
-5.399751942604780197e-03
2.589331706985831261e-03
-7.003220263868570328e-03
-1.688297465443611145e-02
-7.779591530561447144e-02
4.168817773461341858e-02
-2.530364878475666046e-02
-8.294219523668289185e-02
3.066216222941875458e-02
-2.758547663688659668e-02
-4.664095118641853333e-03
5.710341408848762512e-02
-5.507684126496315002e-02
-5.811711773276329041e-03
5.526055768132209778e-02
5.998913198709487915e-02
1.756069483235478401e-03
2.198259159922599792e-02
3.995231539011001587e-02
-4.600984975695610046e-03
-5.591554045677185059e-01
7.931555062532424927e-02
6.173914298415184021e-02
2.552718855440616608e-03
1.218580361455678940e-02
5.372791085392236710e-03
-4.240165278315544128e-02
1.118690799921751022e-02
4.952322691679000854e-02
-4.577494040131568909e-02
-1.699999533593654633e-02
6.300652166828513145e-04
6.842643022537231445e-02
-3.376001026481389999e-03
-1.130634471774101257e-01
1.810632064007222652e-03
-7.232130318880081177e-02
8.549800515174865723e-02
-1.914409920573234558e-02
-3.728223219513893127e-02
6.253056228160858154e-02
1.588461175560951233e-02
-4.449486266821622849e-03
-7.112593948841094971e-02
-1.340583413839340210e-01
-7.531069964170455933e-02
5.791156366467475891e-02
-3.083591535687446594e-02
9.851520508527755737e-02
5.506610497832298279e-02
7.119023799896240234e-02
-2.331815287470817566e-02
-2.244636602699756622e-02
-6.512061506509780884e-02
-6.965103000402450562e-02
4.939035512506961823e-03
1.971354335546493530e-02
-3.828031197190284729e-02
3.521221503615379333e-02
-1.281560659408569336e-01
-8.158241398632526398e-03
-3.456721827387809753e-02
-7.361350953578948975e-02
-7.871065288782119751e-02
-7.183626294136047363e-02
-2.089806087315082550e-02
-3.204865008592605591e-02
1.521630398929119110e-02
4.428838193416595459e-02
-1.217289920896291733e-02
-4.853083286434412003e-03
8.038462139666080475e-03
-1.329147629439830780e-02
6.986345350742340088e-02
2.782779000699520111e-02
7.629890739917755127e-02
-6.336434930562973022e-02
-8.937379717826843262e-02
-1.478258967399597168e-01
1.246185079216957092e-01
2.129943750333040953e-04
-7.755146175622940063e-02
-1.436744630336761475e-02
8.288928121328353882e-02
1.699033975601196289e-01
-5.853940919041633606e-02
2.873630076646804810e-02
1.118089724332094193e-02
-6.435208022594451904e-02
-1.389187411405146122e-03
-3.451110422611236572e-02
-6.927225738763809204e-02
-3.324954956769943237e-02
-1.399794965982437134e-01
3.359417617321014404e-02
4.916960746049880981e-02
-5.801331624388694763e-02
8.375011384487152100e-02
-6.859273463487625122e-02
5.921667069196701050e-02
6.821088492870330811e-02
-7.454372942447662354e-03
-4.737334698438644409e-02
1.905705407261848450e-02
4.285155795514583588e-03
2.060892246663570404e-02
1.940476894378662109e-02
-1.525869313627481461e-02
9.962291270494461060e-02
7.092065364122390747e-02
-3.039809502661228180e-02
-7.642331719398498535e-02
7.455278933048248291e-02
4.140019044280052185e-02
-1.009626165032386780e-01
-3.144600242376327515e-02
-4.988854378461837769e-02
-1.616289280354976654e-02
-5.629413574934005737e-02
1.325359009206295013e-02
2.287457883358001709e-02
2.240494079887866974e-02
2.657916583120822906e-02
7.117506861686706543e-02
3.534539043903350830e-02
-1.261599063873291016e-01
-3.472154960036277771e-02
-5.811655148863792419e-02
-8.356098085641860962e-02
-3.438981622457504272e-02
4.640967026352882385e-02
3.520883619785308838e-02
2.056980691850185394e-02
-7.222198694944381714e-02
5.006332695484161377e-02
2.037365138530731201e-01
1.303231269121170044e-01
-3.283463045954704285e-02
-3.469841787591576576e-03
-1.190896378830075264e-03
3.299476578831672668e-02
1.184379756450653076e-01
-9.983099997043609619e-03
6.343488395214080811e-02
1.652782224118709564e-02
-8.132059872150421143e-02
2.093211002647876740e-02
4.518568981438875198e-03
3.498633503913879395e-01
-6.332831829786300659e-02
4.211638867855072021e-02
2.206058613955974579e-02
-1.868312433362007141e-02
-1.145447045564651489e-01
-8.074442297220230103e-02
-2.794064767658710480e-02
1.486540026962757111e-02
6.652737408876419067e-02
-6.311324983835220337e-02
1.576569676399230957e-01
1.990918219089508057e-01
3.025398962199687958e-02
1.148319104686379433e-03
-9.379932284355163574e-02
-1.513129752129316330e-02
-6.466554850339889526e-02
4.632452875375747681e-02
-1.032254621386528015e-01
1.735756695270538330e-01
6.736048031598329544e-03
-1.143248826265335083e-01
2.026462741196155548e-02
3.073052130639553070e-02
-2.741243131458759308e-02
-4.274180158972740173e-02
1.464592525735497475e-03
-2.643238194286823273e-02
-1.779044605791568756e-02
-5.436550080776214600e-02
5.385052785277366638e-02
