-3.514543312518687151e-02
1.497296674960813256e-01
-9.866924037207006060e-02
-3.480825189251510882e-02
4.104766418502930891e-02
4.770551478166423776e-02
3.047246633753165380e-03
-3.818658973675805729e-02
4.896349630805241736e-03
1.269373363444445513e+00
-1.015700563280903107e-01
1.100055906210077039e-01
9.222499319045655841e-02
-4.821285054283811627e-02
-3.427141194396750995e-02
-1.149328341532155837e-02
-3.548838114571913060e-02
1.118508494799264286e+00
-1.783536222807128868e-01
-5.603609220829671583e-02
-1.728245490694850853e-02
-2.611095365319971925e-02
-8.873606662649838328e-02
1.470021914059314698e-02
5.327347122918346667e-02
7.205877936668697754e-03
-6.310654574795684923e-02
-2.065494632989675616e-02
4.968347656497748566e-02
4.405578619364359377e-02
-1.531612513512909009e-02
2.684323838172969837e-02
-1.837432330162058758e-02
7.337960383888365856e-02
1.027793519636401587e-01
-5.464279909893176440e-02
2.717845974710403345e-02
5.867055202321303647e-02
-2.279482942943104537e-02
-2.593378032228818922e-02
5.083051323323635115e-03
3.332396265329966821e-03
4.974713907154635489e-02
-2.920829386464383198e-02
-4.287078317960658913e-02
-1.047578711809928585e-02
-7.376620204156057736e-02
3.807168311527693583e-02
-1.729799338079816493e-02
7.139193230669673741e-03
2.782000660143473317e-02
5.164149902118121693e-02
-6.268538635832907307e-04
9.885489908780431892e-03
-4.263434266528644961e-02
1.622770785883604142e-02
1.370355694059529825e-02
6.087632625945408292e-03
3.086956680419928429e-05
-6.347869490640488388e-02
-4.908048003494243881e-03
-1.009080481052480709e-02
9.257386726571773059e-04
1.366092097871685063e-01
-5.581184888164928554e-02
-4.087789455145919570e-02
3.154614568161689253e-02
4.122811797102220871e-02
-2.557868820303935142e-02
6.565642158350623592e-02
2.147912140538217260e-02
7.884054179898794534e-02
4.192418054718716203e-02
1.206950320310447257e-03
8.243560203442543144e-02
2.188672513837105690e-02
-6.967010261635117694e-04
-2.806025624835778096e-02
3.731056002336480271e-02
1.132039701761817230e-01
-3.669361326408457358e-02
5.250146490126303411e-02
-6.061278936312506499e-02
3.634213340589295682e-02
1.583009590980030690e-02
-1.860769328344009654e-01
1.004560553688082641e-01
-1.283551423944903069e-01
9.633429959952523325e-02
2.962372158254355722e-02
-2.708318719123463045e-02
4.371553022559550306e-02
4.971708851033238702e-03
-7.388236952574998850e-02
5.777048628492828519e-02
-4.743511503173445526e-02
-5.492334768764326608e-02
-8.339870759006435055e-03
-2.907624172236995819e-02
-9.070463830069472322e-03
2.634352973392098396e-02
2.989181859900085295e-02
-9.352249612662975886e-02
-3.563113956081417726e-03
3.871089184349772033e-02
-3.961920141185477640e-01
9.997955544299123865e-02
1.617422515960663734e-02
5.401702630069358385e-02
7.204248326919243661e-02
7.294626081032717230e-03
-1.199266335401018430e-01
4.142184842012929663e-02
-4.456752833817693299e-02
-4.603909226520807446e-02
2.582932558904674301e-03
-1.584742060582002357e-02
-8.655805902033745364e-03
-3.463276413596096115e-02
-6.098477483062499094e-02
1.199069651878726219e-03
-2.456521560628437476e-02
-9.275151618519467123e-03
-1.154962296400314017e-02
-8.333333628271978599e-02
4.740777421932335783e-02
-1.060877495322509051e-02
-5.255823469169332296e-02
3.716398141546765899e-02
-3.235398263085082632e-02
4.628200963217705965e-02
6.722309437545868904e-02
-3.590720213273201900e-02
-6.961971787891640777e-03
2.489571647864209994e-02
7.266209332443893110e-02
1.665237969122330530e-03
-3.102727192064234571e-02
4.664592557834400938e-02
8.678981996437802604e-03
-5.188089570554231811e-01
5.506429444211010521e-02
7.635907550750210826e-02
-5.311544531511905309e-03
2.714938248341925570e-02
-5.502519331989451541e-03
-2.391251343504516638e-02
-1.956115235454475298e-02
3.362911299609151750e-02
-3.594467187556628363e-02
-3.089877065532016433e-03
2.912406560893351058e-04
6.509304600504897675e-02
1.436107914664387121e-02
-7.631502052206688702e-02
-4.453712716864846317e-04
-8.458260790224157721e-02
4.936468180744819911e-02
1.414372632409519395e-02
9.024265931040135677e-03
4.757822958524358936e-02
3.218708643703168532e-02
-4.980433799770542236e-02
-7.374997894138073107e-02
-1.267448481769110902e-01
-8.250663505773812856e-02
1.459405560657600805e-02
-3.537838746472062035e-02
1.011089345032346043e-01
5.723727408171678382e-02
6.884582468101323183e-02
-6.616278625919075861e-03
-9.819655179089576552e-03
-4.727797172156583683e-02
-5.034978278122706485e-02
-1.230459216108293480e-02
4.564229213479328168e-02
-3.920165500219717492e-02
4.669372333518696100e-02
-1.147540438211816782e-01
4.138669302397667005e-03
-4.089797987319809119e-02
-3.906817167014741549e-02
-8.360561184243310573e-02
-6.816760884227002215e-02
-4.108021766932121004e-03
-7.419048455493616745e-02
4.114560446094464585e-02
4.594213413498129256e-02
1.661201825930939697e-03
-2.902119289893448362e-02
2.845053086124726960e-02
-2.082542160417553967e-02
4.131941770334061209e-02
4.944809782978010215e-02
2.178834687856757643e-02
-5.917794087334305592e-02
-1.119074582338564217e-01
-1.136411577299785286e-01
1.500682688583297730e-01
5.320396492811720057e-04
-8.292878958878852069e-02
-4.167968820785274836e-02
6.333304535524014733e-02
1.466160798520191322e-01
-8.513491885742373311e-02
6.694876825481452937e-03
1.802789021232184888e-02
-4.273625576475278270e-02
7.728885447092537046e-03
-2.618319445026456860e-02
-5.646316631594922725e-02
1.861684581947829417e-02
-1.352632277858819010e-01
3.468678878495094070e-02
3.995986262560138891e-02
-5.631432257925685775e-02
5.564937897954815027e-02
-1.353573279606365976e-01
7.022596057741530007e-02
6.236146879303744450e-02
1.312349152155213410e-02
-3.494480774790136024e-02
-1.957363931943639085e-02
3.010438456733774762e-02
3.666779875916244269e-02
-6.561134390983978037e-05
-1.808468433519036175e-02
8.122827953841205151e-02
6.374646232892615394e-02
-5.218759414441555278e-02
-6.728392547103352606e-02
6.872413152130579794e-02
3.277221521526651332e-02
-8.133230734796455252e-02
-3.548958891947127242e-02
-7.868549550258677194e-02
-4.128512666175511436e-02
-5.916823444252915232e-02
4.699914409984914249e-02
1.982712360071668678e-02
1.895994204667977509e-02
1.770518235631721865e-02
7.663798718673268950e-02
3.387416940558490158e-02
-1.261824680163814161e-01
-3.195643040689075121e-02
-9.687718726499289223e-02
-1.015156666925268875e-01
-5.074737482190425086e-02
8.660678362187299029e-02
5.246735082286466123e-02
1.984311664875327424e-02
-8.797656717182814057e-02
1.579767072381907389e-02
1.897860104513042490e-01
1.214869356573177184e-01
-5.266313846902209717e-02
-3.455040325663229607e-05
8.951542909290368527e-03
3.701652905183407810e-02
1.008551250520979686e-01
-4.200042900743047175e-03
7.940697441650282351e-02
9.746518505889900305e-03
-9.772743344202176885e-02
6.415609560846738911e-03
9.763208346475799222e-04
3.194116865922496107e-01
-8.224477378158721874e-02
2.252816360274963875e-02
6.684365765176079888e-03
-4.438545976310150770e-02
-8.778529651102211229e-02
-6.162208120458416427e-02
-4.011931530536201607e-02
-1.119660352608352512e-02
4.412616002908425344e-02
-9.181358917302412381e-02
1.436230395310277297e-01
1.773565762918029587e-01
3.756042319542851615e-02
4.133268109421577019e-02
-9.282031504826988855e-02
7.304224121894508162e-03
-9.624123465941523958e-02
4.472775523188123742e-02
-9.882613593377669037e-02
1.602575968172675336e-01
1.364049942692241446e-02
-7.608179188959308947e-02
-1.900779427500376472e-03
5.712012223979899550e-03
-3.744183131557547728e-02
-5.058757263984905300e-02
8.379533186331193303e-03
-4.483907834882303739e-02
-4.488700882805633785e-02
-7.895820904618823868e-03
4.641351097653100000e-02
