-1.796527088185405005e-02
1.310045715820146450e-01
-7.766858124096052973e-02
-4.251221077000382625e-02
3.649663894339161274e-02
1.422696154965862742e-02
-6.396705065330153539e-03
6.070766218547941039e-03
-9.373807752945806024e-03
1.938438510294367978e+00
-1.885499085417730036e-01
3.486596484441466942e-02
9.585949630179088632e-02
-4.615718834412753380e-02
-6.965345324596945720e-02
2.730426720175711374e-03
-5.069548714134550216e-02
1.031031656776416616e+00
-1.737406049270460995e-01
-5.007271876196401489e-02
-8.521228041883347967e-03
-2.449315376015611875e-02
-5.097145286976773743e-02
-7.118804344863982267e-03
6.871861523869533805e-02
2.973141997205738449e-02
-4.306374550352539549e-03
3.220328044907584675e-02
2.784337473296989284e-03
6.349979989358676101e-03
-1.217564648869533771e-02
3.758707142249446964e-02
-5.999558328547728581e-02
3.075714085364556621e-02
9.364993433086608865e-02
-7.064260703802960339e-02
-4.790935221021833069e-04
2.359843881271801030e-02
-5.099986324469329285e-02
-2.163718410022651834e-02
-1.901520019448166635e-02
4.461428356835970416e-02
2.807690404762474678e-03
-1.484212571917007013e-02
-9.451788810923409181e-03
5.758293116804651286e-03
-8.580313749574612625e-02
3.337535277219456920e-02
6.409740334407435479e-03
-1.138950702952186422e-02
8.696777073728890334e-03
1.648648884987291563e-02
-5.536255692875829276e-02
-4.226377680935745201e-03
1.244245746295144159e-02
4.341570140351157236e-02
-2.255832684451835636e-03
-2.903722685495363151e-02
5.279839077388548407e-03
-2.717092195010741007e-02
-5.580884054929438967e-03
-1.642713301721754338e-02
-1.605498161530117401e-02
1.242794756705164205e-01
1.118562759054098597e-02
-6.878520659855155706e-02
9.256347531624872435e-03
1.143344361826293190e-02
-2.322031280429302075e-04
8.248287484579717999e-02
3.723193965883954404e-02
3.768215208652373610e-02
9.007909209099029813e-02
-1.120810892502020501e-03
6.917756804199634568e-02
-1.729162325558054533e-02
3.151470377105666104e-02
-1.973531533812957275e-02
6.145838837609803387e-03
1.071328277873489915e-01
3.066191219727725827e-03
8.785943548472860409e-02
-6.621789158212097737e-02
-2.236020924060426115e-02
1.980484992808299177e-02
-1.943896426216607243e-01
-1.417281483962906374e-01
-7.207232311872553698e-02
1.248744858798068735e-01
6.192043915236302570e-02
-6.655658529144334312e-02
-1.649256536338693235e-02
-2.973728150722626182e-02
1.046921485172600842e-02
9.120850315584055901e-02
-3.284929764601412366e-02
-1.599120886041453804e-02
3.114678962347924070e-03
-3.042768394336502549e-02
-5.106289032589969579e-02
1.273303548758667261e-02
1.728635161268238414e-03
-1.016805615375616784e-01
-4.027852137437255148e-02
5.413194195194188929e-02
-6.737985473030457806e-01
1.001771774668464010e-02
3.943330960470903257e-02
5.610499035567679399e-02
1.112379794910243330e-02
1.246083655364663145e-02
-7.565340123574952613e-02
2.300815397284966882e-02
-9.995303294357239798e-02
-4.334997826537774490e-02
-4.304214589182406292e-02
9.615206625138251334e-03
1.721407630846414141e-02
-2.489365530151969527e-02
-3.175792840136868606e-02
3.407368967479156019e-02
5.171590210812542117e-03
-4.310995026958907433e-02
5.967392790818551451e-03
-2.310707724498043195e-02
6.846473308288668347e-02
2.495164752757040097e-02
-4.886911835864386766e-02
2.412056409320763317e-02
-3.685401032444407012e-03
4.063867137649949252e-02
-3.233117906337736047e-02
-5.651485332120979865e-02
-1.784891255436978769e-02
3.289636855671473209e-02
8.291544866375276379e-02
-2.053922634050110718e-02
-2.627121992047919824e-02
4.398131669936829885e-02
2.792817330469946416e-02
-6.387913821890420785e-01
3.185399775807704059e-02
9.198652951920623100e-02
4.002019737130710526e-03
6.911592741533467699e-03
-2.477717598380737261e-03
-2.142461309713714415e-02
2.270712613126382382e-02
1.448150941135730417e-02
-3.525917789289816084e-02
-5.222733351412284925e-02
1.221642616717247797e-03
1.002041775007444235e-01
3.385827721879253877e-02
-6.946030506901905432e-02
2.293805856982197508e-02
-6.400589111286583699e-02
-1.786466309341500774e-02
-3.424603376377190894e-02
-2.377206238634188215e-02
1.965528731243087329e-02
4.328977602039731087e-02
-4.338898177615067159e-02
-4.494375086406755121e-02
-1.117841200336055774e-01
-1.087802058075974104e-01
6.876882670261187658e-02
-4.425994109717968500e-02
1.202465982325165855e-01
1.059517762237855223e-02
4.479928541613493326e-02
4.929343887752307522e-03
2.994516037426089156e-02
2.528723183995873827e-02
-4.329687965267143418e-02
3.012435261400374376e-02
2.131831617162242495e-02
1.249620568413545296e-03
5.722152349067338717e-02
-8.735059108867193611e-02
6.075158215753679453e-04
-2.403626557980262021e-02
-5.010695743869108404e-02
-5.825057394025438123e-02
-2.353443342425982562e-02
-7.277183149752211935e-03
-3.796508020540879935e-02
1.158325029145663120e-02
3.347674985310851448e-02
-3.275689642222859993e-02
-2.955006340926493238e-02
7.257850676830759559e-03
-3.276518814738599295e-02
4.469286386549260054e-02
-3.313802914167517100e-02
8.872576290518122133e-02
-3.624224167038880146e-02
-6.922973196624553072e-02
-6.106436837991321975e-02
1.786926591479496285e-01
-7.432274966899566487e-03
-3.805002884656287498e-02
-4.695438620629147769e-02
4.771606590708481893e-02
1.572786724200272157e-01
-2.300503003631742399e-02
3.646584407435766312e-02
2.702616622948171912e-03
-1.984012507045473939e-02
-2.176262552242853518e-02
-5.257391599402331389e-02
-5.908881501111323820e-02
-1.974777577380572649e-02
-1.054876680943721279e-01
3.412184066993151355e-02
7.790384855687425281e-02
-4.280175232899438575e-02
3.128374017621660813e-02
-9.551650302556576044e-02
2.476037593242443177e-04
2.597424862679726179e-02
-4.405821183110370919e-04
-3.684785747803939054e-02
9.047867348349497921e-03
-1.610331850958982014e-02
-1.528516155695335043e-03
2.218404746854794191e-02
4.345294769998511025e-02
3.939392391021141748e-02
4.057136134507401820e-02
-1.119857302567211221e-01
1.123731793930523616e-02
4.807404743199123615e-02
6.221530220430279007e-02
-4.357531295862047266e-02
-5.973574716419675912e-03
-5.432288426413348775e-02
-5.672060525273311254e-02
-3.275715813499659873e-02
3.326523193234749709e-02
2.944980820608276897e-03
1.309065352253753999e-02
9.068705708229644891e-03
3.650995306119193123e-02
8.024388472807129913e-02
-1.005883552274757509e-01
-6.499718430295005345e-02
-9.490670396779819773e-02
-1.146351275363706040e-01
-3.852328030617236526e-02
5.942171780617236387e-02
1.477879849911466377e-02
-2.847141215889271645e-02
-2.419504630072741302e-02
7.331020685611015601e-03
1.661221213257189078e-01
8.579854298270801760e-02
-6.648942065600008111e-02
-2.612943391279032648e-02
5.176825193152331112e-02
4.455845566535859836e-02
1.028525860877148174e-01
-9.779520701729198934e-03
1.175292719499744787e-01
3.494641867263272028e-02
-1.220863559080951205e-01
-1.750342885267781173e-02
-2.294315573754147561e-02
3.119699610239067278e-01
-4.941571586002637545e-02
-5.922492434423919268e-03
-1.590554777894759297e-02
-7.746308271386335986e-02
-1.172714557943040636e-01
-6.536230684766887455e-02
-3.045493945877467135e-02
4.188841631040497032e-02
8.558901490981793425e-02
-4.154927395062318896e-02
1.735821980815041576e-01
1.588233759518036525e-01
3.463875713935814487e-03
2.057710614804002941e-02
-7.806434079621830946e-02
-2.747823089812510486e-02
-8.027976845648289450e-02
8.799057435234813873e-02
-6.024966484149012896e-02
1.066251299424663956e-01
-5.377401858542836532e-02
-1.831974919442317384e-01
6.312455882704823273e-02
3.723463571576697551e-02
-2.172126244257274047e-02
-4.432769977906457493e-02
1.918984361706653138e-02
-4.758388434256423383e-02
-2.051279542801918640e-02
-4.004973041092393937e-02
3.962188819364684256e-02
