-4.041531830223494409e-02
1.945796767872178257e-01
-8.534569317965398638e-02
-2.802326707174765744e-02
1.991901245011143060e-02
5.087581562278644526e-02
-8.573294141573201642e-05
-3.583533963069510803e-02
-4.247806398621579993e-03
1.357845661594696773e+00
-5.569233234182670994e-02
1.048402093524050116e-01
8.819633345111128897e-02
-9.085332987412794324e-04
-6.832177323901073018e-02
-4.277131465153595491e-02
2.006484979029676818e-02
1.236039970998222381e+00
-1.895442254136428528e-01
-9.765615211273605267e-02
1.922751887162035822e-02
-4.677099478206066252e-02
-9.124745989075885855e-02
-5.845824547625103583e-03
3.817056756549623564e-02
2.781665642374336889e-02
-6.879644815932266233e-02
-9.236250676596767864e-03
1.225074525489530317e-02
5.292620793405770907e-02
-2.768692316993103669e-02
1.301750108772327733e-02
-4.123502951340162620e-02
5.213773907463280233e-02
9.704373676042125918e-02
-8.435203956336954911e-02
-5.597249629568489676e-03
5.538195140531654986e-02
-6.963109370405824380e-03
-3.153350435674023844e-02
1.062098593696749263e-02
1.501256670168681431e-02
2.749811168942036671e-02
-4.184464528996765381e-02
-3.996277242939169638e-02
-1.010832015379211713e-03
-9.549140789972668242e-02
-9.742340067089580793e-03
-6.210825516970049087e-02
-1.072784783155956469e-02
4.248964731244904425e-02
5.229590531571174511e-02
-3.175821435984757524e-02
2.686507964786479311e-02
-4.121419910363458006e-02
-1.126462977366167462e-02
2.497199216974977515e-02
1.826808337990156600e-02
4.167063375196975524e-04
-6.656079441231306515e-02
-3.482076750610607705e-03
2.254959888931628784e-02
2.535559441114363169e-02
1.639592876688986123e-01
-6.967742048317362991e-02
-7.709647894029911241e-02
1.636418914784725301e-02
2.915652424095866238e-02
-1.216072241688301130e-02
8.818384303623216791e-02
3.432959205600216723e-02
2.200188212410455341e-02
2.516817456123534788e-02
4.863220364121827177e-02
4.223796936812544006e-02
1.355349197837365030e-03
-1.364690640614976344e-02
-3.896707949510845592e-02
3.822276758044819422e-02
1.364720871464990826e-01
-5.476274267688411440e-02
4.221553360722973131e-02
-3.677293973673703004e-02
4.577968719720206664e-02
4.519974105033713191e-02
-2.188738600179757632e-01
8.782520367859815436e-02
-6.102218945043636628e-02
8.519907763572029391e-02
6.279719878496585472e-02
-2.669543734867934216e-03
6.554643437679590068e-02
-4.777904272050790234e-03
-5.372410007409152144e-02
1.218261327200944287e-02
-5.532750650911150148e-02
-2.088920901504634151e-02
-1.590719919322100204e-02
-7.166727278460499617e-02
-6.090327355501692734e-03
2.976245945640043980e-02
3.192377761517180279e-02
-1.323606262863691596e-01
-3.823329046132205311e-02
4.692197609796620178e-02
-5.920525043268780596e-01
8.611395810780107796e-02
-4.003016454770759111e-03
5.227085922777755661e-02
4.921098492964228605e-02
2.452834914356213925e-02
-1.143233708635713608e-01
5.065738019329785180e-02
-6.328497754701094269e-02
-1.508554165695625074e-02
-7.360255130493381301e-03
-2.686225233739124307e-02
-2.525891931781922006e-02
-2.537457964598536023e-02
-4.901503257322698502e-03
-8.618017557894964986e-03
-1.027636097655310228e-03
-1.133173230882173615e-02
-1.230496827330207661e-02
-6.377068109906045001e-02
3.172740271206714313e-02
-8.684410410391439628e-03
-8.074929228813332305e-02
7.438556784375710031e-03
-7.667023211236852036e-03
4.967101183663237204e-03
5.590502831473945222e-02
-4.301079257986347576e-02
-1.530116935342408155e-02
5.190173288126645468e-02
3.291235740827519463e-02
-2.047704490148834558e-02
-6.118978549794181279e-03
2.070406178111593512e-02
-1.252427816234855974e-02
-5.865185587987651328e-01
8.264002394609612501e-02
4.472982997687041662e-02
-1.827243446878382832e-02
2.907656992377009864e-02
1.293987893459815249e-02
-3.310458352284307692e-03
9.478831631191278126e-03
4.573572602696530237e-02
-5.499181845196329799e-02
-1.757037885451331882e-02
2.569451356372915059e-03
1.145053628646940103e-01
1.438893836328735895e-02
-1.131952005691765906e-01
1.214176654822046730e-02
-8.017999953849418160e-02
7.524051683848882732e-02
-1.755573165691865986e-02
-1.534620075774661453e-02
6.689537960628751112e-02
2.646198315785670829e-02
-3.955059852710730850e-02
-3.467431184470350092e-02
-1.048882785248185651e-01
-5.714475093512355608e-02
5.997022765392993893e-02
-2.428414162893178033e-02
8.967862723736351460e-02
7.501769932248439354e-02
7.234713898759405348e-02
-1.195403427479476560e-02
-3.933403274436002295e-02
-6.363004972986247010e-02
-5.938420270797415551e-02
-3.723080741382997494e-02
-2.777729146841232798e-03
-2.292263909493070378e-02
5.228635478165971628e-02
-1.445648318573500013e-01
6.666253190863771425e-03
-3.051373768134463954e-02
-5.556753260611710377e-02
-6.789752983708217948e-02
-5.391859880463727855e-02
-3.222869644235395320e-02
-4.181470810174511832e-02
3.545998439128843910e-02
6.926103416563088311e-02
-1.638278283363320612e-02
1.471604823320536541e-02
-3.689248618928170440e-03
-1.471091241475716051e-02
6.005013629039532980e-02
2.374121644529005037e-02
5.159716318532570067e-02
-5.215136498177365409e-02
-1.030531207295049684e-01
-1.671876226853707958e-01
1.082148988801070466e-01
-1.890514021945959022e-02
-6.344225627689681346e-02
-3.201329551804759505e-02
5.474943000898787465e-02
1.582561537937866580e-01
-5.139699678219765422e-02
2.117419146947211936e-02
4.577267194328615146e-03
-5.068830930579500821e-02
-1.016261332473804811e-02
-7.705018479027170297e-02
-5.350569074787331347e-02
-4.165215243260553084e-03
-1.277609298569624408e-01
2.810551847673008197e-02
3.972281485347085861e-02
-5.897022441712441304e-02
8.132655958687502740e-02
-6.194452893202959110e-02
5.440748695567372561e-02
6.349469774709982917e-02
-5.799047079231987173e-03
-4.938790637049269433e-02
4.667272086342518292e-03
2.412542232481155666e-02
1.405113920414678697e-02
2.479027751587496373e-02
-3.026815811356467836e-02
9.153231182883271588e-02
6.737635846639736248e-02
-2.187355518398420226e-02
-7.261168258130855369e-02
7.147421299683920370e-02
5.882132483703206294e-02
-9.893135560339066936e-02
-2.405845438463941402e-02
-6.498821593961749687e-02
-3.372692953808487798e-02
-5.985391800691298309e-02
4.585817646834028372e-02
4.215622045109792410e-02
1.758794472402787357e-02
1.161729311383197759e-02
8.626651867156488740e-02
3.187704949827425971e-02
-1.074395795431384720e-01
-3.788380029995790099e-02
-7.244400169817435953e-02
-1.112316212093874823e-01
-4.056929496841713001e-02
6.782370326261644156e-02
3.268273020160913228e-02
4.973106975169733907e-02
-7.725123870459284225e-02
1.957456021993153952e-02
1.883455110310332248e-01
1.054211572122709661e-01
-4.594397791809503445e-02
-4.870313519985290315e-04
-7.291960002167615154e-03
4.043612260873160474e-02
9.902715460570278572e-02
1.027304157864643817e-02
7.480937564736110656e-02
1.484981607374654192e-02
-6.913448551080550453e-02
1.192022890819208376e-02
1.340770174643408398e-02
2.878401360544217691e-01
-4.306390947218769610e-02
2.831797299439176366e-02
8.241955898733511685e-03
-3.606500272935795476e-02
-1.061593576987523851e-01
-8.512153787104233260e-02
-4.528819524494473447e-02
3.724190701383389788e-03
4.001279608417532274e-02
-8.091726030724175067e-02
1.707486308312617662e-01
1.802373914939256749e-01
4.003138813850687372e-02
-1.040179269691054141e-02
-8.413915434174652763e-02
1.561724100680992634e-03
-8.936390663215187935e-02
3.637376852601306026e-02
-1.305415154765245944e-01
1.657963444771327066e-01
-6.555219667373334697e-03
-8.958214302420378083e-02
-2.725789144934127883e-02
2.260685641290529138e-02
-7.491607276505887758e-02
-3.372361442274601079e-02
8.645276713721465958e-04
-2.193138045370407376e-03
-2.040726922829544376e-02
-6.322342603544364725e-02
5.923507472426593756e-02
