-4.740166664123535156e-02
2.187036424875259399e-01
-5.761437118053436279e-02
-3.468262776732444763e-02
-6.113291601650416851e-05
-1.365603692829608917e-02
2.751627704128623009e-03
3.338912129402160645e-02
-2.755127288401126862e-02
1.283868551254272461e+00
-1.202225908637046814e-01
8.294954895973205566e-02
6.860063970088958740e-02
-2.504427544772624969e-02
-1.756433956325054169e-02
-1.361496001482009888e-02
-7.186571136116981506e-03
1.250133395195007324e+00
-1.740070879459381104e-01
-3.316275775432586670e-02
-3.499981015920639038e-02
-6.927181780338287354e-02
-4.035070911049842834e-02
-3.006051480770111084e-02
3.355361148715019226e-02
2.271488122642040253e-02
-2.080060727894306183e-02
-9.608091786503791809e-03
-1.169321686029434204e-02
3.512659296393394470e-02
1.251110620796680450e-02
6.566473096609115601e-02
-5.705317482352256775e-02
4.395962879061698914e-02
8.450139313936233521e-02
-6.516783684492111206e-02
1.760766841471195221e-02
4.561287537217140198e-02
9.271996095776557922e-03
-6.747131049633026123e-02
7.127191405743360519e-03
4.588468372821807861e-02
6.684606429189443588e-03
-5.102954432368278503e-02
-1.319342758506536484e-02
-3.649102523922920227e-02
-1.035731956362724304e-01
-2.492036670446395874e-02
-7.148857694119215012e-03
-5.532416515052318573e-03
4.382262751460075378e-02
2.890286967158317566e-02
-3.450655937194824219e-02
-3.121795319020748138e-02
-5.353048816323280334e-02
4.997876286506652832e-02
-3.961132373660802841e-03
1.939014298841357231e-03
-1.109781023114919662e-02
5.214810837060213089e-03
4.975982592441141605e-04
-2.854027971625328064e-02
-3.187049925327301025e-02
1.683372557163238525e-01
-1.308798231184482574e-02
-7.792330533266067505e-02
1.335324160754680634e-02
2.244808524847030640e-02
-6.560289114713668823e-02
7.886397093534469604e-02
-3.719639405608177185e-02
4.119618237018585205e-02
8.922185003757476807e-02
6.780237890779972076e-03
4.606785625219345093e-02
4.851618036627769470e-02
1.386195886880159378e-02
2.477147430181503296e-02
2.139625139534473419e-02
8.231390267610549927e-02
-2.185570634901523590e-02
5.144422873854637146e-02
-2.589065954089164734e-02
-2.341313101351261139e-02
4.103688150644302368e-02
-1.743536740541458130e-01
4.237107560038566589e-02
3.777293488383293152e-02
9.416398406028747559e-02
6.167031824588775635e-02
1.050427928566932678e-02
-1.457915920764207840e-02
-2.094275504350662231e-02
6.527938414365053177e-03
7.103693485260009766e-02
-7.787436246871948242e-02
2.657599188387393951e-02
1.364149991422891617e-02
5.977413151413202286e-03
-4.770074412226676941e-02
6.156818568706512451e-02
4.463760554790496826e-02
-1.182449981570243835e-01
2.573191933333873749e-02
2.062403596937656403e-02
-5.590080618858337402e-01
4.383570328354835510e-02
3.961290419101715088e-02
7.130528986454010010e-02
1.088110916316509247e-02
-3.427966497838497162e-03
-7.957184314727783203e-02
6.646338105201721191e-02
-6.094931438565254211e-02
-2.735724300146102905e-02
2.481958363205194473e-03
1.550869923084974289e-02
4.903602879494428635e-03
3.505923226475715637e-02
-6.512600462883710861e-03
1.352713536471128464e-02
2.279184199869632721e-02
-2.823732979595661163e-02
-1.191252935677766800e-02
-5.908324941992759705e-02
2.423894964158535004e-02
5.716386716812849045e-03
-7.341021299362182617e-02
2.422975003719329834e-02
-2.271503023803234100e-02
2.393106184899806976e-02
5.134936049580574036e-02
-3.535229340195655823e-02
4.210309311747550964e-02
8.178695291280746460e-02
1.041863486170768738e-01
1.900152419693768024e-03
-2.522455342113971710e-02
3.721500560641288757e-02
-3.271253779530525208e-03
-5.012788176536560059e-01
4.379278421401977539e-02
9.446562826633453369e-02
-1.038659643381834030e-02
-1.018592808395624161e-02
-2.047169022262096405e-02
-4.705444723367691040e-02
-1.705598458647727966e-02
1.333573013544082642e-01
-2.450190484523773193e-02
-2.874062210321426392e-02
-5.445585586130619049e-03
6.315574049949645996e-02
1.385768596082925797e-02
-5.197941139340400696e-02
-6.119253579527139664e-03
-8.854254335165023804e-02
7.271633297204971313e-02
4.294314887374639511e-03
3.427218325668945909e-05
7.205180823802947998e-02
-1.450697705149650574e-02
-4.874138161540031433e-02
-6.197609752416610718e-02
-1.161564663052558899e-01
-1.067733913660049438e-01
5.576374009251594543e-02
-5.374068394303321838e-02
7.128955423831939697e-02
4.175008833408355713e-02
9.269844740629196167e-02
-2.154776453971862793e-02
-6.352844834327697754e-02
-3.062749514356255531e-03
-1.064549982547760010e-01
-1.484295818954706192e-02
3.696670383214950562e-02
-2.171841263771057129e-02
1.016053035855293274e-01
-1.135706827044487000e-01
1.471942104399204254e-02
2.529876679182052612e-02
-6.885331124067306519e-02
-4.580926522612571716e-02
-8.799193054437637329e-02
-3.352325782179832458e-02
-3.023289330303668976e-02
2.635169774293899536e-02
2.525313757359981537e-02
7.135063409805297852e-03
-5.553254112601280212e-02
-1.929542981088161469e-02
-6.537942588329315186e-02
2.735641226172447205e-02
2.694299677386879921e-03
4.313839972019195557e-02
-5.311242118477821350e-02
-7.202153652906417847e-02
-1.578131616115570068e-01
1.453049480915069580e-01
4.893989861011505127e-02
-4.957802221179008484e-02
-4.095770046114921570e-02
5.587500333786010742e-02
1.634901314973831177e-01
-3.303473815321922302e-02
-4.806278273463249207e-03
-7.722142618149518967e-03
-4.995865747332572937e-02
-2.307397127151489258e-02
-3.929135948419570923e-02
-1.920315623283386230e-02
-3.037465550005435944e-02
-1.701390296220779419e-01
6.066144257783889771e-02
9.573654830455780029e-02
-6.394831091165542603e-02
6.779634207487106323e-02
-1.012861728668212891e-01
5.732568725943565369e-02
4.734732676297426224e-03
4.249547421932220459e-02
-4.011167213320732117e-02
2.250937558710575104e-02
2.104723826050758362e-02
1.716825552284717560e-02
-1.335383579134941101e-02
-1.984218508005142212e-02
8.194563537836074829e-02
9.207592159509658813e-02
-4.725632071495056152e-02
-3.844950348138809204e-02
5.300768092274665833e-02
5.500514060258865356e-02
-1.824043318629264832e-02
-5.682947114109992981e-02
-4.217159375548362732e-02
5.160781438462436199e-04
-3.018568269908428192e-02
5.350399017333984375e-02
6.714837253093719482e-02
2.905319444835186005e-02
-2.468089759349822998e-02
4.144139215350151062e-02
6.895743310451507568e-02
-9.537813812494277954e-02
-4.392268881201744080e-02
-8.533092588186264038e-02
-1.053992211818695068e-01
-1.469407323747873306e-02
4.028788581490516663e-02
9.273841232061386108e-02
3.777167946100234985e-02
-5.745963752269744873e-02
-1.689206226728856564e-03
1.983114629983901978e-01
1.519101411104202271e-01
-5.292427912354469299e-02
3.731367737054824829e-02
3.260047733783721924e-02
5.142204463481903076e-02
1.035605445504188538e-01
-3.066794387996196747e-02
7.391783595085144043e-02
1.511572673916816711e-02
-2.054918557405471802e-02
1.323169842362403870e-02
1.277219597250223160e-02
2.866444289684295654e-01
-5.869180336594581604e-02
1.027433648705482483e-01
-4.432458803057670593e-02
-2.656230144202709198e-02
-7.816687971353530884e-02
-8.508101850748062134e-02
-5.232346430420875549e-02
5.594702437520027161e-02
5.924158543348312378e-02
-6.496828794479370117e-02
1.153207272291183472e-01
1.432237178087234497e-01
5.141720175743103027e-02
4.041435942053794861e-02
-8.187902718782424927e-02
-1.151866093277931213e-02
-9.916264563798904419e-02
6.898761494085192680e-04
-9.792120009660720825e-02
9.615173935890197754e-02
-1.421705540269613266e-02
-8.124676346778869629e-02
1.274299714714288712e-02
3.115202672779560089e-02
-4.394624382257461548e-02
-4.610044881701469421e-02
2.730041369795799255e-02
-3.748784214258193970e-02
-4.414568841457366943e-02
-2.318842150270938873e-02
2.907588519155979156e-02
