-5.904557183384895325e-02
1.811457872390747070e-01
-4.639340192079544067e-02
7.861210033297538757e-04
-1.298228744417428970e-02
4.085668921470642090e-02
-1.359862647950649261e-02
-1.108727604150772095e-02
-3.181609883904457092e-02
1.306977629661560059e+00
-6.719927489757537842e-02
8.865071088075637817e-02
1.090332046151161194e-01
-3.184563294053077698e-02
-2.301506511867046356e-02
-2.423342131078243256e-02
2.166446484625339508e-02
1.229249835014343262e+00
-1.853935569524765015e-01
-7.329441606998443604e-02
1.516452524811029434e-03
-6.792350858449935913e-02
-1.178622990846633911e-01
-1.858635060489177704e-02
3.744359686970710754e-02
2.184825949370861053e-02
-6.502378731966018677e-02
-1.052259001880884171e-02
-3.703411435708403587e-03
4.770870506763458252e-02
2.611255738884210587e-03
2.491728030145168304e-02
-2.783516235649585724e-02
6.307306140661239624e-02
8.538565039634704590e-02
-6.603216379880905151e-02
1.411597430706024170e-02
5.538900196552276611e-02
2.118135057389736176e-02
-3.426834568381309509e-02
1.540877763181924820e-02
1.582615636289119720e-02
2.976632304489612579e-02
-2.445431239902973175e-02
-3.576781228184700012e-02
-1.428113225847482681e-02
-9.185512363910675049e-02
-8.134878240525722504e-03
-1.984252594411373138e-02
-1.099073886871337891e-02
6.714085489511489868e-02
5.632160604000091553e-02
-3.258150443434715271e-02
-2.201519347727298737e-02
-3.546747565269470215e-02
1.333344820886850357e-02
1.238293945789337158e-02
-4.750973894260823727e-04
-1.233368925750255585e-02
-3.578554838895797729e-02
1.397559698671102524e-02
2.293609455227851868e-02
-1.073523331433534622e-02
1.908189803361892700e-01
-6.008635088801383972e-02
-6.161700934171676636e-02
-6.264216732233762741e-03
2.290524356067180634e-02
-5.343673378229141235e-02
7.554231584072113037e-02
1.721931621432304382e-02
2.725271694362163544e-02
1.736273802816867828e-02
1.970270648598670959e-02
6.429232656955718994e-02
7.988987490534782410e-03
-2.492664568126201630e-02
-9.529693983495235443e-03
3.674004971981048584e-02
5.039725452661514282e-02
-2.058357372879981995e-02
6.754778325557708740e-02
-6.949815154075622559e-02
-4.513240884989500046e-03
3.451620414853096008e-02
-2.193428575992584229e-01
7.162779569625854492e-02
-7.140665501356124878e-02
3.316775336861610413e-02
8.250135183334350586e-02
1.091055013239383698e-02
2.905134484171867371e-02
-1.103846449404954910e-02
-3.750436753034591675e-02
6.792468577623367310e-02
-6.041055917739868164e-02
1.798056066036224365e-02
-3.426926210522651672e-02
-4.105274006724357605e-02
-1.857991702854633331e-02
4.832724481821060181e-02
4.446120560169219971e-02
-1.144536882638931274e-01
8.759867399930953979e-03
4.614389315247535706e-02
-5.559960603713989258e-01
6.845904886722564697e-02
6.482050288468599319e-03
5.101755261421203613e-02
3.886853903532028198e-02
1.326304953545331955e-02
-8.796468377113342285e-02
4.140734300017356873e-02
-4.108332842588424683e-02
-4.136996716260910034e-02
-2.929276414215564728e-02
-1.691698655486106873e-02
9.730255231261253357e-03
1.102422247640788555e-03
-1.864011399447917938e-02
-4.417906515300273895e-03
9.898362681269645691e-03
-3.770394995808601379e-02
-2.569133602082729340e-02
-5.704859271645545959e-02
3.095575980842113495e-02
-1.703470200300216675e-02
-6.748098134994506836e-02
2.962003275752067566e-02
3.690864832606166601e-04
2.577447704970836639e-02
2.802024036645889282e-02
-4.029260948300361633e-02
2.412084722891449928e-04
4.390380159020423889e-02
6.345161050558090210e-02
-2.940616011619567871e-02
1.390417851507663727e-02
4.620560631155967712e-02
-2.817262336611747742e-02
-5.049349665641784668e-01
6.160581111907958984e-02
6.168219447135925293e-02
2.686055842787027359e-03
5.957126617431640625e-03
1.329770777374505997e-02
-2.497409284114837646e-02
1.391298696398735046e-02
8.300862461328506470e-02
-5.998206883668899536e-02
-1.190568972378969193e-02
-1.370021142065525055e-02
6.926592439413070679e-02
-1.930608786642551422e-02
-1.011367812752723694e-01
4.961169324815273285e-03
-6.719777733087539673e-02
7.536374777555465698e-02
-3.125043585896492004e-02
-1.229621004313230515e-02
7.063775509595870972e-02
-1.394795626401901245e-02
-1.810930855572223663e-02
-3.965986520051956177e-02
-1.180828735232353210e-01
-6.824426352977752686e-02
6.369765847921371460e-02
-5.600002408027648926e-02
6.580648571252822876e-02
6.210727244615554810e-02
7.380367815494537354e-02
-1.627113297581672668e-02
-4.665885865688323975e-02
-4.936946555972099304e-02
-7.677230238914489746e-02
-1.518433820456266403e-02
3.386140614748001099e-02
-2.611260116100311279e-02
5.292707681655883789e-02
-1.330501288175582886e-01
2.412875648587942123e-03
-2.009589952649548650e-04
-4.138917475938796997e-02
-6.162557750940322876e-02
-6.380267441272735596e-02
-1.851014979183673859e-02
-3.180031105875968933e-02
7.089269161224365234e-02
4.196477681398391724e-02
-2.434982918202877045e-02
-1.441502291709184647e-02
-2.178326435387134552e-02
-3.731675073504447937e-02
2.426375076174736023e-02
3.811402246356010437e-02
7.626084983348846436e-02
-7.610564678907394409e-02
-7.574196904897689819e-02
-1.435483992099761963e-01
1.037875190377235413e-01
1.673336722888052464e-03
-5.334573984146118164e-02
-1.967747882008552551e-02
5.423109605908393860e-02
1.590941995382308960e-01
-4.153388366103172302e-02
9.635655209422111511e-03
2.365599200129508972e-02
-4.479887709021568298e-02
-1.905100606381893158e-02
-3.030530363321304321e-02
-4.575017839670181274e-02
-1.700098440051078796e-02
-1.739308089017868042e-01
2.128427475690841675e-02
3.857667744159698486e-02
-5.448849871754646301e-02
7.066443562507629395e-02
-6.377345323562622070e-02
4.544140025973320007e-02
1.102257985621690750e-02
5.027393344789743423e-03
-6.055216863751411438e-02
2.786962315440177917e-03
5.390391685068607330e-03
4.433187842369079590e-02
2.583280019462108612e-02
-9.188878349959850311e-03
8.347184956073760986e-02
8.747963607311248779e-02
-5.423888936638832092e-02
-7.781740278005599976e-02
6.266977638006210327e-02
6.641957163810729980e-02
-8.965704590082168579e-02
-2.295047603547573090e-02
-3.714255243539810181e-02
1.300264033488929272e-03
-4.785929620265960693e-02
3.031194582581520081e-02
7.412096858024597168e-02
3.654737770557403564e-02
2.418526681140065193e-03
4.700445756316184998e-02
2.316484972834587097e-02
-9.828925877809524536e-02
-4.901673272252082825e-02
-7.332327216863632202e-02
-1.056520789861679077e-01
-6.522931903600692749e-02
4.628938809037208557e-02
4.134432598948478699e-02
5.216640233993530273e-02
-6.944680213928222656e-02
3.690072894096374512e-02
1.940350532531738281e-01
9.787279367446899414e-02
-4.030776768922805786e-02
4.120576381683349609e-02
3.976668231189250946e-03
5.357242375612258911e-02
8.933619409799575806e-02
-1.728465780615806580e-02
1.022682189941406250e-01
1.762789115309715271e-02
-6.376007944345474243e-02
-3.688318887725472450e-03
-4.857538442593067884e-04
2.734200358390808105e-01
-6.922577321529388428e-02
6.484241783618927002e-02
1.086373720318078995e-02
-3.071399964392185211e-02
-8.408197015523910522e-02
-6.937645375728607178e-02
-3.376352414488792419e-02
-2.699805656448006630e-03
5.179362371563911438e-02
-7.389696687459945679e-02
1.585705876350402832e-01
1.805829703807830811e-01
4.435549676418304443e-02
1.881042309105396271e-02
-9.456334263086318970e-02
-8.373157121241092682e-03
-6.911573559045791626e-02
4.992747306823730469e-02
-9.839234501123428345e-02
1.464909166097640991e-01
-1.414352934807538986e-02
-1.104293391108512878e-01
7.179880980402231216e-03
3.724122419953346252e-02
-6.366682797670364380e-02
-4.081055521965026855e-02
1.862948015332221985e-02
-3.655080869793891907e-02
-7.331753615289926529e-03
-4.620318859815597534e-02
5.887658149003982544e-02
