-2.025560812173109182e-02
2.094517744497710887e-01
-1.881267622715613111e-02
-2.531940332466329352e-02
2.931240101445249310e-02
-3.314826892181822054e-02
-3.406403059685979284e-02
8.588279429483954355e-03
3.864968345075528444e-02
1.152509681616605386e+00
-1.458687478506682789e-01
9.747560187704025492e-02
6.127735706302481905e-02
-2.267836937019447954e-02
-5.501687706592481297e-02
-6.783669842758741075e-02
-1.738211752601974414e-02
1.121439327252756302e+00
-1.605558412420186043e-01
-4.485201169428932461e-02
-2.084173208427754151e-02
-6.872860091657770343e-02
-5.509848951703553988e-02
8.252890575477150881e-03
5.974045957363674497e-02
-1.352883047051838591e-03
-4.951354528096577751e-02
-1.724782627276527170e-03
3.761822477310114432e-02
6.858897956627127424e-02
-7.950863855915538819e-03
3.935521111089011759e-02
-3.528419237898300365e-02
3.128411086678056872e-03
6.750245930063954181e-02
-7.946720452623595721e-02
-2.727623000720507188e-02
1.713923251574786533e-02
-3.878755044914616867e-02
1.107029266078605155e-02
1.137969267082696023e-02
2.934117238586727780e-02
6.767322290366374615e-02
1.682598045014384314e-02
-1.850610448302477187e-02
-9.656194793051435174e-03
-1.007065767625803243e-01
4.550874080278501793e-02
-5.185951478676063126e-02
-1.996305114318783908e-02
3.634167060176155678e-02
2.872738229361282772e-02
-3.919093860995339490e-02
-4.280886839128616311e-02
-1.542638981964219655e-02
3.598662235487840727e-02
5.359187339481812085e-03
5.340192595359753019e-02
-5.826084919294197660e-03
-1.049191792127222508e-02
4.267871552888958392e-02
-2.024428879255035091e-02
-6.001334149544726437e-02
1.702062203584700228e-01
-8.300363213000698515e-02
-1.139443549246001580e-01
2.456472123007216735e-02
3.805668994735099397e-02
2.712704743895897816e-02
6.625408753971451237e-02
3.067031450898356423e-02
7.163631891816114872e-02
1.009464718559447277e-01
-1.489814130023501410e-03
7.546828965805736644e-02
3.671110453435209864e-02
2.679406893917327115e-02
-7.752159222503711205e-04
4.387953432803549936e-02
1.574839309384431507e-01
2.499318659840346277e-02
7.619036586918974396e-02
1.316307660434780889e-02
-1.958129414149916911e-02
1.156206381798945658e-02
-1.410846402018703649e-01
3.908177782133471362e-02
-1.352902764714260797e-01
9.327940261730860438e-02
3.136942625354158243e-02
1.972062852995655133e-02
-1.319306170925469588e-05
-8.043370832421738517e-03
-7.874252184940049026e-02
7.426372657068029681e-02
-1.043975226706376908e-01
-5.771298388634782568e-03
4.851341431608906241e-02
-1.051217191413708445e-02
-8.755454129732378674e-03
1.507521618427536125e-02
4.570257162728150191e-02
-1.150176874762611073e-01
1.086390443589987063e-02
1.059864016072830858e-02
-2.090735562265177427e-01
6.291979636365152562e-02
8.590292422996181898e-02
1.007687710442030926e-01
2.881094207534979496e-02
-5.280878865599159758e-04
-7.660208720159576712e-02
1.384433155262269725e-02
-3.470175443512194240e-03
-2.564949716865645712e-02
-5.001892895592522856e-03
-2.013028599264479225e-03
-1.338981405834569448e-02
-1.839015999148126915e-03
-2.080996734990687123e-03
2.743099642697661641e-02
4.397308138460590682e-02
-4.132251378058467151e-02
-8.034433537209743903e-02
-1.324666019514648685e-01
4.194819086017538556e-02
1.100467488671097102e-02
-6.440058466634672463e-02
7.251903862798211864e-02
-2.616901089518703510e-02
2.346474257903124680e-02
8.798513945634098277e-02
2.942985236898058854e-02
3.734087426634005724e-02
1.800755902121037658e-02
2.541536637444309979e-02
-8.345442037335495597e-03
-1.076693138066012016e-02
4.020980354707100884e-02
7.850909028973633921e-03
-3.739189583247787829e-01
6.463930183771070259e-02
5.785754373729648514e-02
-2.368281102834936605e-02
5.853606690901718562e-02
3.332390711695059488e-02
-4.298105552557897335e-02
2.336677204941666613e-02
8.473749321516928223e-02
-3.894830923381777804e-02
3.054423174303103408e-02
-4.628271074357895309e-02
7.497917634400599884e-02
3.991583682145277007e-02
-9.774736602605887947e-02
-2.916163201083134954e-02
-6.780481433463106389e-02
7.545227493128554841e-02
7.646390441986007994e-03
-9.812186126392574009e-03
7.385740362974008155e-02
-1.828735340284523385e-03
-4.515417124335310839e-02
-1.064615928857761684e-01
-2.008238516794300654e-01
-1.351178412216480669e-02
1.141422834139279273e-02
-1.238373208114978280e-02
9.158065864506129139e-02
3.316612571810135385e-02
9.112384545599194752e-02
3.911550899623642691e-02
-6.905045431900189157e-02
-2.124221679266455678e-02
-1.044357976170006419e-01
-3.507115907630103664e-04
2.454849848728750394e-02
-4.425120631242685648e-02
8.902076847912004931e-02
-1.183462945521177589e-01
2.097914169806187976e-03
2.517866420156496948e-02
-9.612002918920792283e-02
-7.739667829604830740e-02
-6.013046704176247537e-02
1.101606689618535306e-02
-5.632439554857361641e-02
6.769641543598713118e-02
6.891338429762405848e-02
2.373553180962823667e-02
-3.624516370288793227e-02
1.670689629522579059e-02
-3.058623844654002541e-02
3.463714228062701739e-02
1.377853207781350696e-02
-1.035732341575806674e-02
-4.797215665067392637e-02
-8.498764374858849835e-02
-1.412508023904418264e-01
1.087317242644794402e-01
7.558684876050926482e-02
-6.493433370556336848e-02
-6.083362131437729942e-02
5.644004743927977241e-02
1.937449113769581510e-01
-1.154740620773515684e-02
-1.950906997935358345e-03
-4.552436455970138018e-02
-5.620073880069856309e-02
-1.833666541569679495e-02
-1.083064192358131235e-02
-1.705054626709199828e-01
8.498879535531019686e-03
-1.593522355295440007e-01
2.733176777641689245e-02
8.810380381990781662e-02
-6.024866524896319020e-02
-3.135574481481742844e-03
-9.958224770695177364e-02
3.551355133598609742e-02
6.096739315415392046e-02
1.191789651080055190e-02
-6.377938870279169226e-02
-3.675013385203872163e-02
-2.011548427491171784e-02
1.962495870756834210e-02
5.404920662391955732e-02
-1.593913926642987616e-02
8.175515510796703411e-02
5.444624653700956551e-02
-2.640907891752597089e-02
-3.442145755697413037e-04
8.961597497215492703e-02
8.171451429273512979e-02
-7.219833307295409064e-02
-2.755314693842132387e-02
-7.464649608404592962e-02
-1.418607053400948448e-02
-1.488115980024688409e-02
3.124250139866959451e-03
-1.747254434239752657e-02
-2.057426233812644986e-02
-9.208840067023861542e-03
7.461432126991500435e-02
3.944279587716473245e-02
-1.251935200535857218e-01
2.018930865662597191e-02
-8.483072824772041817e-03
-1.067000343732677076e-01
-1.760625102053157282e-02
2.068660852858033791e-02
1.031856063425174996e-01
6.351630107710390383e-02
-6.533794993211961000e-02
3.389123946426463030e-02
2.319598087800521513e-01
8.108177469357587264e-02
-7.835136152144456245e-02
1.253434820553257258e-02
-2.422420559586933864e-03
4.631318133013478250e-02
1.397857481182119554e-01
2.452229598832046664e-02
5.403558784062095777e-02
2.272819296459569621e-02
-1.487018758212372005e-01
5.650786567190034526e-02
-6.261294126035809758e-04
2.530241418071324522e-01
-1.419017271003141234e-01
5.641119586892028026e-02
-2.311482863099519058e-03
-6.012364010659402430e-02
-1.325944190195967598e-01
-8.105562482516630307e-02
-4.350189253469727291e-02
6.912998034444163727e-03
5.760828541713716722e-02
-5.010101758827016638e-02
1.076564168138050004e-01
1.570650919496940912e-01
3.778005371244123195e-02
1.229799940925457337e-02
-3.998224154767281852e-02
2.563511398916608341e-02
-1.145084642768236655e-01
2.775869933993060576e-02
-1.048388273887736893e-01
1.173121492098158358e-01
8.413506881711048380e-02
-1.025524757735027798e-01
1.515624719303693482e-02
-4.109657471334691938e-04
-3.192711718397124587e-02
-6.859208351605325903e-03
-5.138064688789598794e-02
-8.840866005848749265e-02
-6.505067731216765403e-02
-2.658524843066704946e-02
-1.763227683119854543e-03
