-3.968523442745208740e-02
1.624087840318679810e-01
-6.158403307199478149e-02
-5.965477228164672852e-02
3.205328807234764099e-02
-3.474092110991477966e-03
-1.187380030751228333e-02
-3.119838610291481018e-02
3.459675237536430359e-02
1.223078727722167969e+00
-1.278599500656127930e-01
1.061414182186126709e-01
7.252015918493270874e-02
-1.951298303902149200e-02
-2.140203863382339478e-02
-4.429724067449569702e-02
-1.856563799083232880e-02
1.208839297294616699e+00
-1.685976535081863403e-01
-5.925152823328971863e-02
-3.175822645425796509e-02
-4.918900132179260254e-02
-8.675546199083328247e-02
-2.082264050841331482e-02
5.284468457102775574e-02
8.960338309407234192e-03
-9.003581106662750244e-02
-1.042982935905456543e-02
3.421365469694137573e-02
6.638116389513015747e-02
-1.399667095392942429e-02
-1.170631870627403259e-02
2.111409418284893036e-02
5.311663821339607239e-02
7.920480519533157349e-02
-7.105671614408493042e-02
4.288590862415730953e-04
5.279573798179626465e-02
-1.178768556565046310e-02
-1.599080488085746765e-02
6.910465657711029053e-03
1.102101616561412811e-02
6.215266138315200806e-02
-1.808779872953891754e-02
-1.855746097862720490e-02
-3.272573649883270264e-02
-7.601271569728851318e-02
4.454420506954193115e-02
-4.628580436110496521e-02
-1.227362360805273056e-02
-1.081358548253774643e-02
2.411884255707263947e-02
-1.137954182922840118e-02
-3.258734568953514099e-02
-4.089817777276039124e-02
1.705456525087356567e-02
-7.112547289580106735e-03
5.334699898958206177e-02
1.542176026850938797e-02
-4.077272489666938782e-02
4.396918695420026779e-03
2.839915826916694641e-02
1.218330871779471636e-04
1.764726042747497559e-01
-7.199904322624206543e-02
-2.764683961868286133e-02
2.894520759582519531e-02
7.641796767711639404e-02
-3.291707858443260193e-02
8.124884217977523804e-02
4.435487091541290283e-02
5.095118284225463867e-02
9.515059739351272583e-02
2.920307777822017670e-02
8.990307152271270752e-02
6.356280762702226639e-03
1.745504327118396759e-02
-1.652322150766849518e-02
1.032300386577844620e-02
1.122234612703323364e-01
-2.244323678314685822e-02
8.011487126350402832e-02
-5.212788283824920654e-02
5.452083051204681396e-02
3.134721145033836365e-02
-1.444580256938934326e-01
7.636689394712448120e-02
-1.149311214685440063e-01
8.556547760963439941e-02
8.141095191240310669e-02
-4.645750299096107483e-02
3.004732914268970490e-02
2.551695331931114197e-03
-6.271500140428543091e-02
4.458154365420341492e-02
-7.237504422664642334e-02
-3.254839032888412476e-02
-3.322963137179613113e-03
-4.295488819479942322e-02
-2.074575982987880707e-02
5.980830173939466476e-03
4.560064896941184998e-02
-9.348868578672409058e-02
-1.025852002203464508e-02
7.854250073432922363e-02
-3.486608564853668213e-01
9.487424790859222412e-02
1.282659638673067093e-02
2.650064416229724884e-02
3.737978637218475342e-02
5.318176373839378357e-02
-1.545030474662780762e-01
4.945008084177970886e-02
-4.162326082587242126e-02
-1.494765654206275940e-02
3.558872733265161514e-03
-2.132406085729598999e-02
8.789037354290485382e-03
-8.329084143042564392e-03
-4.105144739151000977e-02
1.153365988284349442e-02
9.577368386089801788e-03
-1.001816056668758392e-02
-3.579568490386009216e-02
-9.899969398975372314e-02
5.706794559955596924e-02
-3.199469670653343201e-02
-9.233684092760086060e-02
4.597405716776847839e-02
-4.461021721363067627e-02
9.046140126883983612e-03
6.065187230706214905e-02
-4.910622537136077881e-02
6.590374745428562164e-03
3.799185156822204590e-02
5.738921463489532471e-02
1.149494294077157974e-02
1.094346307218074799e-02
4.266438633203506470e-02
-7.296817842870950699e-03
-5.509418249130249023e-01
7.148194313049316406e-02
7.006306946277618408e-02
2.346653118729591370e-02
3.750754147768020630e-02
-4.841109737753868103e-03
-6.144879758358001709e-02
3.042011335492134094e-02
3.503902256488800049e-02
-2.181763201951980591e-02
1.122501585632562637e-02
1.356882974505424500e-02
4.252656176686286926e-02
5.312622524797916412e-03
-6.693978607654571533e-02
-2.927544340491294861e-02
-6.812598556280136108e-02
8.119177818298339844e-02
2.100767940282821655e-02
-3.983913362026214600e-02
7.837943732738494873e-02
1.195454970002174377e-02
-4.032792523503303528e-02
-1.124992966651916504e-01
-1.368218660354614258e-01
-4.294374212622642517e-02
2.980023063719272614e-02
-5.258943140506744385e-02
7.274783402681350708e-02
4.776112735271453857e-02
6.919272989034652710e-02
5.225871689617633820e-03
-2.233683131635189056e-02
-5.439379811286926270e-02
-7.382433861494064331e-02
-4.394946154206991196e-03
3.307349979877471924e-02
-2.762018144130706787e-02
4.169854521751403809e-02
-9.228044003248214722e-02
-1.988536678254604340e-02
-2.194962091743946075e-02
-7.635650038719177246e-02
-9.596116095781326294e-02
-8.232250064611434937e-02
-2.686664089560508728e-02
-2.407396025955677032e-02
-8.663373999297618866e-03
6.015374511480331421e-02
3.324226662516593933e-02
-4.257461056113243103e-02
1.311034057289361954e-02
-1.396637875586748123e-02
6.501051783561706543e-02
5.948979407548904419e-02
3.895655274391174316e-02
-3.110109455883502960e-02
-1.226502954959869385e-01
-1.251787245273590088e-01
1.096491292119026184e-01
5.876875668764114380e-02
-1.198528781533241272e-01
-3.733697533607482910e-02
7.433313876390457153e-02
1.249041780829429626e-01
-5.023531615734100342e-02
2.059538662433624268e-02
3.421338647603988647e-02
-6.769882142543792725e-02
-3.952849190682172775e-03
-2.987699396908283234e-02
-5.389307066798210144e-02
-1.893922686576843262e-02
-1.131489127874374390e-01
3.468555212020874023e-02
6.266863644123077393e-02
-5.909273773431777954e-02
3.939890116453170776e-02
-7.589925080537796021e-02
7.741392403841018677e-02
5.795771628618240356e-02
2.727945707738399506e-02
-4.880092293024063110e-02
1.117781735956668854e-02
-4.587208386510610580e-03
3.681189194321632385e-02
-4.707023967057466507e-03
-1.929594390094280243e-02
8.230018615722656250e-02
5.738453939557075500e-02
-2.766469866037368774e-02
-7.056257128715515137e-02
7.990634441375732422e-02
5.780326668173074722e-03
-9.259196370840072632e-02
-3.388468548655509949e-02
-5.469224974513053894e-02
-3.609770210459828377e-03
-8.342086523771286011e-02
1.906291581690311432e-02
-2.343028038740158081e-02
2.525079064071178436e-02
2.341441996395587921e-02
1.095261499285697937e-01
5.009897053241729736e-02
-9.039200097322463989e-02
8.497984148561954498e-03
-3.953373804688453674e-02
-1.244724839925765991e-01
-1.438873540610074997e-02
7.029592245817184448e-02
6.295438855886459351e-02
3.286638483405113220e-02
-6.035094335675239563e-02
3.979852050542831421e-02
2.536713778972625732e-01
1.182452961802482605e-01
-4.134269431233406067e-02
-1.036317553371191025e-02
-3.989714011549949646e-02
4.778385162353515625e-02
1.212848573923110962e-01
8.387153036892414093e-03
3.410338982939720154e-02
3.060180461034178734e-03
-1.322052031755447388e-01
4.129284247756004333e-02
3.641678020358085632e-02
3.441605865955352783e-01
-7.058572024106979370e-02
1.527524646371603012e-02
1.379947271198034286e-02
-2.671622857451438904e-02
-1.406271904706954956e-01
-6.533011794090270996e-02
-3.512201085686683655e-02
1.076442003250122070e-02
4.259910061955451965e-02
-6.510382890701293945e-02
1.368823498487472534e-01
1.539402902126312256e-01
1.551558729261159897e-02
-1.001854706555604935e-02
-6.356393545866012573e-02
2.024024259299039841e-03
-5.812042579054832458e-02
2.822609059512615204e-02
-8.330287784337997437e-02
1.419233977794647217e-01
2.605595625936985016e-02
-7.633142918348312378e-02
2.766818180680274963e-02
-5.309331230819225311e-03
-5.339865386486053467e-02
-3.623751178383827209e-02
-2.210016362369060516e-02
-4.105598106980323792e-02
-4.031908884644508362e-02
-4.662325233221054077e-02
5.145432054996490479e-02
