-3.206449747085571289e-02
1.730495989322662354e-01
-8.466057479381561279e-02
-2.736623585224151611e-02
1.203548349440097809e-02
4.165104404091835022e-02
-1.897466182708740234e-02
-1.485184114426374435e-02
-5.298824515193700790e-03
1.403332591056823730e+00
-8.414988219738006592e-02
1.328289210796356201e-01
9.583523124456405640e-02
-3.898665308952331543e-02
-2.987047657370567322e-02
-1.504923216998577118e-02
-4.760844632983207703e-03
1.223589181900024414e+00
-1.893756538629531860e-01
-9.044321626424789429e-02
2.626448869705200195e-03
-6.244305521249771118e-02
-1.057021617889404297e-01
5.878709256649017334e-03
4.314355552196502686e-02
2.548364177346229553e-02
-7.430320233106613159e-02
-8.827417157590389252e-03
-1.367006637156009674e-02
7.431571185588836670e-02
-2.301931940019130707e-02
1.786006428301334381e-02
-2.147042937576770782e-02
5.389310792088508606e-02
8.449224382638931274e-02
-5.862695723772048950e-02
-5.689946468919515610e-03
5.423012003302574158e-02
-5.057499743998050690e-03
-3.957456350326538086e-02
9.916667826473712921e-03
3.787701204419136047e-02
3.533115610480308533e-02
-3.935395926237106323e-02
-2.132994309067726135e-02
-2.045283280313014984e-02
-8.925007283687591553e-02
1.114870142191648483e-02
-5.649238079786300659e-02
-2.850995631888508797e-03
2.946696802973747253e-02
2.435939572751522064e-02
-2.396726980805397034e-02
3.274176269769668579e-03
-2.633018046617507935e-02
-2.093616407364606857e-03
1.650601811707019806e-02
1.097570825368165970e-02
-3.862917656078934669e-03
-7.076355814933776855e-02
1.067707780748605728e-02
2.209978736937046051e-02
-5.761251319199800491e-03
1.701623052358627319e-01
-8.232039958238601685e-02
-5.868522822856903076e-02
1.660826243460178375e-02
3.466146066784858704e-02
-3.373015299439430237e-02
9.056170284748077393e-02
2.852454222738742828e-02
3.323938697576522827e-02
5.269113183021545410e-02
3.652813658118247986e-02
8.415382355451583862e-02
-1.451219618320465088e-02
-1.440711878240108490e-02
-3.757673501968383789e-02
2.437548711895942688e-02
9.245900064706802368e-02
-3.263153508305549622e-02
5.751538276672363281e-02
-6.962984800338745117e-02
1.523743383586406708e-02
5.937069281935691833e-02
-2.131008207798004150e-01
4.201955348253250122e-02
-9.107139706611633301e-02
8.111731708049774170e-02
4.685031622648239136e-02
-2.820504084229469299e-02
7.256112247705459595e-02
-1.241729781031608582e-02
-4.746005684137344360e-02
3.694364801049232483e-02
-6.817754358053207397e-02
-2.862083166837692261e-02
-2.398483827710151672e-02
-3.120009228587150574e-02
-3.249446675181388855e-02
3.695191815495491028e-02
3.511660918593406677e-02
-1.082842200994491577e-01
-1.549141947180032730e-02
6.095409765839576721e-02
-5.252584815025329590e-01
9.274662286043167114e-02
1.522850804030895233e-02
5.039513111114501953e-02
3.885436058044433594e-02
1.579857803881168365e-02
-1.060300916433334351e-01
3.618061542510986328e-02
-3.529765456914901733e-02
-4.374687001109123230e-02
5.542678292840719223e-03
-2.664185315370559692e-02
2.009532600641250610e-02
-3.176259249448776245e-02
-1.030666101723909378e-02
-1.466094702482223511e-02
-1.810551993548870087e-02
-2.793175913393497467e-02
-2.547620236873626709e-02
-8.047777414321899414e-02
4.136233031749725342e-02
-2.566196769475936890e-02
-7.705977559089660645e-02
1.532354764640331268e-02
-2.035798691213130951e-02
-4.771323874592781067e-03
6.388996541500091553e-02
-5.993361771106719971e-02
-6.775128655135631561e-03
4.673474282026290894e-02
5.641823634505271912e-02
5.156311672180891037e-03
2.264053560793399811e-02
4.164640977978706360e-02
-1.261718105524778366e-02
-5.414902567863464355e-01
7.917449623346328735e-02
5.657112970948219299e-02
1.007477100938558578e-02
2.639054693281650543e-02
-8.215546607971191406e-03
-2.056077867746353149e-02
5.265322048217058182e-03
5.917083472013473511e-02
-4.270952567458152771e-02
-1.254863850772380829e-02
-1.328967744484543800e-03
6.068889796733856201e-02
7.245715823955833912e-04
-9.906642884016036987e-02
-1.898951828479766846e-02
-7.396724075078964233e-02
8.389843255281448364e-02
-2.632665820419788361e-02
-2.278959378600120544e-02
7.152783870697021484e-02
2.874305658042430878e-02
-2.218669466674327850e-02
-7.554688304662704468e-02
-1.232160031795501709e-01
-7.797069847583770752e-02
5.148432403802871704e-02
-2.979889884591102600e-02
1.041246280074119568e-01
5.883792042732238770e-02
9.677800536155700684e-02
-3.579629212617874146e-02
-1.332484558224678040e-02
-6.256247311830520630e-02
-7.122664153575897217e-02
-1.527492888271808624e-02
3.116235136985778809e-02
-3.602369874715805054e-02
5.273945629596710205e-02
-1.468931138515472412e-01
4.405787214636802673e-03
-2.917528711259365082e-02
-6.202984601259231567e-02
-7.229126989841461182e-02
-8.863273262977600098e-02
-1.744888909161090851e-02
-5.720965191721916199e-02
1.857005245983600616e-02
5.486809834837913513e-02
-3.751190379261970520e-03
-1.558222901076078415e-02
1.482661697082221508e-03
-2.348030917346477509e-02
6.118715554475784302e-02
3.806684166193008423e-02
6.560253351926803589e-02
-7.427998632192611694e-02
-8.798373490571975708e-02
-1.601446419954299927e-01
1.271595507860183716e-01
-6.439387798309326172e-03
-8.355041593313217163e-02
-2.636165358126163483e-02
7.911623269319534302e-02
1.651261001825332642e-01
-4.663698747754096985e-02
2.082113549113273621e-02
1.643425785005092621e-02
-5.659892782568931580e-02
-1.662976108491420746e-02
-2.743175812065601349e-02
-6.636806577444076538e-02
-2.097710408270359039e-02
-1.434667855501174927e-01
1.981582492589950562e-02
5.449508875608444214e-02
-5.951456353068351746e-02
7.922049611806869507e-02
-8.861982077360153198e-02
6.225778162479400635e-02
7.805831730365753174e-02
-1.923750527203083038e-02
-5.189996957778930664e-02
-1.457303855568170547e-02
1.655043475329875946e-02
2.451993525028228760e-02
4.172688350081443787e-02
-6.897880230098962784e-03
9.918841719627380371e-02
7.040459662675857544e-02
-5.690496042370796204e-02
-8.461079001426696777e-02
8.695305883884429932e-02
5.300454422831535339e-02
-7.699815183877944946e-02
-2.526365965604782104e-02
-5.985452979803085327e-02
-2.042028680443763733e-02
-6.157054379582405090e-02
2.632093243300914764e-02
1.158036291599273682e-02
2.191552706062793732e-02
2.005221322178840637e-02
8.166609704494476318e-02
2.073718979954719543e-02
-1.295444667339324951e-01
-5.193503573536872864e-02
-7.624600827693939209e-02
-9.735778719186782837e-02
-4.793498665094375610e-02
5.162296071648597717e-02
4.461847618222236633e-02
4.123551771044731140e-02
-7.732189446687698364e-02
1.474177092313766479e-02
2.247857898473739624e-01
1.093566790223121643e-01
-3.946565091609954834e-02
3.030948340892791748e-02
8.437750861048698425e-03
3.457510098814964294e-02
1.168609410524368286e-01
-3.286521648988127708e-03
6.510078161954879761e-02
2.629552595317363739e-02
-7.639597356319427490e-02
1.300112716853618622e-02
-4.385485590319149196e-05
3.402613401412963867e-01
-7.151689380407333374e-02
5.976466089487075806e-02
1.981822401285171509e-02
-6.021535769104957581e-02
-1.027229875326156616e-01
-8.455317467451095581e-02
-4.642310366034507751e-02
1.601803489029407501e-02
6.131008267402648926e-02
-9.072489291429519653e-02
1.597074717283248901e-01
1.866299957036972046e-01
4.286476969718933105e-02
-2.401270670816302299e-03
-1.010354980826377869e-01
-6.510517094284296036e-03
-9.132001549005508423e-02
4.487086087465286255e-02
-1.036073565483093262e-01
1.666734665632247925e-01
2.026265859603881836e-02
-1.104934215545654297e-01
2.296598441898822784e-02
3.242587670683860779e-02
-4.330934211611747742e-02
-3.513868153095245361e-02
2.280571311712265015e-02
-2.699196338653564453e-02
-2.447171695530414581e-02
-3.335497155785560608e-02
4.782212898135185242e-02
