-2.804579026997089386e-02
1.653607338666915894e-01
-7.023562490940093994e-02
-6.005815695971250534e-03
4.390548914670944214e-02
3.791075199842453003e-02
-2.103616856038570404e-02
-1.011959835886955261e-02
1.178889628499746323e-02
1.214049339294433594e+00
-7.437004148960113525e-02
7.248523086309432983e-02
6.961812824010848999e-02
-2.169699408113956451e-02
-1.478153746575117111e-02
-3.670674189925193787e-02
-2.296833321452140808e-02
1.160633563995361328e+00
-1.612108796834945679e-01
-7.901057600975036621e-02
-1.819013059139251709e-02
-3.074466809630393982e-02
-9.022440761327743530e-02
-1.645840471610426903e-03
3.552592918276786804e-02
2.353280084207653999e-03
-4.370976611971855164e-02
3.204695880413055420e-03
1.713333465158939362e-02
7.423151284456253052e-02
-1.513167377561330795e-02
2.422137185931205750e-02
2.724566729739308357e-03
5.229671299457550049e-02
7.154084742069244385e-02
-7.650281488895416260e-02
-2.865261211991310120e-02
3.884847462177276611e-02
-1.030811574310064316e-02
-3.067597374320030212e-02
6.025517359375953674e-03
4.272284358739852905e-02
1.735457777976989746e-02
-1.383581385016441345e-02
-1.818335056304931641e-02
-9.373271837830543518e-03
-5.068841949105262756e-02
2.598543092608451843e-02
-5.991645157337188721e-02
-2.769101411104202271e-03
1.684097945690155029e-02
4.987682402133941650e-02
-3.829386830329895020e-02
1.212515775114297867e-02
-3.232480213046073914e-02
1.941411942243576050e-02
1.259672269225120544e-02
1.192804239690303802e-02
5.781424697488546371e-03
-5.394932627677917480e-02
2.425059303641319275e-02
1.965972036123275757e-02
-2.179071493446826935e-02
1.644192934036254883e-01
-4.000124335289001465e-02
-3.778908774256706238e-02
8.943454362452030182e-03
3.790890425443649292e-02
-1.545444969087839127e-02
6.995359808206558228e-02
4.037686809897422791e-02
7.071550190448760986e-02
5.437941849231719971e-02
2.724182233214378357e-02
8.101261407136917114e-02
9.932137094438076019e-03
3.531464317347854376e-04
-3.195801004767417908e-02
4.548448324203491211e-02
9.890715777873992920e-02
-1.478327251970767975e-02
6.868812441825866699e-02
-5.310422927141189575e-02
2.492759004235267639e-02
6.513098627328872681e-02
-1.533477008342742920e-01
5.260834842920303345e-02
-7.124152779579162598e-02
8.714672923088073730e-02
4.355440661311149597e-02
-3.079119510948657990e-02
5.021024867892265320e-02
4.027263261377811432e-03
-5.696023628115653992e-02
3.593830764293670654e-02
-5.510817095637321472e-02
-3.060483932495117188e-02
-1.036594156175851822e-03
-1.472882181406021118e-02
-2.598056336864829063e-03
2.898355387151241302e-02
2.858446352183818817e-02
-8.527816832065582275e-02
-6.789904437027871609e-04
5.369988083839416504e-02
-4.840948879718780518e-01
7.237814366817474365e-02
3.257636353373527527e-02
5.306367203593254089e-02
3.534292429685592651e-02
1.096740178763866425e-02
-9.987416118383407593e-02
3.055599331855773926e-02
-2.721145376563072205e-02
-2.142791822552680969e-02
1.275990623980760574e-02
-2.101126685738563538e-02
1.412071101367473602e-02
-2.493480592966079712e-02
-6.460232660174369812e-03
8.479285985231399536e-03
-1.518206577748060226e-02
-2.527687326073646545e-02
-2.833618037402629852e-02
-7.738075405359268188e-02
2.610696665942668915e-02
-1.089818892069160938e-03
-6.168548390269279480e-02
9.327053092420101166e-03
-2.931142225861549377e-02
2.222703397274017334e-02
1.077045798301696777e-01
-2.836952731013298035e-02
-7.744253147393465042e-03
6.035671383142471313e-02
4.040279984474182129e-02
2.809745259582996368e-03
-1.128362398594617844e-02
3.386686369776725769e-02
-1.970851607620716095e-02
-4.841204583644866943e-01
4.946757107973098755e-02
4.425885528326034546e-02
-7.982920855283737183e-03
4.543917253613471985e-02
-1.974211446940898895e-02
-1.295101363211870193e-02
-6.152285728603601456e-03
5.279697850346565247e-02
-3.269651532173156738e-02
9.892110712826251984e-03
-1.049873791635036469e-02
6.736474484205245972e-02
1.735973916947841644e-02
-7.625078409910202026e-02
-1.707241870462894440e-02
-6.768080592155456543e-02
8.284841477870941162e-02
-1.086354255676269531e-02
-2.270078659057617188e-02
5.895584449172019958e-02
2.072736993432044983e-02
-3.647427260875701904e-02
-6.404456496238708496e-02
-1.174146756529808044e-01
-5.863701179623603821e-02
4.398864880204200745e-02
-3.170513361692428589e-02
9.357580542564392090e-02
6.228226795792579651e-02
7.655075937509536743e-02
-1.355323661118745804e-02
-2.546921931207180023e-02
-5.331235378980636597e-02
-7.503277808427810669e-02
2.502053685020655394e-04
2.520446293056011200e-02
-2.502062357962131500e-02
6.415399163961410522e-02
-1.143099367618560791e-01
3.806747961789369583e-03
-3.020123206079006195e-02
-4.785151779651641846e-02
-5.810931324958801270e-02
-8.506346493959426880e-02
-7.252583280205726624e-03
-7.692324370145797729e-02
2.684088237583637238e-02
4.453210532665252686e-02
-2.622953150421380997e-03
-2.578534185886383057e-02
1.324093784205615520e-03
-5.925410613417625427e-02
5.514581501483917236e-02
3.535981476306915283e-02
4.167204350233078003e-02
-7.188361138105392456e-02
-8.893954753875732422e-02
-1.398742794990539551e-01
9.630993008613586426e-02
9.453090839087963104e-03
-9.335827827453613281e-02
-3.859722241759300232e-02
5.810961499810218811e-02
1.495832204818725586e-01
-6.287850439548492432e-02
1.787082850933074951e-02
1.273858547210693359e-02
-4.427587613463401794e-02
-9.870762005448341370e-03
-2.749007754027843475e-02
-5.576900392770767212e-02
-1.074670441448688507e-02
-1.314645111560821533e-01
1.722538657486438751e-02
6.099506095051765442e-02
-7.778838276863098145e-02
5.125654116272926331e-02
-9.490657597780227661e-02
4.669641330838203430e-02
5.791935324668884277e-02
2.626400440931320190e-02
-4.671541973948478699e-02
-3.754474595189094543e-02
-5.123073235154151917e-03
4.424069076776504517e-02
3.398710861802101135e-02
-6.696700584143400192e-03
9.617676585912704468e-02
8.035882562398910522e-02
-5.017597228288650513e-02
-6.118677929043769836e-02
6.521893292665481567e-02
3.274234384298324585e-02
-7.877155393362045288e-02
-2.365315891802310944e-02
-7.445494830608367920e-02
-4.689603298902511597e-02
-8.160930126905441284e-02
3.571703657507896423e-02
1.294364593923091888e-02
1.717043854296207428e-02
2.070181071758270264e-02
5.308055877685546875e-02
2.928675897419452667e-02
-1.029103994369506836e-01
-2.168559469282627106e-02
-7.569203525781631470e-02
-8.230832219123840332e-02
-5.738572776317596436e-02
5.754020437598228455e-02
5.172449722886085510e-02
3.686903789639472961e-02
-8.758471161127090454e-02
2.079822495579719543e-02
2.122496068477630615e-01
9.312081336975097656e-02
-2.344753034412860870e-02
6.300849374383687973e-03
6.881765555590391159e-03
5.155185610055923462e-02
9.467050433158874512e-02
1.367616700008511543e-03
5.783811956644058228e-02
2.198173664510250092e-02
-8.321303874254226685e-02
3.665413334965705872e-02
2.099310792982578278e-02
2.959476411342620850e-01
-8.242119848728179932e-02
3.417788073420524597e-02
7.517695776186883450e-04
-3.732118755578994751e-02
-9.472910314798355103e-02
-5.039250478148460388e-02
-4.187314957380294800e-02
1.042537973262369633e-03
5.179888755083084106e-02
-7.038991898298263550e-02
1.197020187973976135e-01
1.408151239156723022e-01
6.498439610004425049e-02
7.447209209203720093e-03
-6.099604815244674683e-02
1.888670772314071655e-02
-7.781367003917694092e-02
4.425271973013877869e-02
-8.241792023181915283e-02
1.419347673654556274e-01
1.481716800481081009e-02
-1.090103611350059509e-01
1.968578062951564789e-02
3.824697062373161316e-02
-3.912296891212463379e-02
-1.477932557463645935e-02
-1.487001776695251465e-02
-3.087298572063446045e-02
-4.110492765903472900e-02
-2.755018137395381927e-02
4.979053139686584473e-02
