-1.477662576802001547e-02
1.287580467346398638e-01
-2.987115071050016127e-02
-1.976082478804231865e-02
2.902798026925796498e-02
3.629086095092454167e-02
-6.378932736893144079e-03
-1.348809965040601543e-02
-1.653061375868287303e-02
1.843211350659053283e+00
-1.375293991919704084e-01
2.581474317363408738e-02
8.147463004684971088e-02
-4.451662857487503899e-02
-4.615631013944847955e-02
-3.195619555139014856e-02
-5.402163192684152765e-02
8.492996446804347288e-01
-1.459259223744596712e-01
-4.761063122309532741e-02
1.293226466297727958e-02
-6.373388794342681185e-02
-1.969446641335138859e-02
-2.116332944841529257e-02
3.568105658444620937e-02
4.215319124372409430e-03
-2.585713132259814806e-02
4.200233234052866416e-02
-1.602062163795815730e-02
4.846041795909155486e-02
3.852378117384420986e-02
8.616597605317341535e-02
-3.798353801591378143e-02
4.145437632438808695e-02
7.335990412986730103e-02
-7.090419261244373939e-02
-3.361556965850521356e-02
-5.981583740065004456e-03
-5.491013060995784262e-02
-1.267495441943996062e-02
9.866215697236823193e-03
7.408358389699734592e-02
-1.330213877384454381e-02
-3.186791242181524070e-02
1.621448102852284315e-02
9.476396074238552583e-03
-7.601995427595299726e-02
1.313940658554407434e-02
4.026657444589715196e-02
8.704673256400698861e-03
-2.087873323182934046e-02
4.521415150360433982e-02
-6.678889636086504655e-02
-2.781329521478989684e-03
6.164400953767876744e-03
2.657682654726884267e-02
1.957254375692072529e-02
-5.990462321228454123e-02
1.999547416776175507e-02
-5.661529764128288289e-02
-2.994651176259516615e-02
2.269504836934890801e-02
1.441598450431197387e-02
1.164438692922069862e-01
-2.950969299558518777e-02
-2.193044832829704402e-02
-1.134186779008441873e-03
2.788394538684917448e-02
-1.178642859366383841e-02
5.673600213514150281e-02
1.001156789761104351e-02
3.625801398973509115e-02
6.246641258705107336e-02
-1.027167817793383196e-02
8.328358192361741408e-02
-3.964082105251747618e-02
-5.979022015832622175e-03
-2.583559307918979059e-02
-2.832547394818849332e-02
1.546211277282672492e-01
-3.734595476568475930e-02
8.078663093459273470e-02
-3.737336668067488266e-02
-2.162643968141865491e-02
2.561261938601201715e-02
-2.203615704546667275e-01
-8.970642985551523230e-02
-1.404525811392683676e-01
8.974516785958873422e-02
5.126659984274107434e-02
-5.750838669102539824e-02
-1.952480307544314855e-02
-3.740743831867473276e-03
3.282328410445239236e-02
1.276754237485991650e-01
-5.141822959747496119e-02
-2.744833229678772871e-03
-1.572306317275579471e-02
-3.747732958196586112e-02
-8.115617064789121260e-02
2.892927435831799121e-02
2.619230625717087341e-02
-6.869018973770167624e-02
-3.113773361622151556e-02
4.340614201998505700e-02
-6.620168554440827302e-01
1.786851020306913507e-02
5.032154888506813056e-02
4.718836092174075181e-02
-1.869858485380867727e-02
-7.029249151689824331e-03
-3.167837848551705721e-02
3.351205623966060226e-02
-1.233528444326226908e-01
-7.641453472148104775e-02
-4.216991763640224461e-02
5.100857086157211881e-03
-1.591247116711248452e-02
-1.691445113946014878e-02
-4.407605760657363342e-02
3.291318276513888197e-02
1.953321947139544101e-02
-3.271097863524378979e-02
6.130078951873988574e-02
-4.839921017552519661e-02
8.461368516752050539e-02
6.164967692504602637e-03
-5.629426294676209697e-02
5.240025537204048844e-02
-2.840952282283383881e-02
9.924606072715436850e-03
-5.547508010254904864e-02
-2.837935321360753743e-02
-2.664937779122085112e-02
-5.540143663796649569e-03
5.571984609443095260e-02
-1.858170204645058499e-02
2.459481090017254581e-02
1.830338121281151545e-02
-7.507872500478057938e-03
-7.136953679491968572e-01
3.066088268311854131e-02
9.896616779065940672e-02
2.760581129470956324e-03
1.476269832642094527e-02
2.293191693293398711e-02
1.057433579892043656e-03
-2.142071351998727988e-02
2.400098378896174667e-02
-4.276233495786278295e-03
-2.910386246042122663e-02
-2.685589217549295624e-02
1.176081634558941297e-01
2.455317188861910055e-02
-7.437757581670134677e-02
6.334954353776438285e-02
-5.783666956142047982e-02
-2.764958914785562924e-02
-6.571457794301824133e-03
1.485412240458846948e-02
2.306291175197782740e-03
3.621282200401318777e-03
-2.622340848818806823e-03
2.957226985491210203e-03
-1.192816973457761914e-01
-1.269127454078614881e-01
3.464327544381592960e-02
-3.931341109006172840e-02
1.345219143147313168e-01
-1.694355770641519494e-04
2.917523679864409206e-02
1.314062909094168563e-02
4.270779829722325810e-02
-8.382121830050017625e-03
-5.001176645159604445e-02
2.505537840880538852e-02
1.208594024466575975e-02
-6.300482850112343845e-03
3.635888914204666450e-02
-1.023777699583755807e-01
1.393220893583958092e-02
-1.002495248601401739e-02
-4.946166073679892500e-02
-6.092670286707090044e-02
-2.647454214806019626e-02
-3.948809690574025220e-03
-3.827788604731442723e-02
-3.044258838449112256e-02
2.590419452328699551e-02
-2.441245131171398269e-02
-5.555077120938728408e-02
2.139850648144133588e-02
-2.120038460758089105e-02
4.464991857723197427e-02
-2.239359330390495659e-02
8.180266971901292705e-02
-9.677994379966803340e-03
-7.445717112372592095e-02
-5.538419779187123138e-02
9.571177590853301165e-02
-2.226017518819374194e-02
-1.460978960955705043e-02
-6.548385556331937085e-02
7.466343688123421377e-03
1.544126894722681886e-01
-1.861513528909182133e-02
6.449952809120239328e-02
-3.735477070158937929e-02
-1.445884602126303042e-02
9.125968050561884468e-03
-6.801884970432653388e-02
6.303167530593642301e-04
-1.791776110213825352e-02
-1.335123202834551936e-01
3.239800856780422622e-02
7.419671450306401794e-02
-4.595425583703550282e-02
4.149945485379200050e-02
-7.159028956710158931e-02
1.533011237252243468e-02
3.679891942856475945e-02
1.582227719428731458e-02
-4.292158094293791436e-03
-6.768654646316116762e-03
-1.732145858035325295e-02
4.165598114435468437e-03
-3.457217918214276048e-04
9.130859375000000000e-02
6.391044985975105619e-02
5.541440214370208645e-02
-1.277807025260374874e-01
6.239343574619331950e-02
8.050663811310969364e-03
5.013231026090862047e-02
-7.167147434828433084e-02
-3.381452535487485672e-02
-5.173080012496220070e-02
-1.713508947818831452e-02
-1.859653931000631449e-02
4.902770389183876837e-02
2.853977393299902791e-03
4.264143557970676013e-02
-8.576194561920770856e-03
4.066932808914563297e-02
8.965963156718607940e-02
-5.224096053017770330e-02
-3.447942714934427999e-02
-7.004536411361332593e-02
-9.971655593503744863e-02
-2.625042412034504780e-02
7.277516872398473446e-02
3.008452458775815255e-02
2.611298943383590608e-03
-4.563139715577583383e-02
4.529892780153245424e-02
1.178088019971716693e-01
6.702289214533636852e-02
-6.031075557382553631e-02
-2.393959794954706594e-02
4.343537792171407036e-02
7.381227889806464548e-02
1.228423018587571358e-01
-3.780995962075528460e-02
1.655990611714427962e-01
2.760436513379516121e-02
-8.554113899598875248e-02
-4.156126411869963920e-03
2.213199723438444896e-03
2.379372982149527693e-01
-2.467560916987966355e-02
1.553638138714990603e-02
-3.264046417648353710e-02
-6.081076245286123200e-02
-7.680198424742515351e-02
-4.368929424706938930e-02
-1.688003098970840624e-02
1.063099922266896522e-02
7.329394529512869849e-02
-1.267862844987114636e-02
1.206712191291113012e-01
1.922790537115107445e-01
2.240064822404143688e-02
3.521978988089679435e-02
-8.221436089728195729e-02
-2.168272270079001779e-02
-3.171198761259383381e-02
8.233971221449917777e-02
-6.873303605476323297e-02
1.043542159316799139e-01
-7.912824482029456874e-02
-1.688149756190298334e-01
6.183156965975594721e-02
2.417650994138783802e-02
-1.352942380710572476e-02
-6.171250132543036095e-03
2.248536589382437584e-02
-1.411016598487779480e-02
-1.664363036557836226e-02
-3.429001046933645436e-02
3.733622683641069084e-02
