-7.108240574598312378e-02
1.301855146884918213e-01
-9.148592501878738403e-02
-4.527205973863601685e-02
1.192046329379081726e-02
6.279896944761276245e-02
1.167383696883916855e-02
-4.954252392053604126e-02
7.545890286564826965e-03
1.645228624343872070e+00
-1.835598200559616089e-01
9.696538746356964111e-02
1.049344539642333984e-01
-4.195905849337577820e-02
-7.472988963127136230e-02
-1.396263763308525085e-02
-4.913040250539779663e-02
1.268283009529113770e+00
-1.710109859704971313e-01
-6.578410416841506958e-02
-1.284233946353197098e-02
-8.614394813776016235e-03
-9.869838505983352661e-02
-1.701198518276214600e-02
8.581437915563583374e-02
6.724023818969726562e-02
-6.267492659389972687e-03
-1.104819215834140778e-02
7.031016051769256592e-02
-1.601839810609817505e-02
2.875222591683268547e-03
7.652097381651401520e-03
4.657051339745521545e-02
5.026985332369804382e-02
4.197577759623527527e-02
-9.019308537244796753e-02
3.600731026381254196e-03
2.761358208954334259e-02
-4.350351542234420776e-02
-3.153224289417266846e-02
-1.289246510714292526e-02
5.284357815980911255e-02
1.802065409719944000e-02
-2.359680645167827606e-02
-5.448453500866889954e-02
1.268157828599214554e-02
-6.263524293899536133e-02
4.843739792704582214e-02
2.333228848874568939e-02
3.474392462521791458e-03
-7.811360061168670654e-03
2.266923664137721062e-03
-1.226510666310787201e-02
-1.994719170033931732e-02
-2.508103474974632263e-02
1.288283336907625198e-02
1.701936125755310059e-03
-3.014047071337699890e-02
-1.887329854071140289e-03
-5.285620316863059998e-02
2.443001791834831238e-02
3.517716005444526672e-02
-2.910941280424594879e-02
1.673538237810134888e-01
4.941185936331748962e-02
-3.018570877611637115e-02
9.053884074091911316e-03
5.571066960692405701e-02
1.719356514513492584e-02
8.272656798362731934e-02
8.376821875572204590e-03
5.651794746518135071e-02
1.474395394325256348e-01
-3.581935912370681763e-02
9.026277065277099609e-02
-1.499435747973620892e-03
4.904848709702491760e-02
-3.762851282954216003e-02
7.087066769599914551e-03
1.465204954147338867e-01
-1.502027269452810287e-02
7.106065750122070312e-02
-4.132550209760665894e-02
-1.614217273890972137e-02
1.117641199380159378e-02
-2.178077548742294312e-01
-8.599160611629486084e-02
-3.942478448152542114e-02
1.426549255847930908e-01
8.356534689664840698e-02
-4.511111974716186523e-02
-2.703449688851833344e-02
-1.389858312904834747e-02
-1.493993401527404785e-02
1.194908469915390015e-01
-9.028914570808410645e-02
-4.605397209525108337e-02
-1.490170485340058804e-03
-1.722258143126964569e-02
-5.122180283069610596e-02
-1.437041070312261581e-02
-3.148667456116527319e-04
-1.024543195962905884e-01
1.134933717548847198e-02
5.168722569942474365e-02
-6.236619949340820312e-01
3.528224676847457886e-02
3.058999590575695038e-02
9.397368878126144409e-02
4.820562526583671570e-02
3.049084544181823730e-02
-7.361365109682083130e-02
5.688167363405227661e-02
-8.567274361848831177e-02
-3.999141976237297058e-02
-6.740982644259929657e-03
1.550293900072574615e-02
2.719723805785179138e-02
-1.178204361349344254e-02
-2.004969865083694458e-02
4.840819537639617920e-02
1.774907112121582031e-02
-2.696126513183116913e-02
6.661809515208005905e-03
-4.755342006683349609e-02
6.568986177444458008e-02
4.110155999660491943e-02
-5.154159665107727051e-02
5.065529420971870422e-02
-1.670020259916782379e-02
4.601416364312171936e-02
-1.107441959902644157e-03
-3.371752053499221802e-02
-3.905178606510162354e-02
2.914703078567981720e-02
6.504482030868530273e-02
-1.130511146038770676e-02
-3.621785342693328857e-02
8.046101778745651245e-02
1.969656720757484436e-02
-4.661736190319061279e-01
3.962211683392524719e-02
9.420425444841384888e-02
-2.018786035478115082e-02
-1.745026558637619019e-02
-6.431983783841133118e-04
-2.409811131656169891e-02
-2.861855551600456238e-02
2.852803282439708710e-02
-2.795413881540298462e-02
3.835894167423248291e-03
-2.867059409618377686e-02
8.778615295886993408e-02
2.072518877685070038e-02
-5.699244886636734009e-02
6.236321479082107544e-02
-7.439193874597549438e-02
2.489334670826792717e-03
-9.407865814864635468e-03
-1.555217523127794266e-02
2.066164650022983551e-02
1.630642637610435486e-02
-2.295461483299732208e-02
-1.081123277544975281e-01
-1.643545329570770264e-01
-9.339462220668792725e-02
4.378372803330421448e-02
-3.230698034167289734e-02
1.161974370479583740e-01
3.173107281327247620e-02
4.222422093152999878e-02
2.499867463484406471e-03
1.443018298596143723e-02
-5.330736283212900162e-03
-3.874299675226211548e-02
5.242761969566345215e-02
5.001674219965934753e-02
-2.918081358075141907e-03
4.567287489771842957e-02
-1.231140177696943283e-02
-3.646441269665956497e-03
-3.701277077198028564e-02
-4.563042894005775452e-02
-6.369543820619583130e-02
-1.803258433938026428e-02
-6.964381784200668335e-03
-5.611540004611015320e-02
4.663511365652084351e-02
5.134867038577795029e-03
-4.785833507776260376e-02
-4.695991054177284241e-02
-1.029294915497303009e-02
-4.971987800672650337e-04
9.543544799089431763e-02
-1.610445231199264526e-02
5.891641601920127869e-02
-5.649265274405479431e-02
-6.275472790002822876e-02
-7.363036274909973145e-02
1.624869257211685181e-01
1.993999117985367775e-03
-1.201339811086654663e-01
-4.770000278949737549e-02
6.023632735013961792e-02
1.279727816581726074e-01
-2.842911891639232635e-02
2.375166676938533783e-02
4.439428821206092834e-02
-3.660083562135696411e-02
9.524710476398468018e-03
-5.090275034308433533e-02
-9.786553680896759033e-02
-4.109199717640876770e-02
-1.204060316085815430e-01
1.160348579287528992e-02
2.816421911120414734e-02
-5.870069935917854309e-02
7.475212216377258301e-02
-1.779818087816238403e-01
3.289993479847908020e-02
2.761814743280410767e-02
4.508985951542854309e-02
-5.946858972311019897e-02
3.168795257806777954e-02
1.726896129548549652e-02
4.221122711896896362e-02
2.138557098805904388e-02
1.699883118271827698e-02
6.732554733753204346e-02
4.372642934322357178e-02
-1.142009943723678589e-01
-1.443182397633790970e-02
3.110556490719318390e-02
3.870686516165733337e-02
-8.129314333200454712e-02
-1.142161246389150620e-02
-7.406937330961227417e-02
-5.707570165395736694e-02
-2.161098457872867584e-02
3.136537224054336548e-02
1.027064025402069092e-02
1.903834193944931030e-02
2.221644669771194458e-02
2.697614207863807678e-02
8.369903266429901123e-02
-1.534547060728073120e-01
-5.253024771809577942e-02
-8.297476172447204590e-02
-1.238997280597686768e-01
4.665980581194162369e-03
9.186174720525741577e-02
1.892036572098731995e-02
-3.763154149055480957e-02
-2.975513413548469543e-02
4.394854232668876648e-02
1.051159203052520752e-01
8.610165864229202271e-02
-1.049530655145645142e-01
-1.284165028482675552e-02
2.941285958513617516e-03
5.688899382948875427e-02
9.837853163480758667e-02
1.623672991991043091e-02
9.472724050283432007e-02
2.298415871337056160e-03
-1.279964447021484375e-01
-4.401085432618856430e-03
2.690691035240888596e-03
4.494364559650421143e-01
-5.889110639691352844e-02
-3.574483096599578857e-02
-3.591408580541610718e-02
-1.074820198118686676e-02
-1.074932888150215149e-01
-3.797180950641632080e-02
-1.838094741106033325e-02
2.395808137953281403e-02
7.316935807466506958e-02
-4.656469821929931641e-02
1.450524777173995972e-01
1.896210163831710815e-01
2.586386539041996002e-02
9.067030996084213257e-02
-1.138446480035781860e-01
-2.556852437555789948e-02
-9.912956506013870239e-02
5.224069207906723022e-02
-8.458765596151351929e-02
1.442554742097854614e-01
-8.577857166528701782e-02
-1.669332236051559448e-01
2.766841277480125427e-02
-9.789770469069480896e-03
2.844871021807193756e-02
-3.132684901356697083e-02
-3.503420576453208923e-02
-5.556483194231987000e-02
-6.039906293153762817e-02
-4.727641120553016663e-02
6.563151627779006958e-02
