-8.396806957919675241e-02
1.920634411626526983e-01
-1.073066685392042863e-01
-5.742245815573846640e-02
-1.516545396030117253e-02
7.072128251376971764e-02
2.532138582047283731e-02
-1.976780084702706858e-02
-2.099337718600094091e-02
1.291261540446812628e+00
-8.340066991192633672e-02
8.726449321906989964e-02
1.409918327288153528e-01
1.315185824568208817e-02
7.846412528522713967e-03
1.059568697653622861e-02
-2.667674524990070600e-03
1.123167707766678181e+00
-1.542897032710424943e-01
-4.302031038470216506e-02
-1.413183456110757297e-02
-3.268907864967113275e-02
-1.047290839543358332e-01
6.109531682356252741e-03
3.116622720307786476e-02
1.822374209081446816e-02
-9.473738649833403358e-02
1.789571246032126139e-02
1.090961356502831159e-01
1.745785969335715213e-02
-1.749743701241901830e-02
1.609768817264539340e-02
-6.150615939836486315e-03
2.201114694346224115e-02
7.926968159068852049e-02
-2.540584379520362604e-02
8.812809796958453665e-03
4.259077935878851501e-02
3.779429332019490191e-04
-1.851983096548761101e-02
-1.807625681290103703e-02
1.566055755894436841e-04
2.654404487155215958e-02
-2.581612947438615899e-02
1.427280461302992548e-02
-1.138569321690630944e-02
-8.083860596270585341e-02
3.096662313564023730e-02
1.920808301906511140e-02
-2.836277239530531416e-02
2.349770056742140137e-02
-1.505064932459699266e-03
-5.266875413279936170e-03
-3.635167700619096331e-02
5.896936402194230369e-03
-4.052916082947492782e-02
2.908681819797487647e-02
-1.794008753324591310e-02
-2.341302979517735292e-02
-3.556605575287603155e-02
2.553632941929182693e-02
5.723109735083576483e-02
-7.168678859829354794e-03
1.745780777680072671e-01
-4.728305809670330095e-02
-1.295815515893130876e-01
-8.215537735512817505e-03
-2.642695794478821386e-02
-3.225067653309832832e-02
4.473455282024257212e-02
3.695659694989506493e-03
1.292980026759000534e-01
4.226196343393780197e-02
-7.947768285928767662e-03
4.265835841587180266e-02
-7.324532060381225285e-02
-2.125810182010270943e-02
-3.248310574885793223e-02
3.103173879739715840e-03
1.789446585928613706e-02
-1.583924634739256390e-02
6.186044235610566044e-02
-9.370927568724964074e-02
-1.326800493946191442e-02
2.497875767688912535e-02
-3.020045006583502167e-01
1.510666872272328209e-01
-8.804313893971613125e-02
-1.978426209295970888e-03
9.087280859007962341e-02
2.632598627934758587e-02
9.230062859117686702e-02
2.633177557907002714e-03
-1.126266380639441914e-02
1.028692638724902353e-01
-4.693490627298816525e-02
-3.113517687656860294e-02
-4.570491249911138448e-02
-1.112300510028250283e-01
-1.029035574745739215e-02
5.542657217458992099e-03
8.508707662168969732e-02
-1.417724766332031094e-01
-1.896394994007621904e-02
8.562551771673013179e-02
-5.604661266443301537e-01
2.520019537286808872e-02
-7.654169972221985807e-04
9.750079009754709924e-02
5.972659944527038828e-02
5.804977918801926262e-02
-5.199506512606016234e-02
2.365181577069476113e-02
-2.851356584448871273e-02
-5.156788241880347345e-02
-3.622901206801561191e-02
3.930808115852061496e-03
-3.228766104274331025e-03
4.906839301209911519e-02
-7.708998911635799034e-02
2.808728262175615858e-02
4.632492295583025971e-02
-7.068369734164049560e-03
-2.840497874463738040e-02
-1.045345417511497899e-01
6.617153283367230299e-02
1.166726733921225230e-02
-5.433805328077864760e-02
-1.497594947413116370e-02
2.486709180450552559e-02
2.937249206811606839e-02
-3.377354910852269770e-02
-1.723056327435355112e-02
2.034288235360593583e-02
2.495159807370740668e-02
4.794516020338540629e-02
-1.068530114065745391e-02
-5.595364822229983992e-02
4.807063225769311887e-02
1.123587018475146436e-02
-4.497936956783789020e-01
6.993858005755156093e-02
6.106808704247750075e-02
-2.075146716188461249e-02
-2.058571299107750038e-02
1.129458207510137951e-01
-6.061411901419007375e-02
-1.911656197793676695e-02
3.409253107169681052e-02
3.450026016231578369e-02
-2.097496642809841896e-02
-2.464408453821599621e-02
1.400553425662059148e-01
1.847192285016195992e-02
-1.284210475225322778e-01
1.785107780461447913e-02
-3.823250518296263806e-02
1.151566193923357802e-02
-4.620365855731665278e-02
-6.786249280653852863e-03
4.457560062384866018e-02
-3.367140630215802871e-02
-2.409592719927226151e-02
-7.431060004721266876e-02
-1.209697539454651083e-01
-8.594912085710709748e-02
3.738561031944667712e-02
-4.871581017066106689e-02
6.217564829532108012e-02
6.347086375241085821e-02
1.017172234117687118e-01
2.025924991249042004e-02
-3.864369940188263491e-02
4.563605363854408847e-02
-5.834420643104631238e-02
-5.067513572798892571e-03
3.586815276159376065e-02
-1.024212239905296536e-02
7.531499827298970828e-02
-1.114867602639273564e-01
-1.533893977409005530e-02
8.837830105990910137e-03
-6.474476323732135385e-02
-4.295566219833341776e-02
1.366431540607150434e-02
-5.106875906004277460e-02
-3.125744036695297934e-02
7.138406376145157994e-02
2.211702653452784356e-02
-5.786216724143526668e-02
1.109491975245799518e-02
-9.323067295109741318e-03
-2.101426756315371430e-02
5.964806659846199482e-02
2.109733405343609466e-02
5.573737350712131000e-02
-5.437522191309467762e-02
-7.461463185317862568e-02
-1.149280069489948541e-01
8.231338630013353141e-02
-7.724887792625859118e-02
-1.572951225385273849e-02
-2.108898816515009100e-02
3.816291285011559620e-02
1.142578487208533167e-01
-3.384483778466693127e-02
8.402331241731986200e-02
2.898108952713144768e-02
-3.199497390987788084e-03
-5.827244688380891352e-02
-6.442233123786843263e-02
-2.646587725168142100e-02
-3.504741237257986974e-02
-1.085544407152527063e-01
1.746786419488480582e-02
-5.912083887592879672e-03
-3.744551055562595626e-02
7.309312661496711327e-02
-3.410350599025301771e-02
2.245536250699304084e-02
1.437113366538035966e-02
4.821679245605589408e-03
-7.798828438914062744e-02
6.024957499054394219e-03
-1.377296287401170126e-02
6.643440567664804508e-02
6.272188291063436616e-02
-6.527631633342193679e-03
1.035825249160835237e-01
6.659062018021177920e-02
-9.201279354345420769e-02
1.037064606025295439e-02
4.576037869916330797e-02
7.786116126760236900e-02
-1.036972967266393819e-01
-6.223242448290144252e-02
-4.254329080168049032e-02
-8.773194370540488701e-04
5.591236173172189558e-03
5.740344824455392847e-02
1.475016980336036829e-02
2.402975471865959403e-02
-3.223939298268778484e-03
2.650068549172271415e-02
4.708895054375710626e-02
-7.644620570624288680e-02
-7.332606292267321302e-02
-8.878853391701387043e-02
-9.312933153111245532e-02
-3.579715988908498819e-02
3.771599279620351658e-02
3.482356146224840215e-02
3.756385313863835895e-02
-3.619727656369770008e-02
3.775400960016814245e-02
9.135746171793865389e-02
7.092455997941496393e-02
-8.219987618263500939e-02
6.156355813186167869e-02
9.065897727329802133e-03
2.451311898782129392e-02
6.655867338758283958e-02
-5.038520288917810140e-03
1.261524751109613651e-01
-1.121400108995791733e-02
-1.950781208949699599e-02
2.428810448257689991e-02
-2.587469859420590129e-02
2.730369939512140576e-01
-4.644399901112240825e-02
6.073425151103740982e-02
1.255290493296147905e-02
2.306028546910158551e-03
-6.271292428624634929e-02
-8.674042576598894883e-02
-2.256228042918716897e-02
-4.138269618276636808e-02
4.084373592216167942e-02
-8.701069369985102442e-02
2.180114568007887887e-01
1.849159681032404301e-01
2.682277037466464231e-02
1.646301169923903435e-02
-1.214627680536323612e-01
-1.596682524800176889e-02
2.260307265603750393e-03
1.038555335611802133e-01
-8.547674659852380619e-02
1.714105641451028617e-01
1.178786844334942657e-02
-5.150017357032911358e-02
-1.003914526464983782e-02
-4.594049292910989957e-03
-5.178415109717311032e-02
-4.932688916863192663e-02
8.236034059965506582e-02
-3.836336810760626603e-02
-5.174835885728326645e-02
-5.317989753265479208e-02
7.123709161229353423e-03
