-4.264774462595102844e-02
1.803412157456915355e-01
-7.168542282005301025e-02
-2.036260421439661794e-02
9.689548954034203285e-03
5.078288857089525293e-02
-9.551495332113919823e-03
-1.015844661856655194e-02
-2.403949291941646048e-03
1.294210329612732302e+00
-7.549966819100331628e-02
1.119323681376007129e-01
8.287632764804388208e-02
-1.594575105754460209e-02
-2.182171779505762133e-02
-1.310778328772547845e-02
-2.483634056912505453e-02
1.193652527888025894e+00
-1.759017380775392547e-01
-7.046026754662838842e-02
-1.035434041990082154e-04
-3.232278105695123721e-02
-9.344088633692756996e-02
-1.014032978682636969e-02
3.543647137665811853e-02
1.094876734786233083e-02
-4.177254495852233268e-02
1.832055656336428967e-03
1.521150550786452144e-02
6.106156009770698223e-02
-2.675953670151571054e-02
1.438793209082315887e-02
-1.125726775404763645e-02
4.650625716464319021e-02
1.029308322461892911e-01
-4.788157506671204822e-02
2.094308324522178508e-02
4.627705682947592936e-02
-1.233566067487539344e-02
-3.085169528540724487e-02
1.544892927987249337e-02
2.055357337480550814e-02
4.303658490354567157e-02
-2.733070259756688672e-02
-3.987360868913092382e-02
-1.675022498318807021e-02
-8.230312400076147950e-02
2.140657507443811947e-02
-4.511422841479977019e-02
-7.125162163792293953e-03
2.550596719232106971e-02
4.251427031070754980e-02
-3.749472244965486312e-02
-5.108840719654671701e-03
-2.333268940823652812e-02
1.077686548688875506e-02
1.817902822148317540e-02
1.049407680121499167e-02
1.986971951374787507e-02
-5.289048670332876373e-02
1.614955515343358822e-02
1.372995091008996117e-02
1.436262015424688814e-04
1.578337415445878744e-01
-6.504108544292844241e-02
-5.172292928934980882e-02
2.141095318134881090e-02
2.591797602538354131e-02
-2.010124732780957033e-02
6.794967433065440821e-02
2.692122405276308958e-02
4.412322138119074283e-02
3.288287613707162327e-02
7.276605227748091445e-03
1.007398537114809062e-01
3.951884521352387603e-03
-1.491617322397200025e-02
-3.237181263515473417e-02
2.385783850337969136e-02
1.033850157694260197e-01
-1.958306135417215918e-02
5.381929242684337783e-02
-6.026882014242342100e-02
1.406819508009978306e-02
3.209640073770586577e-02
-2.037361193408074866e-01
4.921597698434347634e-02
-1.169736166006276473e-01
8.395588511311792568e-02
3.610428076356656663e-02
-3.057310282205560545e-02
6.355983666879837235e-02
-8.922674435883499663e-03
-4.295303066467286157e-02
3.188905552593322701e-02
-5.494625255681443582e-02
-3.693227735626623820e-02
-2.209853326207492086e-02
-3.582014484425889017e-02
-1.594867086855048313e-02
2.868602607167815982e-02
2.694071950530070245e-02
-9.384089722553699831e-02
-5.040428372780248086e-04
5.808923756246785891e-02
-5.005889326401983253e-01
8.106080397288993600e-02
2.065831797304569506e-02
3.887390338723314964e-02
5.164068204415769164e-02
1.982997692634643622e-02
-1.137987293600588035e-01
2.414498437118847013e-02
-3.378710007796120740e-02
-3.573206441544752449e-02
1.135742580241943384e-02
-3.191185065463515019e-02
9.541383836667974988e-03
-2.434173520807648289e-02
-1.257717845972430165e-02
-2.854908790126122614e-02
-2.621700072738383444e-02
-3.725857186976687385e-02
-1.106975279122343093e-02
-8.506491110073642614e-02
3.914236182076503978e-02
-2.658186926004430309e-02
-5.842908167301784361e-02
2.626490558689707766e-02
-2.052626493295006682e-02
2.766437550889054575e-02
7.162579686696488035e-02
-4.687746590433352484e-02
-7.045287466242220083e-03
2.721132192354032767e-02
4.769328749678595353e-02
-1.195049510980910300e-02
-4.881255616209791669e-03
5.334393303062243824e-02
-9.754403686644156496e-03
-5.005293388790728049e-01
6.873318163107042245e-02
4.354790594116318692e-02
2.293806906376089430e-02
4.092456681465011376e-02
-8.652249878237120925e-03
-1.020032836188133722e-02
4.141858547718068814e-03
3.660174959968650471e-02
-3.707399603312609704e-02
-6.627784370566523059e-04
4.875558041232908035e-03
4.311155998439127751e-02
9.846652974609453046e-03
-9.527183640054918967e-02
-2.711296582027386895e-02
-6.605902749162699539e-02
6.967241433126425409e-02
-7.456625901683995410e-03
-1.649125674022435678e-02
6.257230958634409090e-02
8.737569846257366851e-03
-1.369283357723681017e-02
-8.481481174346312824e-02
-1.453272027131489175e-01
-6.675163112811349775e-02
5.186603865899306470e-02
-4.327755140103541759e-02
7.573259635543717894e-02
5.473249792529239627e-02
8.344555880714407681e-02
-3.384769983791733119e-03
-7.974937423975462028e-03
-6.661381733631442648e-02
-5.567467297086590994e-02
-9.731986813502534195e-03
3.843747051216227922e-02
-4.321917449609534445e-02
4.748930634510278165e-02
-1.377493692435620143e-01
1.577862326462143444e-02
-6.534875046768483069e-03
-4.249181319761270725e-02
-6.654659408005775267e-02
-8.812546536701103272e-02
-8.887882167527590485e-03
-5.695343430037645704e-02
1.935432458326603183e-02
3.986764673766136219e-02
-2.432515232335317329e-03
-3.015161345601372750e-02
7.883700573233263370e-03
-3.408217804534936085e-02
4.701868238657715832e-02
5.223854795397157164e-02
5.485479519112857610e-02
-6.281351752355318618e-02
-1.009703481635438188e-01
-1.387021096912538498e-01
1.225138533604082369e-01
2.788778450998991194e-03
-8.609010921780020642e-02
-3.507454357977920351e-02
8.530928028867074131e-02
1.508053862458629546e-01
-5.421255266090006797e-02
1.752256328218743109e-02
1.764960564330769754e-02
-3.291598878977999160e-02
-1.465566298600077220e-02
-3.968049554401429507e-02
-7.159774479077388176e-02
-1.087839169367014330e-02
-1.342874069575020757e-01
4.578660584119813304e-02
4.665408909519673519e-02
-6.598370473758553845e-02
7.713804593447962099e-02
-9.945164726014979473e-02
6.027324975647423838e-02
8.331256093294676923e-02
-3.110193668971542470e-03
-3.768336413116932238e-02
-5.666823202230835896e-03
1.061464213946444052e-02
3.488269879798817225e-02
3.813733518745302670e-02
-5.800773556120943954e-03
1.003815120992332388e-01
7.156583611746594742e-02
-5.645248873229802289e-02
-6.630740779809859986e-02
8.262492129708988442e-02
4.803701073882665762e-02
-6.637794038810836128e-02
-3.236823610811224994e-02
-6.718423315963752140e-02
-2.829089226539939841e-02
-7.117241814279262613e-02
3.187918225101036424e-02
3.089074091681885334e-02
1.283732975731277821e-02
2.297175312380503320e-02
7.027111401290891957e-02
1.963695230912690035e-02
-1.272407151168923611e-01
-2.437481084002788775e-02
-6.547110567905364831e-02
-8.929622910046282336e-02
-5.014924773306774636e-02
4.323233135120122667e-02
4.214186081081303797e-02
4.402181347987183663e-02
-8.430659079184192606e-02
1.660935778373841265e-02
2.119257803743786195e-01
8.284399404082991303e-02
-4.444522470607965847e-02
4.096526389374200577e-02
-4.623660662249706277e-04
3.486037367193989961e-02
1.196896138530307574e-01
-1.332992613869667629e-03
7.477587054277812229e-02
1.976160441702570422e-02
-8.200826493871886391e-02
2.433634466394269530e-02
2.214560756895364059e-03
3.365114440624217274e-01
-7.737637591023417694e-02
4.808320298593072445e-02
2.056323579237348195e-02
-3.453054126175186811e-02
-1.003582051183263268e-01
-8.312036847795989392e-02
-4.901152261081040407e-02
4.830854672398106689e-03
5.501534294690067078e-02
-8.381309444390419583e-02
1.510039462710478786e-01
1.661591367691754861e-01
3.715584731717849754e-02
2.574775297525844220e-02
-8.734699288954231311e-02
-4.709404859976809750e-03
-8.702372120132781386e-02
3.340519072990974503e-02
-1.010553220679663439e-01
1.623933467402985387e-01
2.846985704296272485e-02
-8.758925028473146801e-02
1.900882756408724464e-02
2.048247903504875345e-02
-3.781818407044858221e-02
-5.304383633626828104e-02
7.271128570114403569e-03
-4.139588290037118229e-02
-1.296343291792481471e-02
-2.595087299194263550e-02
3.845150298865029903e-02
