-4.658100381493568420e-02
1.455680727958679199e-01
-7.234276831150054932e-02
-6.761559844017028809e-02
1.853055506944656372e-02
4.431249573826789856e-02
1.692689210176467896e-02
-4.639057442545890808e-02
-2.079530619084835052e-03
1.583596825599670410e+00
-1.974234133958816528e-01
1.078091785311698914e-01
8.958073705434799194e-02
-2.681432478129863739e-02
-4.641175270080566406e-02
-1.541584078222513199e-02
-5.608370900154113770e-02
1.211775898933410645e+00
-1.705121695995330811e-01
-4.323117062449455261e-02
-1.296232175081968307e-02
-8.975960314273834229e-03
-6.468936800956726074e-02
-1.019826531410217285e-02
6.534160673618316650e-02
4.790144041180610657e-02
-2.872186712920665741e-02
-5.198600701987743378e-03
3.163637593388557434e-02
8.363558910787105560e-03
-7.758890278637409210e-03
-3.905110992491245270e-03
3.000687435269355774e-02
4.695204645395278931e-02
6.758743524551391602e-02
-8.245806396007537842e-02
2.938350476324558258e-02
3.679455816745758057e-02
-3.375894203782081604e-02
-3.927858918905258179e-02
5.385541357100009918e-03
2.173486165702342987e-02
6.205278262495994568e-02
-4.654976725578308105e-02
-3.607121109962463379e-02
-1.655091717839241028e-02
-7.719390094280242920e-02
3.045682050287723541e-02
-1.187724177725613117e-03
-5.877822637557983398e-03
-5.157109815627336502e-03
2.597660198807716370e-02
-1.996078155934810638e-02
-2.873654663562774658e-02
-3.038490936160087585e-02
2.487228019163012505e-03
2.249453449621796608e-03
-4.002470057457685471e-03
7.295715156942605972e-03
-6.097415462136268616e-02
-2.421919256448745728e-02
3.177626803517341614e-02
1.261650025844573975e-02
1.572532802820205688e-01
-5.307203624397516251e-03
-3.080694563686847687e-02
2.013038471341133118e-02
5.055207759141921997e-02
-1.024581585079431534e-02
7.099225372076034546e-02
2.557711675763130188e-03
2.988348156213760376e-02
1.370200961828231812e-01
-7.856221869587898254e-03
8.471716940402984619e-02
1.972698140889406204e-03
2.525007165968418121e-02
-3.283632174134254456e-02
-1.426655612885951996e-02
1.541505604982376099e-01
-4.955362901091575623e-02
7.871270924806594849e-02
-4.671866446733474731e-02
1.378126442432403564e-02
1.887293346226215363e-02
-1.898871958255767822e-01
-1.384639833122491837e-02
-6.756251305341720581e-02
1.427181363105773926e-01
7.586523890495300293e-02
-6.303424388170242310e-02
1.464750431478023529e-02
-9.294535033404827118e-03
-2.463142015039920807e-02
9.252033382654190063e-02
-8.299327641725540161e-02
-5.634234100580215454e-02
1.623544492758810520e-03
-2.531736344099044800e-02
-3.014357760548591614e-02
4.245020449161529541e-03
2.785795927047729492e-02
-9.263246506452560425e-02
5.477932747453451157e-03
5.412615090608596802e-02
-5.751771926879882812e-01
6.624855846166610718e-02
2.299460582435131073e-02
5.730313435196876526e-02
4.064875096082687378e-02
1.507946290075778961e-02
-1.100304648280143738e-01
4.659366980195045471e-02
-9.226094931364059448e-02
-4.914399608969688416e-02
-3.700390923768281937e-03
-5.273683927953243256e-03
1.359643787145614624e-02
-1.065133372321724892e-03
-3.215318545699119568e-02
1.560198329389095306e-02
1.797739975154399872e-02
-1.679865643382072449e-02
-2.149877836927771568e-03
-9.212679415941238403e-02
7.984106987714767456e-02
1.089807972311973572e-02
-6.628334522247314453e-02
5.684373900294303894e-02
-3.449391573667526245e-02
2.889799140393733978e-02
1.420258544385433197e-03
-4.146201163530349731e-02
-3.152020275592803955e-03
2.313161827623844147e-02
8.144641667604446411e-02
3.590781707316637039e-03
-1.583115942776203156e-02
6.550432741641998291e-02
-1.551665947772562504e-03
-5.437811017036437988e-01
5.627601221203804016e-02
7.911731302738189697e-02
-1.381476875394582748e-02
-1.384907029569149017e-02
-8.387866429984569550e-03
-8.010214194655418396e-03
-1.647817669436335564e-03
1.238716579973697662e-02
-1.909851469099521637e-02
-3.633043961599469185e-03
2.984441816806793213e-03
6.669518351554870605e-02
1.526281703263521194e-02
-5.320930108428001404e-02
1.831974834203720093e-02
-7.158870249986648560e-02
3.800207003951072693e-02
-4.522198811173439026e-03
-1.789859123528003693e-02
5.273063853383064270e-02
2.443801239132881165e-02
-3.089737705886363983e-02
-1.035388410091400146e-01
-1.511130779981613159e-01
-1.091171428561210632e-01
5.808647349476814270e-02
-5.122723802924156189e-02
1.069662272930145264e-01
3.212745860219001770e-02
4.775710031390190125e-02
9.929155930876731873e-03
4.822835035156458616e-04
-2.375400625169277191e-02
-3.762675076723098755e-02
3.295885771512985229e-02
4.105696454644203186e-02
-3.121682815253734589e-02
1.995787583291530609e-02
-6.181790307164192200e-02
-7.013239432126283646e-03
-2.053792774677276611e-02
-6.064018979668617249e-02
-9.329641610383987427e-02
-4.243953526020050049e-02
-2.718333562370389700e-04
-3.596145287156105042e-02
1.370039768517017365e-02
1.737242378294467926e-02
-1.040205452591180801e-02
-4.132535308599472046e-02
8.309168741106987000e-03
-9.622122161090373993e-03
8.343443274497985840e-02
1.783151365816593170e-02
4.668862372636795044e-02
-1.760180294513702393e-02
-8.034878224134445190e-02
-7.927799969911575317e-02
1.610623449087142944e-01
1.960936561226844788e-02
-9.327451139688491821e-02
-5.059059709310531616e-02
7.212517410516738892e-02
1.290784478187561035e-01
-4.268813878297805786e-02
1.905450969934463501e-02
3.244269266724586487e-02
-4.049485549330711365e-02
-2.689573215320706367e-03
-5.551932379603385925e-02
-6.873568892478942871e-02
-2.594154886901378632e-02
-1.207394599914550781e-01
2.409806847572326660e-02
6.351396441459655762e-02
-6.630169600248336792e-02
6.515333056449890137e-02
-1.345034688711166382e-01
6.583305448293685913e-02
3.558558970689773560e-02
1.826698705554008484e-02
-4.206445068120956421e-02
4.741694778203964233e-02
1.267280150204896927e-02
1.008449587970972061e-02
3.307317150756716728e-03
1.647951453924179077e-02
6.658849865198135376e-02
4.694188758730888367e-02
-7.564773410558700562e-02
-2.976425737142562866e-02
4.066240414977073669e-02
3.365116566419601440e-02
-1.023117005825042725e-01
-2.705713361501693726e-02
-6.687615811824798584e-02
-2.242925763130187988e-02
-3.114100173115730286e-02
2.666635811328887939e-02
-5.874296184629201889e-03
8.926507085561752319e-03
2.058506384491920471e-02
4.127797856926918030e-02
7.578121870756149292e-02
-1.400111615657806396e-01
-2.540963515639305115e-02
-7.142231613397598267e-02
-9.518675506114959717e-02
2.614750061184167862e-03
8.067902177572250366e-02
4.812472313642501831e-02
-2.062696404755115509e-02
-6.194027513265609741e-02
3.919885680079460144e-02
1.442340016365051270e-01
1.080696657299995422e-01
-7.997479289770126343e-02
-2.774559333920478821e-02
-2.037769928574562073e-02
6.195415928959846497e-02
1.221735328435897827e-01
4.955497104674577713e-03
7.897377014160156250e-02
1.979957101866602898e-03
-1.333058923482894897e-01
3.779536113142967224e-03
3.576491726562380791e-03
4.199073016643524170e-01
-5.223310738801956177e-02
-2.197285555303096771e-02
-5.512131378054618835e-03
-9.811189956963062286e-03
-1.173782050609588623e-01
-6.455164402723312378e-02
-2.800400927662849426e-02
3.688778728246688843e-02
7.138234376907348633e-02
-3.414924070239067078e-02
1.354255229234695435e-01
1.898073405027389526e-01
1.194828934967517853e-02
4.406668990850448608e-02
-9.004513174295425415e-02
-2.538231387734413147e-02
-9.976795315742492676e-02
3.295096382498741150e-02
-9.162796288728713989e-02
1.543958783149719238e-01
-4.720928519964218140e-02
-1.199546083807945251e-01
3.306905925273895264e-02
-1.107721962034702301e-02
1.663976931013166904e-03
-4.646056890487670898e-02
-1.935069821774959564e-02
-5.416523292660713196e-02
-4.327751323580741882e-02
-6.598646938800811768e-02
5.932390689849853516e-02
