-3.927866799191005731e-02
1.757772507118335048e-01
-1.020191848837890408e-01
-7.578207373398056224e-02
1.687911633201047770e-02
3.280910557929749005e-02
1.631365354592408459e-02
-3.180450329398086529e-02
2.577194767562167657e-02
1.661770848189727090e+00
-1.831106121131395037e-01
1.342457871777011369e-01
9.552053063430859803e-02
-2.902372958731484764e-02
-3.290561576462888022e-02
-2.552397191234260718e-02
-5.301019655327417895e-02
1.218950959256127620e+00
-1.770741741012306081e-01
-4.984466048470895250e-02
-2.235726689760931044e-02
-3.943285447859787990e-02
-6.158067606832328539e-02
-2.928197093635712036e-03
6.893321316102463125e-02
3.845044724775753542e-02
-2.066951257471704925e-02
-9.984635147726144203e-03
1.231582034433512975e-02
1.313621909763961620e-02
-2.496209679614438265e-02
8.641175887022218768e-03
5.639039839356751842e-03
3.292605491273354473e-02
8.273991988371263984e-02
-6.317200476794737618e-02
3.400236334054292792e-02
4.250836925662425381e-02
-4.426114185765622072e-02
-5.476014876078574151e-02
7.161932958639163037e-03
1.483632321244155068e-02
6.384574057107128553e-02
-5.618630785398117528e-02
-2.644670568486277851e-02
-2.770996839885851801e-03
-9.272906728800350828e-02
3.979814020764144838e-02
-2.712697017669133542e-02
-1.122415022289366057e-02
4.275392007838445425e-03
2.224076275856492341e-02
-4.261473465300026804e-03
-1.884590681013910765e-02
-2.228273290023761663e-02
2.307050064561642910e-02
-6.586510347043900843e-04
-1.736282687813735237e-03
7.323371264028149565e-03
-5.074482862194637511e-02
-1.520425772375957538e-02
-5.690883223690493958e-03
-3.803377452080966992e-03
1.540404430303987382e-01
-1.284017104497858081e-02
-5.769321874331462263e-02
2.932259181569752196e-02
4.677983285920213341e-02
-1.769007273610842187e-02
6.138660613322874382e-02
1.340245777945513542e-02
4.796740755237515613e-02
1.218454569996536285e-01
-2.020828745426883621e-02
6.990461240092907258e-02
-5.845128157686719367e-03
2.700478794381354353e-02
-3.421494739324407869e-02
-1.757856895083191595e-02
1.636486831080255222e-01
-4.645850199319746798e-02
6.398787945086947815e-02
-6.629966698066716568e-02
4.302786074753182227e-03
1.978070435582570188e-02
-2.001901591883824827e-01
-2.829851289752526380e-02
-8.499498119180538824e-02
1.368927886745889555e-01
4.392556477111814878e-02
-5.623619449704315293e-02
3.545594043917834476e-02
-1.131789100065453031e-02
-9.358182595320745437e-03
8.707085051369164996e-02
-7.088069239974481572e-02
-4.837009707167742867e-02
-1.202943475095696359e-02
-2.647165646775228795e-02
-8.852066211339418636e-03
2.300517645177741974e-02
1.198017361845087753e-02
-9.852004650157393517e-02
-1.207549744777765277e-02
9.843284809167499039e-02
-5.586241923427599509e-01
8.274907745773568690e-02
3.512590962913984122e-02
6.380199711319044231e-02
4.534609302575080131e-02
3.410974721235687096e-02
-1.107210390254120685e-01
4.154179751568198159e-02
-7.566059286880361112e-02
-5.207537289283276777e-02
-1.630911330926491584e-02
-1.226008026551453182e-02
1.754364730584072676e-02
-4.853914969343566324e-03
-4.892043692760436602e-02
2.970056682846340668e-02
-2.834139829917636105e-02
-1.148237416209938605e-02
1.831479611867690635e-02
-7.926897548822355033e-02
7.035321414632189629e-02
-1.973855638510828986e-02
-6.697283572054359146e-02
5.279703051460850338e-02
-5.028077191593997852e-02
3.437399868568667000e-02
1.467773203710766305e-02
-6.082554181798965204e-02
-6.036128365530322136e-03
3.008825653002180148e-02
8.923930037208899213e-02
9.969997827650338429e-03
-1.578982514037700555e-02
7.545179421199139924e-02
1.472713120474636317e-02
-5.904865808561358120e-01
6.913731116196950022e-02
8.214064346437521813e-02
-6.399135893105911514e-03
-5.648960959068300217e-03
-2.217160093932733778e-02
-3.135858763765510260e-02
-6.377621065814674008e-03
4.056438690793025964e-02
-8.049441657588349286e-03
-2.275978480566563308e-02
3.903178485131919974e-04
5.906603409733399840e-02
2.089236843098016619e-02
-7.261612977781625733e-02
1.460770003693273025e-03
-7.557694606555999395e-02
2.851563096908681441e-02
-8.472757480738155045e-03
-5.068493878422913185e-02
1.042438710013485377e-02
3.954665511873866474e-02
-3.500989545263823860e-02
-9.467959573523868078e-02
-1.344814865190959718e-01
-1.212335062193109353e-01
5.026130274444286228e-02
-4.943088836088557758e-02
1.451419074781993002e-01
2.502443147233654464e-02
7.947345650557241514e-02
5.352457141757693826e-03
1.288619270432741354e-02
-4.127976704007151748e-02
-5.036985556242486867e-02
2.678095464958436117e-02
5.323023699025590527e-02
-3.180870403882739977e-02
4.009510973807965672e-02
-7.663185283001568149e-02
6.871895030265657428e-03
-2.072868239133715193e-02
-7.581622188480521829e-02
-8.004632468998951200e-02
-7.047874404205548005e-02
-1.334247094407713802e-02
-5.093182021492533018e-02
1.601457742526385050e-02
2.213637337863684496e-02
-1.852804547584605043e-03
-5.416155878643211935e-02
7.773837727270990414e-03
-2.288924435021953349e-02
8.917063597675271847e-02
2.454762081750066355e-02
6.739888426625119389e-02
-3.245063953194082113e-02
-9.409650548964976213e-02
-8.193071565530704592e-02
2.002883506665002755e-01
1.215972001918703277e-02
-9.255084030416556307e-02
-7.272619476445824072e-02
6.650963458364743397e-02
1.189341642355239287e-01
-4.753448460835150297e-02
2.115513758108407416e-02
2.627924792848811142e-02
-4.215865040857205703e-02
7.290278273654138275e-03
-4.413750714698661676e-02
-3.082823924832165177e-02
-2.344697343820037125e-02
-1.482077995908549217e-01
3.720459188318799709e-02
7.905839605384466784e-02
-3.800122123536857355e-02
6.438107314789583147e-02
-1.482806622439182265e-01
6.652278647159796943e-02
6.274236482167233619e-02
7.090332518725423264e-03
-7.321730138221765882e-02
9.010434167697594851e-03
8.340641070771403695e-03
1.312178634314322204e-02
6.305966531051667573e-03
1.289164073960646743e-02
7.772185782494753226e-02
4.985924495349524505e-02
-8.681337395389764067e-02
-2.038507563947224849e-02
5.580344067714593931e-02
5.124316778323078497e-02
-9.159344852132189629e-02
-3.248010443673468584e-02
-5.598917378765459057e-02
-1.835233048270970557e-02
-5.403702373850115259e-02
3.571989097104785738e-02
1.845799326782512559e-02
1.167947340875287801e-02
1.087172165813909616e-02
8.817955864731261140e-02
8.184696439304414706e-02
-1.600546461939192366e-01
-4.632789339943155227e-02
-8.979517158179844971e-02
-1.045480780495507411e-01
-9.181235856248790017e-03
6.393802762748058977e-02
4.148521554690842716e-02
3.457900153179700449e-04
-5.218464200123265617e-02
6.271998074611357006e-03
1.832306106550905533e-01
1.327955975358336149e-01
-8.040911583816802433e-02
-1.352804145914804747e-03
5.244150159994407853e-04
5.768241469617825523e-02
1.174602375250860808e-01
2.154879636945813970e-02
6.573619513374574785e-02
4.115957388101906464e-03
-1.167399478190389306e-01
2.699131871495847722e-05
7.961512034554486458e-03
4.358438171721236154e-01
-5.397211986785874216e-02
1.613550490635060064e-02
3.655983288765478345e-03
-4.868807032634828169e-02
-1.348905579870520177e-01
-8.668737647969683435e-02
-3.225694763901127554e-02
2.528041078618762857e-02
6.481423485539210272e-02
-4.631077704298761089e-02
1.698475797661009312e-01
1.999041205481754679e-01
1.188813403043247410e-02
4.496141025167579852e-02
-1.055537597447332027e-01
-1.631847731420699860e-02
-1.096778416195931249e-01
5.028730806600313630e-02
-8.610482345192131681e-02
1.584394212500764010e-01
-2.637733246046713650e-02
-1.168366768708869047e-01
2.469771350548073674e-02
-1.713466164350766971e-02
-2.318349297191759500e-02
-2.501472673202206551e-02
-2.650666267480669865e-03
-4.176667042586489770e-02
-4.572723911588751078e-02
-2.896203907507487532e-02
4.289794170764908710e-02
