-3.444855799071080971e-02
1.226978370516572381e-01
-9.550009735581968529e-02
-3.576085283135835291e-02
-4.245394117048540555e-04
4.587921552339013082e-03
-8.091504889529723549e-03
-2.327433207957652767e-02
1.671206580616240930e-02
1.854024365378733830e+00
-1.814974257397168333e-01
7.297147811808482598e-02
8.854615457630447828e-02
-3.452477827422895107e-02
-2.841758633090558928e-02
-3.521363043318560815e-02
-5.320888506316228533e-02
1.165300155769311452e+00
-1.812149041171673136e-01
-5.050480140349798697e-02
6.508721743855433277e-03
-3.262469708659664069e-02
-8.571594289158215862e-02
-2.454770567517900598e-02
7.768807593604012962e-02
5.110682158829226579e-02
5.117106052931768949e-03
8.468562503373253461e-03
2.866865354371435706e-02
-1.886927844813886257e-02
-2.377604045635610744e-02
4.605715606503331394e-02
6.553860959398031399e-03
3.784709832806606306e-02
6.791178653832315171e-02
-7.288786713170078424e-02
5.930899961788543449e-04
1.844927481861270702e-02
-4.723792626200878225e-02
-6.061506623943797162e-02
6.482757654191378602e-03
5.170172631826713827e-02
-1.480222209739105212e-02
-1.311852247645094866e-02
-2.513828988927485630e-02
-8.590348097024608708e-05
-9.232231766444981558e-02
3.279093812217771103e-02
-7.178127189100421378e-03
2.106400534913539790e-02
1.421884118323583392e-02
6.031013752259142130e-03
-1.816066845733285001e-02
-4.704060489049485295e-03
-5.521386503822270017e-03
3.335949224395513141e-02
-7.142085799946252742e-03
-2.357611667312582010e-02
7.269601777919662382e-03
-4.102016366459673713e-02
9.607455466974357608e-03
1.952465868773725285e-02
-1.467985384352155608e-02
1.285160419715087599e-01
4.136697327503103400e-02
-3.406021520696029398e-02
8.849346214442168138e-03
4.231548389965247847e-02
6.206408615493424520e-03
4.212140181698380281e-02
1.676505251920130252e-02
1.074611271283350267e-02
1.181582588656575894e-01
-1.080784879994662814e-02
7.248864619377162755e-02
-1.502547315256322173e-02
2.005698108926451048e-02
-5.495061956344114013e-02
-7.574949772209401766e-04
1.405191759106282912e-01
-9.887799262560118679e-03
6.803040087734553432e-02
-7.583340774791158534e-02
9.000765764954846843e-04
1.235603414462558419e-02
-1.878678953676995445e-01
-1.708052455390607627e-01
-3.505306126426511321e-02
1.282748426939845088e-01
5.923106049816195123e-02
-7.721187339020886553e-02
-7.299308801790672062e-03
-3.185712105816686929e-02
1.604591721878691896e-02
8.963676932536446262e-02
-5.014388093842389593e-02
-8.682258205483933677e-03
-1.703324221022260374e-02
-2.818644239159115439e-02
-4.615968303418829105e-02
1.458019794574535316e-02
-1.610520096293245260e-02
-7.160490670520171241e-02
-1.896992406761422584e-02
6.498955416094463755e-02
-7.805570776837598146e-01
4.309892182880517564e-02
3.335781147396898322e-02
3.552852591107805852e-02
2.284193496753057079e-02
2.119597361066967445e-02
-7.186697212718812233e-02
3.143010885205213545e-02
-7.503320896962872855e-02
-2.491658930049234569e-02
-2.277518878033678654e-02
-6.114686138722720196e-04
1.825891297682800257e-02
8.168862035325076890e-03
4.671871474482468256e-03
4.819671183764310390e-02
-1.988772843011070435e-02
-3.509362814124783458e-02
2.093885094083764581e-02
-2.728004178991532552e-02
5.755703116098360994e-02
1.348912054571357010e-02
-4.543466503882238883e-02
1.485984996100145165e-02
-3.171880013028251233e-02
3.867333732845136540e-02
5.328596908269106930e-06
-6.265151526509268876e-02
-1.781884405752820130e-02
2.752767718665481353e-02
8.117327841365672148e-02
-6.443201728145445811e-03
-2.803416580211450307e-02
6.716923172858958735e-02
4.206849782476739137e-03
-5.267277800099547935e-01
2.222900295459451919e-02
7.112073953504584323e-02
-1.441601692400973074e-04
-1.090829676789922820e-02
-3.732470681749353730e-02
-1.993461283539501444e-02
4.126553485333659364e-03
1.277818705145109847e-02
-2.874134245335915883e-02
-3.704895805379063850e-02
-1.043236727398644953e-02
7.190917292342566269e-02
2.420124890931497560e-02
-5.116591792951251383e-02
4.234962051376137127e-02
-7.273479993613307659e-02
-2.496057811096820660e-03
-2.882883326593074780e-02
-3.878567659764741576e-02
-1.086568236754923387e-02
3.075700439516080784e-02
-3.679829200036880549e-02
-8.240209696377276405e-02
-1.027041586208344015e-01
-1.098206090182785311e-01
6.463879444822581699e-02
-4.683906841724736619e-02
1.116589848645901384e-01
8.944554220913567347e-03
3.266176772775452458e-02
-1.207337636213816172e-02
5.954093709146162511e-02
-2.681691352629338165e-02
-2.011113321424502082e-02
4.610147685686314528e-02
2.530102297634825165e-02
2.760376570249110928e-02
5.092332484273146692e-02
-2.101243001437755331e-02
8.007447357112765576e-03
-1.410905235072607358e-02
-2.578914024878862718e-02
-6.218981887694673832e-02
-3.565976945036221368e-02
2.527620563153754919e-03
-6.394899356195990481e-02
9.150089843304917356e-03
1.739141458708763979e-02
-1.187128646462694802e-02
-5.954474371338146915e-02
-1.371661891249707603e-02
-4.357249487734103643e-02
7.874770478267258123e-02
-2.233220486709759298e-02
8.962187664914574026e-02
-4.576683965206023580e-02
-5.914539979228259498e-02
-5.424429793804309147e-02
1.757539125982740813e-01
-3.848647391861953222e-03
-7.161598104681775323e-02
-6.798769643574628652e-02
5.288960318554988826e-02
1.192121426413617763e-01
-2.365166384340255511e-03
2.411588248459173300e-02
3.681143070233369036e-02
-2.812204898956090909e-02
7.070294374623319750e-03
-6.676417787461094711e-02
-3.644434350974944808e-02
-4.293167935884212305e-02
-1.211600672101851295e-01
2.661374240174839423e-02
8.249627279006974123e-02
-6.001286450805982248e-02
6.072864998118474716e-02
-1.472704482827895123e-01
1.370636445867915408e-02
2.032968748360224412e-02
3.452525922626766778e-03
-6.464780735766373354e-02
2.462793316031046051e-02
-2.575107805582489695e-03
1.930154379250298424e-02
8.046930810933685535e-03
3.888982577337439517e-02
6.477924122804387674e-02
1.611902192867219891e-02
-1.423048915349348909e-01
1.346525741853219979e-02
4.127355291677661103e-02
5.389301115459691621e-02
-4.987569563965865704e-02
-1.893793965897539941e-02
-5.526057228917920228e-02
-7.598252776936546826e-02
-4.475603805197657381e-02
5.281885858125490857e-02
1.543502028449263326e-02
1.902685941885228285e-02
3.629145200442420588e-02
3.801070108183960544e-02
8.413505866461172544e-02
-1.253200724837034430e-01
-5.405449391277818150e-02
-1.042247576692773153e-01
-1.334101279287329134e-01
-8.878605228194920776e-03
5.270225882367933490e-02
1.637943732646489001e-02
-3.070724599032700897e-02
-2.435769667796456456e-02
8.903433187624435613e-03
1.211016911989589440e-01
1.028641772936618876e-01
-9.589783663937080649e-02
-1.584754243786093766e-02
1.362855857072286549e-02
3.921598006763746258e-02
1.012292741734781426e-01
-7.345173471626072377e-03
8.987232894610591716e-02
2.713636230963610910e-02
-1.195097267740310581e-01
-9.300389917553957345e-03
8.192277152388188419e-03
4.304047846965272095e-01
-5.561353984261152572e-02
2.505538459203132673e-02
-1.116399488268202123e-02
-6.434686168502215531e-02
-1.132307800496842598e-01
-6.083052104010122640e-02
-6.254017743027861197e-03
4.643052711195600618e-02
8.240263574718295625e-02
-2.049918757318084164e-02
1.495965636675202215e-01
1.548887754268289119e-01
3.597526227507900909e-02
5.588031961943713127e-02
-7.781049104064094446e-02
-5.351478520064106847e-02
-9.954313977859469142e-02
6.111935579869627599e-02
-5.361785680954765654e-02
1.286631884059057374e-01
-7.060931695194389013e-02
-1.698328468978069494e-01
5.542931691071525252e-02
1.510974883369789468e-02
-9.990650526620960606e-03
-1.672117534523366936e-02
-5.214346209874222947e-03
-3.219129268382727588e-02
-3.605725691123248117e-02
-1.006403634089416722e-02
5.981880877892751386e-02
