-3.054071031510829926e-02
1.610417664051055908e-01
-8.666057139635086060e-02
-5.751422047615051270e-02
3.229495137929916382e-02
4.795986041426658630e-02
6.329703144729137421e-03
-5.824041739106178284e-02
8.682153187692165375e-03
1.499171257019042969e+00
-1.446902304887771606e-01
9.567815810441970825e-02
8.578003942966461182e-02
-3.044399805366992950e-02
-5.581058189272880554e-02
-2.277758531272411346e-02
-4.570667073130607605e-02
1.174197435379028320e+00
-1.571505814790725708e-01
-3.363371267914772034e-02
-1.316601596772670746e-02
-2.082149125635623932e-02
-5.619987845420837402e-02
-1.085540559142827988e-02
5.114857852458953857e-02
2.275655418634414673e-02
-3.501081839203834534e-02
-2.431058511137962341e-02
5.419108271598815918e-02
7.950340397655963898e-03
-2.840706333518028259e-02
5.866991356015205383e-03
-5.077237728983163834e-03
4.743548482656478882e-02
8.800497651100158691e-02
-7.922380417585372925e-02
5.423555895686149597e-02
4.548072814941406250e-02
-4.454627633094787598e-02
-3.655042126774787903e-02
7.648750673979520798e-03
-2.616693731397390366e-03
5.680541694164276123e-02
-3.761891648173332214e-02
-4.996003955602645874e-02
1.722723827697336674e-03
-7.997596263885498047e-02
4.700472578406333923e-02
-1.833048276603221893e-02
-9.176405146718025208e-03
1.419277023524045944e-02
4.704980179667472839e-02
-3.554878011345863342e-02
2.821345813572406769e-03
-2.495341561734676361e-02
2.600959874689579010e-02
1.385786337777972221e-03
3.512130584567785263e-03
7.568849250674247742e-03
-3.718652948737144470e-02
-4.471543710678815842e-03
1.293921377509832382e-02
9.761422872543334961e-03
1.250513792037963867e-01
4.165580321568995714e-04
-3.311863914132118225e-02
2.222976647317409515e-02
3.545450419187545776e-02
-2.000839449465274811e-02
5.207877978682518005e-02
1.065332069993019104e-02
5.244553834199905396e-02
7.409881800413131714e-02
-2.095751091837882996e-02
7.456108182668685913e-02
4.118499811738729477e-03
1.960791088640689850e-02
-2.970585227012634277e-02
-1.966215204447507858e-03
1.459592282772064209e-01
-3.467682749032974243e-02
6.350819766521453857e-02
-6.127123534679412842e-02
1.070517674088478088e-02
2.183804847300052643e-02
-1.845157742500305176e-01
4.613805562257766724e-02
-1.021731644868850708e-01
1.435994952917098999e-01
4.252193123102188110e-02
-3.262158855795860291e-02
2.821927703917026520e-02
4.806842654943466187e-03
-4.095043987035751343e-02
7.313629239797592163e-02
-6.613217294216156006e-02
-6.195076555013656616e-02
-1.375801954418420792e-02
-3.538049757480621338e-02
6.109999027103185654e-03
1.639095135033130646e-02
1.867219991981983185e-02
-1.145759671926498413e-01
2.371699782088398933e-03
4.902835190296173096e-02
-4.929974377155303955e-01
8.207124471664428711e-02
4.045296460390090942e-02
5.827656760811805725e-02
4.810342565178871155e-02
1.943584159016609192e-02
-8.560670167207717896e-02
4.248835146427154541e-02
-7.204921543598175049e-02
-4.816733673214912415e-02
-2.092113159596920013e-02
-4.944056738168001175e-03
-8.435760624706745148e-03
-1.810384541749954224e-02
-5.469587072730064392e-02
2.326719649136066437e-02
-2.180260047316551208e-02
-1.521388720721006393e-02
5.500582512468099594e-03
-9.733350574970245361e-02
6.413108110427856445e-02
-1.143042091280221939e-02
-3.704093396663665771e-02
4.735468327999114990e-02
-2.975348569452762604e-02
5.539845675230026245e-02
2.333325520157814026e-02
-4.487190395593643188e-02
-2.166045270860195160e-02
1.746406592428684235e-02
6.871604174375534058e-02
4.592297598719596863e-03
-3.343147784471511841e-02
6.186566129326820374e-02
1.833193353377282619e-03
-5.431946516036987305e-01
5.694481357932090759e-02
6.955678015947341919e-02
-7.191088981926441193e-03
5.185639020055532455e-03
-2.469681762158870697e-02
-3.349967300891876221e-03
-2.689202316105365753e-02
1.758289150893688202e-02
-2.558294124901294708e-02
-9.068811312317848206e-03
-2.771295374259352684e-03
5.975258350372314453e-02
2.330197766423225403e-02
-5.215222388505935669e-02
2.499064803123474121e-02
-6.019633635878562927e-02
1.257566548883914948e-02
2.990136854350566864e-03
-1.176972035318613052e-02
1.549776829779148102e-02
3.041185624897480011e-02
-3.067263402044773102e-02
-7.709001004695892334e-02
-1.147688254714012146e-01
-1.090072169899940491e-01
5.487096682190895081e-02
-4.136158153414726257e-02
1.128301620483398438e-01
3.618124499917030334e-02
6.557545065879821777e-02
6.703890394419431686e-03
-8.396882563829421997e-03
-3.351868316531181335e-02
-3.598868846893310547e-02
9.162904694676399231e-03
4.425267502665519714e-02
-3.802151978015899658e-02
1.432618498802185059e-02
-8.147858083248138428e-02
2.595902793109416962e-02
-3.482682630419731140e-02
-5.317700654268264771e-02
-7.526677846908569336e-02
-5.258497223258018494e-02
-8.724653162062168121e-03
-4.165926575660705566e-02
5.102647468447685242e-02
1.976951770484447479e-02
-1.180806756019592285e-02
-4.253564402461051941e-02
8.196511305868625641e-03
-2.041323669254779816e-02
5.574659258127212524e-02
2.368763647973537445e-02
3.479659929871559143e-02
-4.083927720785140991e-02
-9.938649088144302368e-02
-9.942578524351119995e-02
1.772636920213699341e-01
2.249321900308132172e-03
-6.439054757356643677e-02
-5.498941987752914429e-02
4.678395017981529236e-02
1.211597472429275513e-01
-6.750442832708358765e-02
1.512183248996734619e-02
1.699560880661010742e-02
-2.823734097182750702e-02
-6.318716332316398621e-03
-4.291328415274620056e-02
-5.370494723320007324e-02
-1.512518711388111115e-02
-1.357599198818206787e-01
4.202131554484367371e-02
6.100445613265037537e-02
-3.698252141475677490e-02
6.737346202135086060e-02
-1.459795534610748291e-01
6.362875550985336304e-02
4.818381741642951965e-02
2.346969954669475555e-02
-4.552486538887023926e-02
6.741747260093688965e-03
9.370704181492328644e-03
2.686321921646595001e-02
2.169323526322841644e-02
2.028267271816730499e-02
7.034546136856079102e-02
4.828154668211936951e-02
-7.706265896558761597e-02
-4.074933752417564392e-02
5.412892997264862061e-02
4.310173168778419495e-02
-1.103681400418281555e-01
-2.589521929621696472e-02
-6.072819605469703674e-02
-3.456209227442741394e-02
-5.180790647864341736e-02
4.810947179794311523e-02
4.461874440312385559e-02
2.854402177035808563e-02
2.244983613491058350e-02
5.962182953953742981e-02
3.721105679869651794e-02
-1.366394162178039551e-01
-4.228692874312400818e-02
-9.247638285160064697e-02
-1.045435741543769836e-01
-2.054262906312942505e-02
6.328044086694717407e-02
4.491231590509414673e-02
-3.160395892336964607e-03
-5.342172458767890930e-02
7.330544758588075638e-03
1.586264222860336304e-01
1.108664423227310181e-01
-7.538442313671112061e-02
-5.086096934974193573e-03
2.581625245511531830e-03
4.878038167953491211e-02
1.124631017446517944e-01
2.373638562858104706e-02
8.556520193815231323e-02
3.499596379697322845e-03
-1.074359714984893799e-01
6.791527848690748215e-03
-3.462290624156594276e-03
3.611477613449096680e-01
-7.167340070009231567e-02
-2.987997722811996937e-04
3.779550315812230110e-04
-4.576706141233444214e-02
-9.580120444297790527e-02
-8.689256757497787476e-02
-3.323314711451530457e-02
9.877070551738142967e-04
6.535750627517700195e-02
-3.148223087191581726e-02
1.370366066694259644e-01
1.906111091375350952e-01
1.342080906033515930e-02
6.149112060666084290e-02
-9.532945603132247925e-02
-9.105523116886615753e-03
-1.072692424058914185e-01
4.877179861068725586e-02
-8.442841470241546631e-02
1.504959315061569214e-01
-3.466617688536643982e-02
-8.781186491250991821e-02
1.015535183250904083e-02
-2.405510097742080688e-02
-9.412273764610290527e-03
-3.252499550580978394e-02
-1.490267645567655563e-02
-3.935863822698593140e-02
-4.097445681691169739e-02
-4.591612145304679871e-02
4.209845513105392456e-02
