-3.034897508906559196e-02
1.821322318615915259e-01
-8.989062470817302253e-02
-5.092381051810572490e-02
1.921779742810939690e-02
5.740301081783148740e-02
9.435038232738628475e-03
-9.350879588395559147e-03
-2.999492807373937650e-04
1.460813181707818265e+00
-9.651025154123554772e-02
1.121070598393161810e-01
9.224311492613275487e-02
-3.409328543577160725e-02
-7.760380917861990635e-02
-1.496852457581976208e-02
2.361718106156731906e-03
1.218757003847446896e+00
-1.719156977038275302e-01
-9.585078945033805031e-02
-9.495785361842104533e-03
-6.077024423194252178e-02
-8.931515406907972188e-02
1.751582184033581785e-03
3.015788313671977083e-02
3.693395050847932126e-02
-8.346856473850745861e-02
-1.001820124855253881e-02
3.016200823263357270e-02
4.874780570432246662e-02
-2.765977429712499977e-02
1.151328860890360158e-03
-3.148783898621642513e-02
4.494782024216970040e-02
6.905647061146701071e-02
-6.178674446968423356e-02
-5.429662436318490049e-03
3.986744695850142489e-02
1.411565111608254625e-02
-6.699941264957105791e-02
1.019754792504210146e-02
3.454450769956295825e-02
4.428539428353753249e-02
-5.974953074222105753e-02
-2.815892610201648633e-02
-1.510011118364632671e-02
-1.051941772930596597e-01
-1.746676260964912311e-02
-6.426690291033207436e-02
3.655081826110834382e-04
3.452837817935763831e-02
3.500782558357613122e-02
-1.548628339035632538e-02
-1.345885308629887929e-03
-2.955785343359729894e-02
-9.756980385773862674e-03
1.551277124831129499e-02
-8.763953220524697135e-03
-1.187835731737662366e-03
-5.997728953827524689e-02
6.076072489675161600e-03
1.535818350693147517e-02
-4.744614567209892849e-04
1.839362089574539671e-01
-7.729995649832530069e-02
-6.077507153651962035e-02
2.901902531929762344e-02
5.162806501010110127e-02
-5.810267511466855016e-03
8.981564341428224796e-02
2.778255745781349137e-02
2.866568060763045878e-02
7.983866272622426596e-02
8.423122870392636338e-03
5.624366127487143846e-02
-9.759377318808520885e-03
-1.058563600625443517e-02
-2.278526518657860572e-02
6.556471371433096433e-03
1.151214379599193177e-01
-6.405952336483508591e-02
5.640901165595856026e-02
-6.142259304027679334e-02
3.785205033742980452e-02
5.708681020857457600e-02
-2.379986642106508288e-01
7.548442791795849371e-02
-5.644837181947505445e-02
9.926391265657490137e-02
5.950121638347776604e-02
-5.466316892579656944e-02
5.971300373227248631e-02
-2.142178419317233851e-02
-2.271499264255553291e-02
6.524490022630209662e-02
-6.890519480228916860e-02
-2.517192803955306188e-02
-1.547162668442531031e-02
-4.522707738006300632e-02
-1.005830997866355610e-02
3.672782642695609362e-02
3.730280764789013076e-02
-1.316331663888473946e-01
-4.881595129326286083e-04
4.879081066518652088e-02
-6.234249611675569680e-01
7.961323854598570393e-02
4.746829868350041547e-04
3.241465714610337195e-02
3.115300400853535448e-02
2.031076393347356485e-02
-1.218187333269520473e-01
4.569937502334615875e-02
-7.440458298703198081e-02
-1.834483350492759415e-02
8.869765578550872082e-03
-2.498820775823963614e-02
4.223020583821268312e-03
-2.028974023167559940e-02
-6.442449099781868797e-03
-1.204044972385385874e-02
-1.884512601891389022e-03
-2.613938918570934966e-02
-1.038132140398153117e-02
-8.460965077649322541e-02
4.079135596821187315e-02
-1.067589413840225147e-02
-9.298692717282694420e-02
4.476253139085515503e-02
-4.913229990591497925e-02
-8.274430945906562432e-03
2.085875875870033327e-02
-4.444732481723848855e-02
6.003222520672050512e-03
5.766281586379228691e-02
7.173841524722024410e-02
-2.124348854977945594e-02
-4.096213782691430355e-03
3.977177938775478677e-02
4.823866490519903780e-03
-6.137161694713184623e-01
7.548852565509320267e-02
6.019755810858765099e-02
-4.720027004452501639e-03
3.336808627845118391e-02
5.208908627660294340e-03
-3.500244806355291144e-02
1.911632675633147954e-02
4.994704434719472730e-02
-3.352658480530860269e-02
-2.108374975826998732e-02
1.379267616913669101e-02
8.982244055095377211e-02
-5.384566808752358404e-04
-9.891510038264353377e-02
6.210879833773408701e-03
-7.974885297406708595e-02
7.549534711067946990e-02
-3.710293960718532430e-02
-1.079952238137817100e-02
7.088873060517911218e-02
3.269226363765828647e-02
-1.834346100617661665e-02
-6.313562955444634861e-02
-1.048534328190952880e-01
-6.628874708367574198e-02
6.027443019809993613e-02
-1.954885233447963000e-02
1.172785500168092299e-01
6.736491377874689879e-02
6.577797691726432194e-02
-9.653187067646173741e-04
-1.167229403314026109e-02
-8.573171942314755656e-02
-6.286758039638663809e-02
9.493218956370310518e-03
2.276156488422640192e-02
-4.389949262475408703e-02
3.431117075243889786e-02
-1.270358214695939680e-01
-9.590940715446907502e-03
-2.372829038321162126e-02
-7.714291102662396149e-02
-9.908268810388728975e-02
-5.148142803391107108e-02
-3.265238061747475357e-02
-6.519131349765916461e-02
-2.701343150076692106e-03
6.880672751648238272e-02
-3.024704919760227203e-03
-6.026672794182020773e-03
2.735003947932619726e-04
-3.259596681499259130e-02
7.639055676112521676e-02
4.167399273973391299e-02
5.511758000728399914e-02
-4.693678524277669628e-02
-8.328679908996675096e-02
-1.424387654590477392e-01
1.374886990003175158e-01
-1.447535066415928974e-02
-7.543540098583044473e-02
-3.374347000660696261e-02
7.615434714219677936e-02
1.536000772952386406e-01
-4.237201246996127879e-02
2.889560378709704613e-02
2.470724829631410976e-02
-5.845591647094804111e-02
-1.381646462755484715e-02
-5.749354405770236431e-02
-6.038759826787070545e-02
-2.500151172453790246e-02
-1.343626484232004759e-01
2.201772983854964269e-02
6.362344874506617454e-02
-6.236381407742208616e-02
7.864852543719572098e-02
-7.069834998108960600e-02
5.104832640146987621e-02
8.594759842934829308e-02
-1.913567701280848021e-02
-3.676916554216004551e-02
8.329929749221405208e-03
1.931053912942565232e-02
-8.023032644787035650e-03
-1.174991240934881304e-02
-1.604883916578729586e-02
8.178678410951527311e-02
6.628617535844134878e-02
-4.461102759185156530e-02
-5.353907572948961996e-02
8.409039330883542884e-02
6.598629882070773667e-02
-8.458942351915318958e-02
-1.075731310500596151e-02
-4.402803632837305053e-02
-3.486159898907244259e-02
-8.299310563630732385e-02
3.261573505281679247e-02
2.089826635563747301e-02
3.339174554263475703e-02
2.789754032659718871e-02
8.543483411192770438e-02
5.581805594790071462e-02
-1.163880886344676457e-01
-4.017786574577746073e-02
-7.332873243785252571e-02
-8.462461298879073168e-02
-2.958519093363621080e-02
6.162881135759466084e-02
2.693416475811823835e-02
2.916758348975259305e-02
-5.802913167661213206e-02
1.788943294759643560e-02
2.045193006580503792e-01
1.193279536002888747e-01
-4.392519163791198250e-02
-4.894224150744586922e-03
-1.297247061156428516e-02
5.065046287649570961e-02
1.160456783148431786e-01
1.223007038185754472e-02
6.559095838313847016e-02
1.991052171465080428e-02
-9.247133578156711831e-02
1.486951068440575934e-04
2.600883917162383555e-02
3.376186179385653463e-01
-4.384894272059006864e-02
2.568554047912542312e-02
7.954644056690697573e-03
-3.334748207793258867e-02
-1.309327938036183303e-01
-8.352318502102711040e-02
-2.859690671672861229e-02
5.470892116406085061e-03
5.880023582538007609e-02
-6.836651868120664777e-02
1.494186709343443831e-01
1.970114072247020898e-01
9.551736344978007873e-03
1.131920922987444435e-02
-8.870542415883791998e-02
-2.077162408716521497e-02
-8.897712115410955080e-02
6.008071788269022523e-02
-9.952896450839215925e-02
1.781892967786971038e-01
-1.137662542762379707e-02
-1.100019173032385777e-01
2.321582701236101290e-02
2.390530016398730723e-02
-6.712947020563296563e-02
-2.749842437751360419e-02
-3.463896160447055544e-03
-9.687637280273740659e-03
-1.162090588638358714e-02
-4.306243557919484100e-02
4.737370798469737326e-02
