-1.409287961503197795e-01
1.826747443702759488e-01
-5.203909342295048868e-02
-4.975939498635895825e-02
-6.934604314642593692e-03
3.450186926615121663e-02
-7.794729676633290437e-03
-3.461613131527013776e-02
1.671266892316852423e-02
1.117447043136991836e+00
-1.483837953955901290e-01
1.490992511404803378e-01
1.330070678159521978e-02
-3.014525575551232212e-02
-1.584333219075651986e-02
5.639610766532771914e-03
-3.579440055249005076e-02
1.122400934746634382e+00
-1.893924496287848203e-01
-5.989959387858356799e-02
-4.278161373775660886e-02
-3.303567209111124125e-03
-5.469615667907777590e-02
-1.091634857083556912e-02
8.115297705901426684e-02
4.979957298375374541e-02
-4.072806776633570297e-02
-7.422979469082640475e-03
5.189396520277069630e-02
3.197942348439107574e-02
-1.871723635869853783e-03
-7.431383370510756363e-03
3.834895291744935125e-02
1.418052587010543847e-02
5.167151213577306917e-02
-5.960641548146160262e-02
-5.622131437738997657e-03
6.964614972578156427e-02
2.260786300748579905e-02
-2.331966303068674917e-02
1.181010373339594875e-02
-1.936315450084417911e-02
1.031885754897356733e-01
-2.606702905481992575e-03
-4.092494825210206411e-02
-1.392788798519332266e-02
-5.693351949997763756e-02
8.538623289279484441e-02
-1.712793073573561087e-02
-2.882906710175432707e-02
-3.464580839406111550e-03
2.665177473276980277e-02
4.575983017884296955e-03
-5.984885490741983366e-02
-4.290563748099199270e-02
2.410488977453150924e-02
-1.157702963746421940e-02
-1.050283381761818458e-02
-1.076751549292231241e-02
-5.933043688363746210e-02
-8.770124376649224632e-03
-2.427802990755959650e-02
-2.915121174289436040e-02
1.212692421116776248e-01
6.593049844127365361e-04
-1.696733667266257448e-02
4.440750578626056350e-02
2.698464413449282173e-02
-5.188396765564202290e-02
1.068016601955588396e-01
-1.356957266404188421e-02
7.875096262970168737e-02
1.274327626738673558e-01
-6.172116367168282384e-04
1.139461196414195687e-01
2.209227303602576131e-02
3.060074251769421758e-02
2.166661512841585105e-02
1.457108753920401123e-02
1.770557822073885179e-01
-1.754028369448544164e-02
2.742978612150029014e-02
4.049699268846926738e-04
-2.600677570762892007e-02
3.117709739716109998e-02
-1.741103624379444492e-01
1.144197561664206803e-01
-1.095803755618542930e-01
1.179804989741267546e-01
2.398547390033096277e-02
4.263967390089002524e-02
5.513570807616619690e-02
3.235050762556464926e-02
-4.615564831275996427e-02
6.485122741401672108e-02
-1.072480513300013427e-01
-4.380430733988550235e-02
7.534142671680028186e-03
-4.209845675259403508e-02
1.599544346175267757e-03
-9.549260912547625471e-05
8.256918704436691514e-02
-9.415542259269198133e-02
2.565285424074198461e-02
2.449717884856210046e-02
-2.937813073035466793e-01
5.164855577591797448e-02
6.210029465902992124e-03
5.657828992240260951e-02
1.046523316952904931e-01
4.177526824349255680e-02
-1.075210118827988753e-01
6.568008478129612471e-03
-7.946505566829911715e-02
-7.049786299700344649e-02
7.699232682798313847e-03
1.934164383260096598e-02
-1.364137571140256779e-02
-2.918916660726664919e-02
-4.937351325249340200e-02
2.199568685987745437e-02
1.047057982628639373e-03
-7.140765507248199480e-03
-8.548252206885370574e-02
-1.149105924907196236e-01
4.688226339924638636e-02
1.545568046738729322e-02
-2.031324686787199657e-02
3.141032545269802079e-02
-5.577899279932018589e-02
8.123606720168612128e-02
5.353933696302384110e-02
-3.834718838750614950e-02
1.248340402808991931e-02
1.185108101044322210e-02
5.349343297861040153e-02
4.182615571470101740e-02
-1.822454787851088970e-02
6.501934256759023256e-02
3.820760708076165885e-02
-4.075815387539692969e-01
4.958620462537456641e-02
1.073980887869537965e-01
2.824758241927188135e-02
3.013608151010219519e-02
4.274856374250860652e-02
-3.060003495865758899e-02
1.025521108495180966e-02
3.558690668117425043e-02
-3.922964553563441925e-02
5.062949605723646163e-02
2.338591807270003122e-03
5.960751176120353961e-02
-1.141435438994085200e-02
-5.098788781223444894e-02
1.457993857863444306e-02
-5.922903755898072109e-02
4.885769834714209087e-02
6.050284910438749608e-02
-3.074604981145735369e-02
3.380697640980701024e-02
-1.714931583408806429e-02
-1.813877490782514826e-02
-1.261404978140793498e-01
-2.105636118285701408e-01
-9.382927281799274821e-02
9.487430912538015459e-03
-5.482809896881568612e-02
8.988001021680307179e-02
4.785616163373809101e-02
1.051933872405966253e-01
1.287694443337973442e-02
-4.637646787926562320e-02
-6.158792036868542680e-03
-4.060519271462274815e-02
9.278391985609821604e-03
6.214672276124826727e-02
-4.623961198510666976e-02
3.724409511410393947e-02
-8.756858955006932566e-02
8.940057017902467221e-03
-9.657615785484872060e-04
-7.936665255042711642e-02
-8.287977925555704839e-02
-5.915405377169148660e-02
1.073957783009638241e-02
-3.808089723377610508e-02
6.690952538686882611e-02
5.993613799253097452e-02
3.448313205462565090e-02
-3.014662719710183708e-02
1.230182013884230157e-03
-3.433124216880646326e-03
4.920393056906614826e-02
3.009262996025090578e-02
-2.981781752454269047e-02
-5.274207953173219027e-02
-1.585452516324522554e-01
-6.553738497361241699e-02
1.287646071632228550e-01
9.356792147457400344e-02
-1.023752145388881485e-01
-4.330278338001476018e-02
3.279015511091730450e-02
1.229299093765374162e-01
-4.990397288284359467e-02
-7.882264447481997574e-03
-1.728291455447191274e-02
-8.426155470112706158e-02
-3.768393914363343811e-03
4.109434367260527028e-03
-1.103838568920792462e-01
-1.179260584209658284e-02
-1.210564939593675865e-01
6.899709097147681269e-02
7.792577517896875743e-03
-2.540526098970213170e-02
3.993847992558925003e-02
-1.502180679480298875e-01
8.357375490574264765e-02
3.132723531002616635e-02
4.022500639423721991e-02
-7.758342907218569728e-02
5.920296051436222708e-03
-1.000820487315126107e-03
2.774645154775481903e-02
4.569752567478420346e-02
-3.128096444314928948e-02
7.960993930016994902e-02
7.550863012377566352e-02
-2.229483801615121316e-02
-7.912176724137931494e-02
1.104883921882687109e-01
2.138710747070531049e-02
-7.914363168914083368e-02
-3.014481025537814676e-02
-6.092126981864126600e-02
-4.073540541560445594e-02
-3.295120723111358892e-03
-4.048691242899950943e-02
-3.811357161126392029e-02
-7.801505537129903300e-03
2.303967711547922487e-02
5.232149246388478891e-02
3.040503474551634749e-02
-1.397299552892571350e-01
-4.040981033224876062e-02
-3.938006734564380995e-02
-6.772629747109665255e-02
1.475217788418533953e-02
7.566735046569614265e-02
1.296695839063687905e-01
1.798159197813240656e-02
-4.336582601664877579e-02
2.194434078558969714e-02
1.989576345095934451e-01
9.070191428787065246e-02
-1.207522697795071348e-01
-1.174949005521406468e-03
-9.473897754050383119e-03
1.825703990667907825e-02
1.646833350105103011e-01
4.127367440124782294e-02
4.036617752498993655e-02
-1.739107636370211670e-03
-1.348592499105505660e-01
-7.209583266945078332e-03
-3.698886721370588798e-02
3.438316575540050768e-01
-8.743083392034527168e-02
-6.083866011729057582e-02
-7.567468920687698761e-03
-6.403883608110827463e-02
-5.835941692942439585e-02
-7.639669533241646993e-02
-1.634233492560322604e-02
6.348256801651460529e-03
4.257940472097365703e-02
-6.948821992821682669e-02
9.979441479102374446e-02
1.306716010610939616e-01
3.320227876812748957e-03
5.704903069653159686e-02
-6.842564969643097350e-02
1.788408313626503945e-02
-8.144205423431280511e-02
2.918992657808376981e-02
-1.200619542186591587e-01
1.297518441958495361e-01
5.973040865115836900e-02
-6.275997116653249386e-02
1.903578615224853568e-02
-2.187393210997249510e-02
-1.027270351669070693e-02
-6.851223832545060011e-02
-1.767033916012567679e-02
-9.681708498255735262e-02
-6.440298002901516383e-02
-3.618483555978577182e-02
1.281612820550449491e-02
