-1.128170749711655298e-02
1.195629768975339791e-01
-3.445307305177480739e-02
-2.087662886546102353e-02
2.329908964583367673e-02
1.201347901721397382e-02
-9.923285458447577215e-03
-1.606877653207501588e-02
-8.648448555031256618e-03
1.881185430280094550e+00
-1.132287085389029335e-01
1.876337025462582880e-02
9.591255330785775080e-02
-5.056302336233541028e-02
-6.113661161480224426e-02
-4.771390771994236946e-02
-4.769608258433826603e-02
8.327709029396794804e-01
-1.479788645118457480e-01
-4.799729811508750971e-02
6.448223138815342356e-04
-5.385434426332542240e-02
-1.864109952459036545e-02
-2.303083277879137275e-02
2.138356698383730298e-02
6.984565641168083774e-03
-4.722700534258635757e-02
1.045570165601963225e-02
-1.037965923471413816e-02
1.062864194737093287e-02
8.210099830860427550e-03
7.865690012241824403e-02
-4.700823356922530921e-02
3.745951245115584222e-02
6.031288752734657171e-02
-6.152100843947018449e-02
-3.537241233704931792e-02
-4.294814006274062963e-03
-3.985029323169780868e-02
-2.086764013899549200e-02
1.103046257152821711e-03
7.230323936305575738e-02
1.969487488430296529e-02
-4.062908370770260125e-02
1.763315564688752030e-02
1.805154128139468614e-02
-8.209236131491347288e-02
1.204614807758217290e-02
1.081836420105425356e-02
-2.931723491638388215e-03
-3.952499953823800094e-02
4.830872291509325650e-02
-6.221529486582222379e-02
5.252570827877701097e-03
1.720518604583449671e-02
4.897658929983284004e-03
1.458625996379785822e-02
-6.293737519599230945e-02
9.138941412535094011e-03
-4.196046541248686645e-02
-1.639922496454693929e-02
2.955104051012387434e-02
-9.999560364094207260e-03
1.258590456739057395e-01
-3.028868125774733869e-02
-1.767808324581233298e-02
-1.204520010263943237e-02
1.462798889885667808e-02
-1.277242214468183625e-02
6.079863549969831416e-02
2.948861445617775856e-02
4.215742374128809283e-02
7.066770400645235040e-02
-1.064835902450981392e-02
1.033510020363704318e-01
-5.895202841144635969e-02
8.274737993354219084e-03
-2.391170392230905495e-02
-3.089262146328786846e-02
1.404287030490657950e-01
-2.706397914554533116e-02
5.836621196363778186e-02
-8.057793426663985292e-02
-3.183409085282824097e-02
3.530160482177013143e-02
-1.713524874349428573e-01
-9.382864384091581245e-02
-1.394578003402672794e-01
1.004998220933621261e-01
6.160458255175838699e-02
-4.192804587195032157e-02
-2.650615501491491305e-02
7.977026763212550359e-03
2.874945253946012760e-02
1.031914616614402064e-01
-5.787993088064170843e-02
6.805018585760234939e-03
-1.275008059991606171e-02
-1.863632758307098500e-02
-7.096236588379194188e-02
1.778110587574189758e-02
4.823492917853566125e-02
-5.510485348419952994e-02
-3.907767160743457618e-02
5.437672455280915390e-02
-6.919210504982925558e-01
2.811395458878554465e-02
3.285979573252384434e-02
2.994698138483450553e-02
1.133545346760175127e-02
-4.224029100598090860e-04
-5.313243629223583092e-02
2.956107140777381598e-02
-8.815517614681157854e-02
-5.525078951682250300e-02
-4.066342324822888599e-02
5.345555044499747735e-03
-1.602912016485480689e-03
-2.589751301399241534e-02
-4.287960828857662055e-02
3.560691287859353571e-02
2.668813012876489893e-02
-3.440383848001288963e-02
9.348413812250648547e-03
-5.425849023193791976e-02
7.280856412027156277e-02
2.584301547774922950e-02
-7.198808679689039369e-02
1.889256140216084151e-02
-3.411692424355046785e-03
3.107996977126362918e-03
-2.854755391840973350e-02
-4.635269186082903448e-02
-2.480664237264090799e-02
2.230156547579956530e-02
3.580801985037884716e-02
-2.759522390262260372e-02
3.664117157870271785e-02
2.765830933026039440e-02
-4.513005570869949024e-03
-6.835022954702173470e-01
5.157374101872906624e-02
9.374159849691338087e-02
-3.310549460386207326e-03
3.368889301410529086e-02
3.101014931234659291e-03
-2.367868446635191734e-02
-2.395433072792674950e-02
3.243120884546159960e-02
-1.000071777536150862e-02
-2.666261497232506536e-02
-1.338147199528900121e-02
9.836944782499836004e-02
7.052897498840464408e-03
-6.679170102090448147e-02
3.539406143923006648e-02
-6.547003154988877138e-02
2.406053598831947148e-03
-2.624888503716671026e-02
-1.832787297094080545e-02
-1.536636567987913074e-03
-1.084538699840461315e-03
-7.085374158374618293e-03
-1.932900064826254330e-02
-1.398152810899224996e-01
-1.002564350382954689e-01
4.325278173125862019e-02
-4.222301639229452536e-02
1.148770946678802501e-01
-1.465453520351647212e-03
3.949482467409864278e-02
5.601956212231716525e-03
4.812178546306519755e-02
-1.202890891274737686e-03
-4.562013771025563019e-02
3.609500573611020002e-02
7.219126809016775635e-03
-5.386317465993793741e-03
3.321845092893688234e-02
-7.702299215620279915e-02
-8.231843630326680580e-03
-4.509187115775534563e-03
-5.617679068097581468e-02
-6.237619407164288893e-02
-4.289335693150940487e-02
-6.993628522121734734e-03
-3.245951581817043546e-02
-2.462313206046927438e-02
4.725487540506789069e-02
-7.645457996717385310e-03
-2.234648104967225032e-02
1.251009763668924774e-02
-3.101599048141766984e-02
5.422227077492899200e-02
8.538941415741773885e-03
8.007145510441977809e-02
-1.295162448192868805e-02
-5.881979692989837416e-02
-8.213375956103878550e-02
9.289101845970562654e-02
2.084495287398104371e-02
-1.190019100111797644e-02
-5.070691513609665302e-02
1.011312595847682107e-02
1.624544619292621617e-01
7.260751526957153010e-04
4.222304445074948759e-02
-3.770531654170018732e-02
-1.063796837738371741e-02
1.981768874585953383e-02
-3.012003591418101894e-02
1.789520909016339154e-03
-2.361769139778436416e-02
-1.099426866775505690e-01
3.982271577881805330e-02
8.434396414212828874e-02
-6.672729885005869443e-02
2.610807368092553371e-02
-7.846890847415363690e-02
1.430639591518919999e-02
3.256765310360502930e-02
4.269618515803291769e-03
-2.087667896984488763e-02
3.220649168591102358e-03
-2.595529138529113419e-02
5.632789949018909489e-03
9.677956357462279974e-03
7.732407541137863161e-02
5.074384807953183363e-02
3.581079763742037181e-02
-9.292123340735207460e-02
6.622289601350601906e-02
2.602047718870057966e-02
4.606579816716400294e-02
-5.143387763743063196e-02
-4.632959574404224568e-02
-3.596614928585940840e-02
-3.066639415760757936e-02
-2.645366766655242452e-02
5.187391036994319637e-02
1.075377163354978086e-02
4.932249092637666643e-02
2.358380480088822367e-02
5.067935772497044605e-02
9.149822882205539687e-02
-5.545280237586810990e-02
-1.715022354090903547e-02
-5.876276210765622038e-02
-1.209677515038049128e-01
-8.102335823085636546e-03
4.736981486165610378e-02
3.688094710978032098e-02
1.004087405907173837e-03
-3.445886912690040993e-02
3.860783277904791116e-02
1.617096943340776138e-01
5.581556613175814308e-02
-4.204232395067150629e-02
-1.273339032860651551e-03
4.093518942631715202e-02
7.555518222667793882e-02
1.164010295240362480e-01
-5.439840171344486469e-02
1.450936697047185975e-01
2.243575704084438752e-02
-6.992046726723090411e-02
2.180501098993564008e-02
4.581842480731697538e-03
2.431290776150095145e-01
-4.031890550476743829e-02
6.396782195457698106e-02
-1.378834865282218755e-02
-4.778031807449349688e-02
-9.743849233936839604e-02
-3.158375532180707213e-02
-1.189303008257587210e-02
1.257256678040548879e-02
7.857659682430880033e-02
-2.458647669532070847e-03
1.317265576258455362e-01
1.837675841535594545e-01
3.633049233192889305e-02
2.589121389085280098e-02
-5.631239318547030109e-02
-3.031506221794037781e-02
-2.686464787312422067e-02
7.159145247750706154e-02
-4.462061136904224568e-02
1.029917816625073868e-01
-5.219218143296036616e-02
-1.660539287993777480e-01
5.206870418936141581e-02
4.265164135868851347e-02
-1.592916066643287887e-02
-7.150770901240138810e-03
1.510493653722622641e-02
-1.882856808308740193e-02
-1.844363013107370997e-02
-1.811421785726012937e-02
2.916630497982099918e-02
