-5.871667705549888511e-02
1.773311508700979033e-01
-1.284364679021465505e-01
-4.691998915842490042e-02
3.429625868642658532e-02
6.946323895261168058e-02
-1.090075871860655445e-02
-1.052427864026066889e-01
-5.248727028784745327e-03
1.328544249149028245e+00
-1.218969282896852219e-01
1.240596886919149294e-01
9.223380580864498635e-02
-5.854160372154649378e-02
-5.970203707444479008e-02
-1.024977141609542501e-02
-6.017442865176403366e-02
1.136888312026698822e+00
-2.084182803716557175e-01
-4.041735310774495493e-02
-9.111566686644523988e-03
-1.747179818601980739e-02
-9.342934802945970785e-02
9.119760560444292730e-03
5.020370506238150399e-02
-3.714535820595320139e-03
-6.588928613130744238e-02
-3.000408995302330725e-02
7.531534855542681983e-02
2.228851018905364870e-02
-9.568693215128171864e-03
1.475755887970996898e-03
-1.970911823804828017e-02
7.936921821641017283e-02
1.172748796650996267e-01
-5.927760686348970687e-02
4.244260152152792148e-02
5.889244877710913401e-02
-4.361188111809243678e-02
-4.375552971437005924e-03
-2.636664983624596205e-03
-2.321695567427736751e-02
4.585393017492044726e-02
-2.071912619815170081e-02
-5.357486559773148166e-02
-6.516189643714450155e-03
-9.332622486584027377e-02
5.626175781639797951e-02
1.143942606653865213e-02
-6.857359458633275826e-03
3.928607879302674355e-02
7.605797284547516357e-02
-1.748379258800420930e-02
4.830583998580962983e-03
-2.069875249773743889e-02
4.091916900227711429e-02
2.484632927013920300e-02
-2.409878919719678214e-02
2.273560686920673979e-02
-3.939268036029093534e-02
-1.155277414655295687e-03
-2.352531548065355665e-02
9.267084489444623804e-03
1.315014693643212773e-01
-4.679209759531161722e-02
-5.519286738525739505e-02
4.316945795069630082e-02
3.612128368978750892e-02
-1.525312616722774434e-02
6.010750795533922192e-02
8.840611900629636796e-03
1.070807478192114526e-01
3.671619899019858135e-02
-1.453120988331360608e-02
7.391687328835470916e-02
2.342753850162433010e-02
2.962054587300319477e-03
-2.581095692059074548e-02
4.587115165662316446e-02
1.152227135502710970e-01
-2.237962947643750561e-02
5.631726610055327181e-02
-3.569898383188178231e-02
3.355628989363545339e-02
9.190122440241404317e-03
-2.219986611746183058e-01
1.468111879407313358e-01
-1.826600327707310067e-01
1.155985543873557231e-01
1.787133412528689111e-02
-1.541865486985605563e-02
4.155240358828763553e-02
2.337779597603973844e-02
-8.242601768399840378e-02
7.557989130359459018e-02
-6.564105533672982828e-02
-7.995328143883535799e-02
5.738112029046343529e-03
-5.959025173832478012e-02
-5.058176236669133458e-04
4.209774689963521888e-02
-1.576456286775524123e-04
-1.237099859603508073e-01
1.308523748818479597e-02
3.301438979585685080e-02
-2.518238637308600758e-01
9.139657435331685620e-02
1.639722997149798897e-02
6.533319089834351001e-02
9.127062636515838323e-02
1.341127624724889472e-02
-9.745248321963943805e-02
3.170759009005887780e-02
-5.040690880152953052e-02
-6.516936756092625571e-02
7.815497923763873797e-03
1.827707739090253655e-03
-5.128559957998857916e-02
-3.871521726287822235e-02
-8.559289712249559812e-02
1.989305270377587573e-02
-3.568998870712571103e-02
6.845698008904366715e-03
-1.871493498433186159e-02
-7.973603956637857759e-02
6.940842905611424585e-02
9.490027154178355684e-03
-4.831374354148418315e-02
4.291278424485951704e-02
-3.503393200350506109e-02
9.059902106189919591e-02
6.719993238308145933e-02
-2.432577330678781583e-02
-8.870590461536142016e-03
1.864225394319416482e-03
7.557203579590812681e-02
-7.597165158957795185e-03
-5.088932684351819835e-02
5.998169531362608498e-02
3.423665524179349989e-04
-5.483559716324245548e-01
8.556008373029182212e-02
8.371632407196948067e-02
-7.747489041918678362e-03
1.436828930668664246e-02
5.724238341668652988e-03
-2.690584469694869835e-02
-4.313355324568138999e-02
9.622826379398997584e-03
-4.376915368755612823e-02
-6.485361783863550708e-03
-6.088942873232223475e-03
9.746739298405605878e-02
2.190069660541586749e-02
-7.814079763709794180e-02
9.843003916254809346e-03
-7.909567222269960063e-02
2.315777679452495422e-02
4.609031544860352214e-02
1.538848614719387151e-02
3.258983777310097557e-02
1.371778857464644487e-02
-4.595085447134415052e-02
-8.813554792745395550e-02
-1.466984497656362574e-01
-9.520464945573837989e-02
2.052127270398723322e-02
-5.596242561792473535e-02
8.872055316113858225e-02
5.491320373221829365e-02
6.461644484864066673e-02
-3.531853309486950119e-03
-3.853487353834501167e-02
-3.654193502798921273e-02
-4.853628558073976029e-02
-2.764824701882671182e-02
4.636820877013781567e-02
-2.464903475679391595e-02
4.116870182965872565e-02
-1.232100919853422183e-01
3.027542438581732123e-02
-3.456516500399153119e-02
-4.386229911122645209e-02
-7.831760881940826036e-02
-7.372426988280426918e-02
-1.994971955350311951e-02
-8.958312688488873077e-02
7.157050731225954310e-02
5.719038601932287941e-02
-6.125393024421782982e-03
-3.336379205831235817e-02
2.534994797932304741e-02
-4.270721194291836331e-02
4.203903361165470948e-02
4.749198489178520916e-02
9.925317563906044596e-03
-8.448651031214311768e-02
-1.540409944243328055e-01
-1.083886384173587125e-01
1.811328701034471411e-01
-4.496207221752829102e-03
-7.302223869863677663e-02
-5.838517571390160893e-02
4.603890004095475413e-02
1.426726293019813518e-01
-1.037752736207049470e-01
1.447242756864598398e-02
-9.625978598110537104e-03
-9.578779908965764575e-03
-1.608820696753972268e-02
-2.607345864436307406e-02
-6.992060707450022117e-02
2.742234568079825185e-02
-1.574444486215365036e-01
5.149671837925901691e-02
3.632487722669806157e-02
-3.826696878447544831e-02
6.083733929937577140e-02
-1.869095863223603216e-01
6.770062219518854785e-02
6.355635735030379374e-02
3.363335886653047446e-02
-3.636083607029110681e-02
-5.590226750664042434e-03
2.124587426137655027e-02
5.457295359639542653e-02
-1.731269336405257290e-03
-1.904446297475635014e-02
7.930889701265925185e-02
5.867979785607765897e-02
-8.143143786519718708e-02
-5.220923079215220725e-02
6.356936685062811176e-02
5.449641788849497043e-02
-1.000699535395715711e-01
-5.077443395301360629e-02
-8.309427180927143886e-02
-4.505699677022236005e-02
-6.187109920716867689e-02
6.345557297325953028e-02
4.113899869876844889e-02
3.001326914894501818e-02
-4.439629362313382045e-03
7.066403802936269130e-02
1.925121549770071258e-02
-1.166747210433967952e-01
-3.650699669659389357e-02
-1.126563175649454990e-01
-1.175698374664600615e-01
-5.116511958822110573e-02
8.844717499702020591e-02
5.508269537876561706e-02
1.919684547715057657e-02
-8.450408910846148036e-02
-1.605853428959964089e-03
1.808688470856293917e-01
1.131834324170371830e-01
-8.715605653037719613e-02
4.236733874694571453e-03
3.053389549244797316e-02
3.711447214713081005e-02
1.238075328504229938e-01
-1.326164939848141662e-02
1.120345143397068477e-01
6.935839418220775786e-03
-1.028653340549500472e-01
1.355252785797987115e-02
-1.358704255500133018e-02
3.311711395815546966e-01
-9.567813463233582061e-02
-1.762295986347723210e-03
3.924306230904240841e-03
-5.575706174950937483e-02
-6.223774189982925198e-02
-6.666060386776397062e-02
-5.156436994648855993e-02
-2.016317307895535565e-02
6.196758498110953306e-02
-9.407087935256844280e-02
1.372203655817930967e-01
2.057427951514009257e-01
3.093039290401758401e-02
8.892253878227872332e-02
-9.325204418608841472e-02
4.264848038316773268e-03
-9.916330559936689659e-02
7.491968758488928848e-02
-9.631210820993779675e-02
1.676054260021787035e-01
8.311608965625726791e-03
-6.036188889239225974e-02
-1.726590781993214349e-02
-3.574468761953798063e-02
-3.165826172459696580e-02
-4.864458980628610235e-02
-4.972376656727112501e-03
-5.075697426156711850e-02
-6.425594147073987461e-02
-2.573128658901664353e-02
3.910437077632469144e-02
