-6.363671342443190555e-03
1.505007999480189873e-01
-3.724720749465391251e-02
-6.609429599718451287e-02
6.653471397493812556e-02
2.495683869133175081e-02
1.311175548558081785e-02
-2.870356371986581070e-02
-2.508412843992678318e-02
1.564100820967031735e+00
-1.390538345708884072e-01
5.327944364245387060e-02
1.091990900547927940e-01
-4.808290676761342586e-02
-8.225664364980705967e-02
-1.297147969688224912e-02
-4.313978238962821316e-02
9.202126134425490100e-01
-1.332918300322615268e-01
-5.232691123293968516e-02
-1.270234882554820491e-02
-3.269999972252127934e-02
-2.985171501213044337e-02
-6.668179846992454245e-03
6.838181898167160211e-02
2.289674347797836240e-02
-5.873900360514223290e-02
1.907709357403224518e-02
2.544965426151814258e-02
4.811928971922853349e-02
1.986484228456552453e-02
8.153646353605928376e-02
-5.339167800282842991e-02
5.440605781708417882e-02
7.493780285645841588e-02
-6.010534421697355523e-02
-3.258693798420036342e-02
9.990747674497115621e-03
-6.054483003966095594e-02
4.928031053221342515e-03
-2.074398012813042161e-02
1.678126248654228381e-02
1.440883842119465748e-02
-3.154383117408644799e-02
-1.546680822705898475e-02
1.333595108579879057e-04
-4.514551634280275505e-02
3.180245723590500312e-02
3.335756647465139280e-02
1.815707278220510604e-02
-1.850456790667280929e-02
5.541274915854579181e-02
-5.881301238179406643e-02
-2.187354432063498208e-02
1.845611255337418783e-03
2.028717537013348740e-02
3.027113240336341132e-02
-8.659235519252860697e-03
1.794784529357652987e-03
-5.045234378179443840e-02
-2.091996775292647576e-02
-7.724672385792072035e-03
-1.207952743091011104e-02
1.311781648066343287e-01
-2.597496699737505271e-02
-5.129311513447543797e-02
-1.633015904906656018e-02
3.192572164627082657e-03
2.753438835655367799e-03
8.153800267581975958e-02
-3.549240480774655711e-03
3.461433912315800554e-02
3.960035347320110810e-02
-3.823680210056013690e-02
7.421631483521463901e-02
-1.723879165186780263e-02
1.065687724642144958e-02
-1.397744843751734176e-02
-9.545095357006429596e-03
1.481370136723013375e-01
-1.056557392223797694e-02
7.788014670993484434e-02
-1.711059865223962459e-02
-4.134303893459242659e-04
3.636666780548557243e-02
-2.182973917463030544e-01
8.251800836875811118e-02
-1.888696176065795818e-01
9.016591435249415865e-02
4.496340648250404110e-02
-8.111677516951637176e-03
-4.405501775748175280e-02
1.961925374815939177e-02
-3.633651005999089662e-02
1.572570309638500752e-01
-7.095180662924403803e-02
-3.937130797946703994e-03
-1.422767336147661224e-02
-4.974947718384999801e-02
-6.102242582993884501e-02
5.614929979401829876e-03
-3.236199189528022550e-03
-8.969100663729091816e-02
-4.894223721927246779e-03
2.047178542929194850e-02
-4.086034530838984491e-01
9.011998403745870301e-03
3.952513434016485805e-02
5.937467555222889631e-02
1.296443433882371252e-02
2.176246973458698108e-02
-6.110131216216966449e-02
4.152668804755800525e-02
-1.183248447969040829e-01
-6.097456075119038477e-02
-2.544447682659614976e-02
2.645070028402259077e-02
-3.861010852655101522e-02
-2.662755864281459578e-02
-5.318931364136245815e-02
3.546756088807988261e-02
1.082115422157276831e-02
-9.016325879445671182e-03
7.108019834409950999e-02
-6.501065489370715100e-02
7.705058650907725681e-02
1.675977053145961265e-02
-5.046243851534087249e-02
5.460278950510746160e-02
-2.150070758518134173e-02
3.659072464376357525e-02
-3.878219591338594174e-02
-2.907282538773026115e-02
-5.336922318214443184e-02
-1.040634792686400897e-02
4.257307907842843714e-02
-1.308327959350986600e-02
-2.851895727371148159e-02
-6.103910797327001016e-03
-1.454879084602335969e-02
-6.772986683796352603e-01
5.189324595990987832e-02
9.086525465840519789e-02
1.919856277296968713e-02
-1.400743366206468228e-02
6.891730232416173885e-02
2.497055184851696905e-02
-4.029999365845514381e-02
4.317957692039551404e-03
-6.305335326092988135e-02
6.259419463074056972e-03
-5.303250203600008705e-02
9.039574477137603259e-02
3.894096215398403643e-02
-3.437038908412599902e-02
3.742001386931122220e-02
-7.229526608590371162e-02
-7.721432785636592189e-02
-2.184010958039205724e-02
3.298885578991716389e-02
3.442124211729210431e-02
-2.408449510203817395e-02
-2.806679161302078063e-02
-2.791447277829727999e-02
-1.001225516549755640e-01
-8.983770905709032029e-02
3.156652806604733075e-02
-1.445291797486320320e-02
8.005922176237832699e-02
4.561040519754634703e-02
3.293439697862673987e-02
2.413610867257418718e-02
5.350018735594230107e-02
-1.395638101042025007e-02
-3.887557761819668278e-02
2.481841185749802947e-02
3.017860517403002721e-02
-2.531011642891365168e-02
2.997130364241687786e-02
-1.023870670291463641e-01
1.636096894180716355e-02
-2.512053306956668966e-02
-4.202532958690818193e-02
-7.464907324420716472e-02
-1.153775836448031958e-02
-3.855357675413951884e-04
-4.196247054100950280e-02
3.630262008122726869e-02
4.015056703353978018e-02
-5.038396045257703681e-02
-8.171644894992803609e-02
2.336929551448716294e-02
-1.839205534498003849e-02
5.252129808128091354e-02
-2.723763426212396851e-02
6.960546399528656780e-02
-5.011409072189788177e-02
-1.077299125063357621e-01
-3.213175004555275660e-02
1.201480028122468013e-01
-6.087878994739697423e-03
-2.331939992741619352e-02
-5.899968907931636697e-02
1.984798039427876012e-02
1.349492306440095990e-01
-4.830904469627179260e-02
3.855115875112379020e-02
-2.023335786707659498e-02
-3.586621615106496547e-02
-9.339720121127842271e-04
-4.097174506480977946e-02
-4.716294107409930124e-03
9.646115855804484815e-03
-1.066766928976547457e-01
2.597727751351783937e-02
5.904112301070883057e-02
-2.711281400185355794e-02
6.260885258850645840e-02
-8.367839690601980296e-02
7.047946414697492390e-02
4.103854951122123951e-02
-1.265060654173996799e-03
-2.224913958474385167e-02
3.964175940381154360e-03
2.346903249356711851e-02
3.480790943256527326e-02
1.258334550193125102e-02
4.327908176395995482e-02
3.466459601064223600e-02
3.135927530998997709e-02
-9.162605216461147672e-02
4.548351287940589904e-02
5.186374849092043743e-03
4.556284722414916111e-02
-1.118021222381618274e-01
-5.398309426229508379e-02
-5.512946434352235248e-02
-1.849726060581466033e-02
-3.660877882541409278e-02
4.597470079123056053e-02
2.019347752746114468e-03
1.070384088063883014e-02
6.589281772498205812e-03
3.869656590894166026e-03
8.598813263991401945e-02
-9.888581311438413013e-02
-2.431321994165547631e-02
-7.481876159629806400e-02
-1.058236264919105718e-01
-3.509551178752714357e-02
8.320734787923016185e-02
5.125644675553384794e-02
-2.263814812669493262e-02
-3.450901643968907334e-02
2.300659686862955092e-02
1.553724880082947568e-01
7.978544998723598181e-02
-6.470047126291662842e-02
-2.368893708684574953e-03
2.494065062631571281e-02
7.489839220738019054e-02
8.105227040023529894e-02
-7.949690283169342717e-03
1.498168871697540816e-01
2.251870582307587132e-02
-1.115154664902826970e-01
1.779472279124628617e-02
-2.104899355000721534e-02
2.225373821640380112e-01
-3.089504763500264609e-02
-6.085312768229426961e-02
-1.065025551309745772e-02
-3.018818686098963602e-02
-4.402139152801980149e-02
-4.743303932728984429e-02
-1.819045332738604068e-02
2.749230047141321825e-02
5.755838224473807524e-02
-3.352699107744060852e-02
9.521514543584506940e-02
1.970704577427661308e-01
-2.765094443440269914e-04
7.996279068207969021e-02
-1.069334257453078280e-01
-1.633030898873806536e-02
-1.736413941074156989e-02
5.727094970097043602e-02
-6.611512135300472159e-02
9.974017297560777706e-02
-6.279280508091279744e-02
-1.054791482258935764e-01
1.260322876692389002e-02
-4.334252972953224481e-02
-6.184248653968084375e-03
-4.594367231173993732e-02
3.985694541369302207e-02
-2.674629099112160735e-02
-3.895123753773710451e-02
-4.026653001417915961e-02
6.340246430149588594e-03
