-2.637345902621746063e-02
1.993082165718078613e-01
-8.490008860826492310e-02
-3.821666166186332703e-02
2.360980771481990814e-02
1.636620052158832550e-02
-4.708855878561735153e-03
-3.041994757950305939e-02
-2.800969174131751060e-03
1.370387554168701172e+00
-9.549364447593688965e-02
1.095804721117019653e-01
8.744686096906661987e-02
-9.740541689097881317e-03
-3.165048360824584961e-02
-3.786654397845268250e-02
7.361879572272300720e-03
1.285085439682006836e+00
-1.814769357442855835e-01
-8.000800758600234985e-02
-8.557793684303760529e-03
-3.157912567257881165e-02
-9.845789521932601929e-02
-7.024643942713737488e-03
5.866179615259170532e-02
1.241623330861330032e-02
-5.366741865873336792e-02
-1.642827875912189484e-03
1.197738759219646454e-02
6.043579801917076111e-02
-1.477108616381883621e-02
9.004421532154083252e-03
-2.288858033716678619e-02
4.181565716862678528e-02
8.825449645519256592e-02
-9.461978077888488770e-02
-7.066016551107168198e-03
3.599198907613754272e-02
-6.864532362669706345e-03
-3.419732674956321716e-02
2.158181741833686829e-02
3.859208151698112488e-02
3.072889707982540131e-02
-4.868167266249656677e-02
-3.097527846693992615e-02
-1.551200356334447861e-02
-1.013457849621772766e-01
-9.370889514684677124e-03
-6.421390175819396973e-02
-4.824281670153141022e-03
3.813197836279869080e-02
2.969806827604770660e-02
-1.997842453420162201e-02
5.427634809166193008e-03
-3.237980976700782776e-02
7.112196180969476700e-03
9.657440707087516785e-03
1.497914735227823257e-02
1.383724971674382687e-03
-5.036837980151176453e-02
1.037992304190993309e-03
1.982296444475650787e-02
8.919659070670604706e-03
1.730130016803741455e-01
-4.450375586748123169e-02
-5.373358353972434998e-02
2.576613565906882286e-03
4.789307340979576111e-02
-1.583833619952201843e-02
8.159288763999938965e-02
1.346209272742271423e-02
2.737611345946788788e-02
6.454717367887496948e-02
2.491032704710960388e-02
7.672799378633499146e-02
-6.572591606527566910e-03
-1.347947679460048676e-02
-4.888429120182991028e-02
3.688627155497670174e-03
1.150717735290527344e-01
-4.948460310697555542e-02
4.769375175237655640e-02
-4.995862022042274475e-02
2.882827073335647583e-02
2.960839308798313141e-02
-1.956441253423690796e-01
4.791810736060142517e-02
-3.367668390274047852e-02
1.032870188355445862e-01
5.713906884193420410e-02
-1.813239417970180511e-02
5.558089166879653931e-02
-2.359038405120372772e-02
-3.513405472040176392e-02
3.951113671064376831e-02
-6.499562412500381470e-02
-1.177328638732433319e-02
-2.152592875063419342e-02
-3.493441641330718994e-02
-2.458634786307811737e-02
2.254524640738964081e-02
2.988915517926216125e-02
-1.151638552546501160e-01
-3.158440440893173218e-02
5.753999575972557068e-02
-5.628510117530822754e-01
1.004144400358200073e-01
2.194566652178764343e-02
3.772898763418197632e-02
3.987116739153862000e-02
1.273633074015378952e-02
-1.081006452441215515e-01
5.883323773741722107e-02
-5.146315693855285645e-02
-1.594723574817180634e-02
-1.228748261928558350e-02
-2.449124306440353394e-02
1.716468483209609985e-02
-2.186163328588008881e-02
4.302842076867818832e-03
1.149903424084186554e-02
6.930595729500055313e-03
-1.657904684543609619e-02
-3.616572916507720947e-02
-8.013913780450820923e-02
3.550950065255165100e-02
-1.327233668416738510e-02
-9.266180545091629028e-02
3.814743086695671082e-02
-2.284166403114795685e-02
7.821409963071346283e-03
6.530078500509262085e-02
-5.486787483096122742e-02
1.128665450960397720e-02
5.677899345755577087e-02
4.087833315134048462e-02
-5.385284312069416046e-03
8.164282888174057007e-03
3.984943032264709473e-02
-1.352710463106632233e-02
-5.685385465621948242e-01
6.163130328059196472e-02
5.150220915675163269e-02
-1.129528693854808807e-02
2.767834067344665527e-02
-1.802733895601704717e-04
-2.855044044554233551e-02
2.484622877091169357e-03
5.058882758021354675e-02
-4.732179269194602966e-02
-1.997273974120616913e-02
-8.839675225317478180e-03
6.886519491672515869e-02
5.836572963744401932e-03
-9.203435480594635010e-02
-1.599542237818241119e-02
-8.553090691566467285e-02
6.466379016637802124e-02
-6.429635104723274708e-04
-3.225171938538551331e-02
7.386641204357147217e-02
1.682817004621028900e-02
-3.581022843718528748e-02
-8.496658504009246826e-02
-1.167398989200592041e-01
-7.512719184160232544e-02
5.429567769169807434e-02
-2.777912653982639313e-02
9.328594058752059937e-02
6.209984049201011658e-02
7.539249211549758911e-02
-8.112578652799129486e-03
-2.226048707962036133e-02
-6.891478598117828369e-02
-7.529552280902862549e-02
-4.001141991466283798e-03
1.589549705386161804e-02
-2.471157908439636230e-02
5.859778076410293579e-02
-1.089779734611511230e-01
-2.800536807626485825e-03
-1.500615663826465607e-02
-5.026108771562576294e-02
-7.562629878520965576e-02
-7.424253225326538086e-02
-2.413860149681568146e-02
-4.708377271890640259e-02
1.784520037472248077e-02
3.855930641293525696e-02
1.314727962017059326e-02
-3.830718994140625000e-02
8.733186870813369751e-03
-2.147432044148445129e-02
5.008434876799583435e-02
2.268157340586185455e-02
5.203839763998985291e-02
-5.439477786421775818e-02
-8.790060132741928101e-02
-1.521996557712554932e-01
1.334631145000457764e-01
1.902669295668601990e-02
-9.374178946018218994e-02
-4.326021671295166016e-02
7.323060929775238037e-02
1.538338661193847656e-01
-5.507202818989753723e-02
1.681757345795631409e-02
7.752002216875553131e-03
-7.703182101249694824e-02
2.297075232490897179e-03
-5.634851381182670593e-02
-5.457086861133575439e-02
-3.571265842765569687e-03
-1.501287817955017090e-01
3.412963077425956726e-02
6.381859630346298218e-02
-7.649590075016021729e-02
7.910592108964920044e-02
-8.363290876150131226e-02
5.371081829071044922e-02
5.677703768014907837e-02
-7.578059565275907516e-03
-5.411340668797492981e-02
9.121285751461982727e-03
9.839261882007122040e-03
2.481026016175746918e-02
1.476401649415493011e-02
-2.258043037727475166e-03
9.276745468378067017e-02
6.653050333261489868e-02
-3.899827599525451660e-02
-5.629883706569671631e-02
7.249894738197326660e-02
5.690263211727142334e-02
-7.849546521902084351e-02
-3.733643144369125366e-02
-5.006310343742370605e-02
-1.481145713478326797e-02
-4.989697039127349854e-02
2.664712257683277130e-02
2.580351568758487701e-02
2.954037673771381378e-02
1.594638638198375702e-02
8.852076530456542969e-02
4.429533332586288452e-02
-1.292953044176101685e-01
-3.519720211625099182e-02
-5.604716390371322632e-02
-1.101631671190261841e-01
-3.978007659316062927e-02
5.048327147960662842e-02
4.272999987006187439e-02
2.550356090068817139e-02
-6.873965263366699219e-02
2.747545763850212097e-02
1.954089552164077759e-01
1.258217841386795044e-01
-3.436712175607681274e-02
8.241111412644386292e-03
-4.324862675275653601e-05
5.964064970612525940e-02
1.114334538578987122e-01
-8.730482659302651882e-04
4.959166422486305237e-02
2.753086388111114502e-02
-8.331452310085296631e-02
2.250224910676479340e-02
1.203261432237923145e-03
3.357662558555603027e-01
-5.812806636095046997e-02
2.551988698542118073e-02
-2.992360852658748627e-03
-5.297397822141647339e-02
-1.153714805841445923e-01
-9.365572780370712280e-02
-3.770559653639793396e-02
1.656270213425159454e-02
4.974711686372756958e-02
-5.669373646378517151e-02
1.452691853046417236e-01
1.763086318969726562e-01
5.320099368691444397e-02
3.405675524845719337e-03
-8.065268397331237793e-02
-8.978513069450855255e-03
-1.104870662093162537e-01
1.755113154649734497e-02
-1.000541448593139648e-01
1.551927328109741211e-01
-3.527865977957844734e-03
-8.518572151660919189e-02
7.146121002733707428e-03
3.723430633544921875e-02
-5.644312873482704163e-02
-3.295542672276496887e-02
-8.649460971355438232e-03
-2.467484958469867706e-02
-9.179534390568733215e-03
-5.343590676784515381e-02
5.834380164742469788e-02
