-3.552310262179567829e-02
1.132244361904384544e-01
-9.492679679954584004e-02
-4.597996470473580261e-02
-3.823124434381842789e-03
4.116230701016315718e-02
-3.765920259373940152e-03
-4.058311718502326249e-02
6.031057048322222350e-03
1.891147073622978958e+00
-1.998096827377485452e-01
7.897780472879818714e-02
1.040723657745489805e-01
-3.017928540424073131e-02
-4.240133548667582991e-02
-2.102351067900904563e-02
-4.698281016149723210e-02
1.154743451270670906e+00
-1.878356701849421551e-01
-6.307942741932510977e-02
9.002071086913046583e-03
-2.053228470107713866e-02
-6.926652399879826283e-02
-1.503007855986935801e-02
7.150422203427161949e-02
7.025977569035365966e-02
-1.050933619870960713e-02
5.714361549001194598e-03
1.770453950618194189e-02
-1.330715442602543874e-02
-1.127319700428579610e-02
3.014770517712257736e-02
1.434219029497159695e-02
5.275999557297234716e-02
5.144613932776454651e-02
-7.156050305687239321e-02
6.140012881780736349e-03
3.416350229611020417e-02
-5.088153274572019408e-02
-6.003429434469392811e-02
-7.072952999377474410e-03
6.206848576070688600e-02
1.161153922383365185e-02
-3.141736710392444704e-02
-2.838859202895412104e-02
7.286126732248805402e-03
-8.905002702525859071e-02
3.058932616906706939e-02
3.435521470421741465e-03
-2.432995955830175288e-03
-4.640078090584842316e-03
-1.327614433495400348e-03
-2.430381879806026504e-02
-2.787338883783093899e-02
-1.845661330022873442e-02
3.547914994747584753e-03
-1.067018746210012838e-02
-3.551668757879487132e-02
5.989508215171745163e-03
-5.522842996149649603e-02
-2.955455219371143274e-03
1.927504967014439380e-02
-8.420116529436104391e-03
1.768813830757831607e-01
2.858669698061277673e-02
-4.875377961949910188e-02
1.885164850729509128e-03
5.021048036878764803e-02
1.482503747796277971e-02
8.676068465370806448e-02
3.468764226851817761e-02
2.221709926759936338e-02
1.593061812042436687e-01
-1.432023983217844271e-02
7.589836089387483331e-02
-9.240236758141676804e-03
3.640702138912133012e-02
-4.482099106899297553e-02
-2.272709518616325072e-02
1.586153581111717226e-01
-1.848352984148407194e-02
7.279115453840029337e-02
-7.780416865189808406e-02
2.140657235411083659e-03
2.155763320710794156e-02
-1.830030188573177063e-01
-1.557615639537884289e-01
-5.202145204779116267e-02
1.478984635921614388e-01
7.979407755166363636e-02
-5.714076435978936164e-02
-2.398594837749378969e-02
-3.657245174044508607e-02
2.711532839029910658e-02
1.095491493379387588e-01
-6.133087101279518366e-02
-2.113853506394825985e-02
-1.544100670297835452e-02
-1.547443188494381991e-02
-3.663867571970590847e-02
-3.962708768250689309e-03
-4.350573175812324708e-03
-7.970226539863753401e-02
-1.723037351073084672e-02
6.412383385893967447e-02
-7.239001779566047734e-01
5.252254178432138459e-02
3.044734204392975443e-02
5.371283105365792787e-02
1.514523614154876692e-02
2.498436234270976983e-02
-9.846520060206655212e-02
5.821553605625677530e-02
-8.874865680087291875e-02
-2.629719441298281404e-02
-1.745380924245412343e-02
-9.444745053087469366e-03
2.498562771174163422e-02
-1.074909303099679664e-02
-2.063346922472758180e-02
5.888821919327875271e-02
-1.832313396694854740e-02
-2.204321992305289038e-02
8.393073991264366623e-03
-3.543730232163790073e-02
8.058686454931177079e-02
8.276802124355528900e-04
-6.631779296486209341e-02
3.551634198725273778e-02
-2.458723266190272413e-02
2.082984081880773566e-02
-4.305712423716427130e-03
-6.364750791635025162e-02
-2.218102635043351159e-02
2.192349225321999287e-02
7.994168113927246910e-02
1.832151310661683406e-03
-1.266369897369679781e-02
7.660030051488532499e-02
2.944860228668707766e-03
-6.196459230335380486e-01
4.163774377451395781e-02
8.843671003533327968e-02
-7.255293486849319871e-03
-3.920856642522873789e-03
-4.642253427346520328e-02
-3.986112965465728186e-02
-2.860250655619554685e-04
3.660238770780419645e-03
-2.750976893691894562e-02
-1.402098365605439559e-02
-5.266754353560652337e-03
6.722340840119214733e-02
1.442888157332392757e-02
-6.078558515790308259e-02
3.013874139649855982e-02
-8.255803950756430976e-02
1.204946220628174899e-02
-2.265454616169905802e-02
-4.168628138662385657e-02
3.510280840790814746e-03
1.926709386485158867e-02
-4.543369247398387073e-02
-1.025216893251841288e-01
-1.439982326448535355e-01
-1.076590515954348737e-01
4.851794219128998525e-02
-3.334717547456630266e-02
1.319139043918694798e-01
9.526770845621031908e-03
4.040230801007468203e-02
-4.520946656159915977e-03
5.661771516068624110e-02
-2.805797972022752024e-02
-4.398043684038094314e-02
4.264066482942523162e-02
3.233948093647935618e-02
-6.496088267334180523e-03
3.204461575289190706e-02
-4.250715849680581498e-02
-4.184285314224933986e-04
-2.185056883791848883e-02
-4.715806827230033249e-02
-6.597745729410116333e-02
-2.799540785158640202e-02
-5.583070962154500910e-03
-5.053670078499966634e-02
3.529849286880492720e-03
2.568494659689096737e-02
-1.777075088575112358e-02
-2.470820410129610789e-02
-4.305343882735951713e-03
-4.954021277264868822e-02
8.600281680146272534e-02
-1.148362175443463050e-02
9.278012613630498562e-02
-3.668137067480665287e-02
-5.121013270369625947e-02
-5.343388108056798536e-02
1.688028207872851738e-01
2.970481251630040231e-03
-8.638538663860155509e-02
-5.978516244184846340e-02
6.062847060306184727e-02
1.368563242330632368e-01
-1.332889969384045206e-02
2.921403922728956631e-02
3.937819067391272465e-02
-2.749046260941428316e-02
8.655428370508231467e-03
-4.937311206220463405e-02
-5.468559564660638306e-02
-4.597544681530481986e-02
-1.347064568480576818e-01
1.366975465189255133e-02
9.565513097458658298e-02
-7.097124787806792512e-02
4.064597164674830371e-02
-1.507732668353767846e-01
3.416913615822932127e-02
2.732099675685377080e-02
-6.324399019188163724e-03
-6.295678562081143126e-02
4.463490802311500388e-02
1.313470424650215254e-02
5.131302718549787291e-03
4.772295654745063904e-03
1.940274034509388915e-02
5.376523857105730553e-02
2.287346580394730017e-02
-1.143452903591018616e-01
1.329927151894855393e-02
2.855119824939452225e-02
4.971508929279068456e-02
-6.296972370416994980e-02
-2.534197219070939353e-02
-6.366161237116346738e-02
-5.639899531354829187e-02
-2.964893738376604346e-02
5.184809109055788651e-02
4.012537398764717475e-03
6.097869163189247391e-03
9.120264294299766303e-03
3.565835491168523053e-02
9.621929476746757248e-02
-1.405135035287200518e-01
-5.149284098480687299e-02
-8.549884353550285532e-02
-1.196796686076623678e-01
2.501913389172478672e-02
6.450038464338639366e-02
1.087782588044053193e-02
-5.904891566045768897e-02
-4.680046742408044969e-02
5.059748529738382350e-02
1.161471038622389207e-01
1.044460870282445109e-01
-7.246068982606147790e-02
-2.431502172388433705e-02
-8.840258647045975970e-03
8.774921326085434459e-02
1.266514811823101494e-01
-1.759109188265369980e-02
9.029712290433289379e-02
2.531008237116808002e-02
-1.239323237298819574e-01
7.004412139319066925e-04
2.231883502775906455e-03
4.433941501489269132e-01
-4.849030926756710963e-02
4.311225238797995393e-03
-8.106703699776333927e-03
-4.069471445383634339e-02
-1.364676633449943555e-01
-5.666745874328169702e-02
-1.983879227333341932e-02
4.561441885095880722e-02
7.978013149297388806e-02
-2.504586323756146857e-02
1.550408327926745544e-01
1.784674466590974451e-01
3.416147194580018698e-02
3.692608548575425365e-02
-9.427696950315916924e-02
-4.115788991826529325e-02
-1.009074384317147910e-01
5.924874316995915741e-02
-7.392733713192196909e-02
1.246258683563481878e-01
-6.936492399059622505e-02
-1.856132861746794815e-01
5.635767552479227505e-02
1.254110937390562688e-02
-8.119441988024561282e-03
-1.664808596140341518e-02
-1.659879236779510797e-02
-5.046319058405892427e-02
-4.999686159680802322e-02
-3.736167122540309804e-02
6.074249421249364178e-02
