-5.155852292268271048e-02
1.477768283033512320e-01
-3.107077735570785981e-02
-5.151454027213181464e-02
-4.501101657073591257e-03
3.071842295014221708e-02
-1.326697046486345448e-02
-3.353568781797253845e-02
4.034188422909475852e-03
1.452990897697274741e+00
-1.424562589272435342e-01
3.823959235417415115e-02
8.404421270619802375e-02
-3.375684163805817845e-02
-7.825474518819636183e-02
-2.550462406041245633e-02
-5.270409910557152799e-02
1.203600796906564963e+00
-1.902518809179297721e-01
-8.033326431341170082e-02
9.129053593089655333e-03
-1.437574718462624086e-02
-6.756356618592523899e-02
-2.567390401141137965e-02
3.602717667886400771e-02
3.027406686098751964e-02
-3.662861884988442840e-02
-2.829080212638808087e-02
2.473127556657980786e-02
1.833500874472885830e-02
-2.716705992852783136e-02
1.679657665868572458e-02
1.377082386064359780e-02
3.645015264908690183e-02
5.858067260486509581e-02
-6.929887176876387000e-02
-1.166274368010219997e-02
4.166317088913022021e-02
-2.831033084986680614e-03
-6.437179824700695052e-02
-1.891610069463540338e-03
4.890318234930967484e-02
2.560708281887107141e-02
-3.484153924850037776e-02
-3.603252322148394610e-02
2.366591908162967058e-03
-7.865484933291608249e-02
2.914580113102947095e-02
-3.348848574390855815e-02
2.773105776834306618e-03
1.601048814351676772e-02
1.203448119377385772e-02
-3.120494925123470931e-02
2.128327903561757009e-02
-4.140977744730409138e-02
1.823271186517809450e-02
-8.136864105156150877e-04
-1.869422106701668085e-02
1.372618764291335704e-02
-2.815840636018658583e-02
4.019583087559799178e-02
4.647924691826130911e-02
-3.854244887966966609e-03
1.254150272619814765e-01
4.503623110174191646e-02
-5.101154165750058922e-02
-5.405659813708179121e-03
1.702184704426905684e-02
-3.672890812840048924e-02
4.738401385330040516e-02
3.443455146797966271e-02
3.726645200454379442e-02
1.242639865312875624e-01
-3.949484376646020950e-02
4.889298549100226654e-02
-4.368518671107179258e-02
1.914236391230542123e-02
-3.839741067334267316e-02
7.483725451048496395e-03
1.385321205514828957e-01
-2.333707758742889146e-02
4.768169857462323247e-02
-3.741727473427410716e-02
-1.518316891923032763e-02
1.919492311919826152e-02
-1.745472062375289790e-01
-5.993931168822114880e-02
-1.931907667708242932e-02
1.040372684338864984e-01
5.912751468444420871e-02
-4.268013049751663568e-02
4.033492570538779742e-02
-1.580875071505090726e-02
-2.397219964860355587e-02
9.554178467992055501e-02
-9.961157776345631876e-02
1.530523015440839359e-02
1.102865643362817109e-02
-7.483766298997205670e-03
1.568558355948371577e-02
-3.733782632503362454e-04
1.695106511359094348e-02
-7.656764623638256939e-02
1.949349590518376432e-02
5.163033059073952186e-02
-6.687415084679068089e-01
4.172550788463445098e-02
4.328824147438559145e-02
4.816840339638045476e-02
2.354675464681423372e-02
-7.929888683711827993e-03
-7.845681242602588201e-02
4.243005632974487795e-02
-5.055872550430211970e-02
-3.906231542778731275e-02
-1.451504927993356973e-02
-2.256378280108435868e-03
4.547815749439190758e-02
-2.243625474877071133e-02
2.181538710880857532e-02
1.203605989134711937e-02
-1.406140255177801279e-02
-1.306658404447897347e-02
-1.597696559360941085e-02
-6.234509247539875981e-02
3.398642829022178319e-02
1.853178239098305854e-02
-2.329848232744664502e-02
4.917467294530097899e-02
-1.463620732157906550e-02
2.457511877554721495e-03
3.924723863025487286e-02
-4.066673510563969390e-02
-7.372066826808377007e-03
3.765149384639873698e-02
3.704378832324289883e-02
1.393955917232639688e-02
-7.624330142053552424e-03
6.118778234102147801e-02
1.128870355243293509e-02
-4.835420165268258796e-01
1.970645139067476667e-02
6.942996645215462892e-02
-1.879629706506701775e-02
1.586475514383996937e-03
4.251088004781401058e-03
-2.243382051360504059e-02
-3.362943839892113679e-02
3.998414470229095380e-02
-3.813188085208893408e-02
-3.421404818929939251e-02
-1.696713953785151247e-02
7.029815177979414909e-02
5.732394764065153192e-02
-5.992919955158513418e-02
2.958243847076511696e-02
-6.264805717231400339e-02
5.672514091876634107e-02
7.581356587124474938e-03
-4.398596679917458896e-02
2.707959085435850816e-02
3.890219146884721368e-02
-2.981046382355584043e-02
-5.507400026491256206e-02
-1.223402357450704553e-01
-1.152866240650600449e-01
6.623756310070084974e-02
-3.958464873814090262e-02
1.262498988181181558e-01
4.090388921852342735e-02
3.696430729237671492e-02
1.412627968453716160e-02
2.163286561443641953e-03
-2.575993281716695490e-02
-4.270208551350434395e-02
3.568334285282170892e-02
2.054325036483572314e-02
-5.204762415743087456e-03
2.673367529581902741e-02
-1.517593126787385172e-02
8.338387838334784460e-03
-4.971805353944873385e-02
-4.048480136786285211e-02
-8.112420768292909201e-02
-3.985610605061844225e-02
-5.477962195810469684e-03
-3.302741225352287535e-02
4.548687172344987456e-02
8.188264818836986716e-03
-1.095710368702904405e-02
-3.858641564490717518e-02
-1.570261431743235009e-03
-5.782300669756280237e-02
9.793621881467894086e-02
-1.243332132141407483e-02
6.017053528410710311e-02
-4.110509411076908315e-02
-7.574116212571417595e-02
-1.087263829868814063e-01
1.531662763983045461e-01
7.004975483636082228e-04
-5.992111468351469378e-02
-2.324913800540592129e-02
6.740183856677656182e-02
1.530020494898496619e-01
-3.735569115649051142e-02
4.412882569179359810e-02
2.372491978310090066e-02
-4.029439848872030244e-02
-5.771793215749981137e-03
-4.416901704754948310e-02
-9.742530477532006239e-02
-3.815714303903509907e-02
-1.255691843946360742e-01
5.673690815376857509e-03
4.873199010915636731e-02
-6.399671725308909986e-02
6.481098328843246104e-02
-1.420045592846431171e-01
2.941627204119003081e-02
4.968705145926543415e-02
3.632722755543799087e-02
-4.917776226053298394e-02
1.672959510012455436e-02
-8.324177290844947397e-03
-1.585416001803264391e-02
5.271156066420241287e-02
3.453826289686535295e-02
6.515115895373480015e-02
7.697471571280069258e-02
-6.425137849421219682e-02
-7.626823379811803992e-03
4.884217064280801240e-02
3.261482679114200561e-02
-8.744150331682923327e-02
-4.043920900555542097e-02
-4.303518086769708706e-02
-5.384084002844324174e-02
-2.766877561499219221e-02
2.522351604183062368e-02
3.874060303530153793e-02
8.804439483358532728e-03
3.939810372082088591e-02
1.094952866187397060e-02
5.668187235087436548e-02
-1.427119489315193390e-01
-3.476353176956169938e-02
-6.059236448599216590e-02
-7.690626665385998095e-02
-5.497492810397934179e-03
4.006668176487538507e-02
3.075754620768370376e-02
3.608272156823009048e-03
-4.434819127945796580e-02
1.296966245240094469e-02
9.393101995403534132e-02
7.701963635328491764e-02
-6.679563080174005796e-02
-2.236292057774176903e-02
-1.577825999066996554e-02
7.942823111026249550e-02
8.548402725384821044e-02
-5.083487881799422792e-03
3.431732995828014332e-02
7.130640321067055476e-03
-1.048390380226988244e-01
-8.793314468883230844e-03
4.423336429164065223e-04
4.117554562692875009e-01
-6.300036619126997417e-02
4.367920173014239876e-02
-2.868440917793254902e-03
-2.081004647249944106e-02
-8.237885091464548781e-02
-2.604534802500712773e-02
-4.453107964892501387e-03
2.526793289094742684e-02
8.792167549256695025e-02
-8.797204101332540757e-03
1.097371125266461828e-01
1.478593109020040486e-01
1.216635047530310008e-02
3.879544216288714070e-02
-5.532693681486794413e-02
-1.931070284759704020e-02
-1.048093007160385143e-01
5.817814784096261155e-02
-7.882049230359289282e-02
1.248027921551798924e-01
-6.939106710188754079e-02
-1.602473742091352904e-01
4.515530438511625166e-02
1.333563737953062482e-02
3.979239611017148202e-03
-3.545047323589146926e-02
-2.778603040820547265e-02
-3.433485221538940674e-02
-3.690045438410927137e-02
-5.953361591318923757e-02
6.791724890626742173e-02
