-2.553112805023453544e-02
2.059188273371337918e-01
-6.764412925120447118e-02
-4.491947867103569976e-03
2.682130279755625887e-02
3.739094365330520447e-02
-5.585766104032005054e-03
4.495942814151713228e-03
-2.196327367234023747e-02
1.380989302787503314e+00
-4.949967062166150261e-02
5.504807079737671083e-02
9.318507275254735156e-02
-9.945536885522805737e-03
-6.407894699928180782e-02
-7.711316470658646782e-02
-2.550374560828881990e-02
1.266395682773737930e+00
-1.881858030484109823e-01
-6.193188738843627417e-02
4.954469037354911239e-03
-5.440965004011805162e-02
-9.337241015286007473e-02
-3.240998029516226758e-02
3.142251011484611251e-02
1.541851936502659608e-02
-2.217049950717449314e-02
-8.351811002235949924e-03
-1.318533802908605605e-02
3.606326416592789408e-02
-1.143676491147843990e-02
5.751937636532303971e-02
-1.338142239541251395e-02
2.100440418962466749e-02
4.670758208420302399e-02
-8.030546209872595209e-02
-3.202811650764393614e-02
4.220050373757181644e-02
1.193011826935485610e-02
-9.028679323491785313e-02
8.272711142006221319e-03
5.448244949123013520e-02
4.287888675060364495e-03
-1.710086649794172881e-02
2.551784641521461037e-03
-9.851009744350274974e-03
-9.561848636874570317e-02
1.222467951876337298e-02
-6.307457831623873579e-02
-5.812859825597515781e-03
2.724597539472798161e-02
1.312453392132232471e-02
-5.856682417561608067e-02
4.820356349897694098e-02
-1.811089541228080163e-02
3.425340749211665953e-02
1.959956227033232603e-03
1.451732342007109114e-02
1.030567206974556359e-02
-5.734669821521418825e-02
2.173929362592860737e-02
5.881448623525264291e-02
-7.889403529757496245e-03
1.453114011954992901e-01
-3.487191241780007028e-02
-7.548636418682856675e-02
-4.548644243281395154e-03
2.447175156275716718e-02
1.349746215977388943e-03
5.939782795573735064e-02
6.150196551577415821e-02
6.153061187513091806e-02
6.591755962066463137e-02
-1.715624324936596695e-02
6.955444178861058813e-02
-3.255325958017251525e-02
8.626234503934187767e-03
-4.787286644896310284e-02
9.374585939194964371e-03
1.186363584823966894e-01
-4.815196936743461331e-02
6.587772065163315094e-02
-4.856076993815834630e-02
-1.141754222536199743e-02
6.530295968836968834e-02
-1.810985432423990737e-01
-1.563758255353282084e-02
-1.342574169596032728e-02
1.389983309860998995e-01
5.692113430056183754e-02
-5.405459518288782683e-02
2.056951614436046752e-02
-3.674940693780485990e-02
-1.168337035807700749e-02
3.440771500447938058e-02
-8.422134124986907500e-02
1.094367182561224380e-02
1.122113092086129450e-02
8.784393128813084914e-03
9.418060497253456093e-03
-5.311469998633508438e-03
3.671313186884318618e-03
-9.971982530878743811e-02
2.094038640746102159e-02
7.577021958088323017e-02
-7.282057971990304468e-01
6.884216222749647840e-02
3.683743549783792537e-02
3.802150693556049371e-02
4.169077242098894603e-02
-2.972660326681591733e-02
-9.081090252528653539e-02
6.619506620414010445e-02
-3.560178088739451158e-02
6.438493464655667235e-03
-1.014171074889137596e-02
-4.544822719583221232e-02
3.098242393525844039e-03
-8.749078326583867998e-03
4.729258589261266937e-02
1.711190385764543506e-02
-2.383073356480702037e-02
-1.460650265635988002e-02
-1.238525182407391838e-02
-3.348625711183678827e-02
2.702908205287540833e-02
-1.326758581078680069e-02
-5.478683441086310696e-02
2.527270260143134328e-02
-1.560195542489133461e-02
2.252377903532445935e-02
8.782817432930843660e-02
-3.676240410008378701e-02
2.878157112269297963e-02
6.862807799688407095e-02
1.703828249492211899e-02
-1.196099748858879888e-02
3.115684636445334790e-02
2.776831666189738881e-02
-1.976806830577905807e-02
-5.477394902856330683e-01
7.660100053163435008e-02
3.256867133611821702e-02
-2.066744599960349676e-02
9.908494242439757835e-03
-4.691266912237783068e-03
-2.777151298482995190e-02
-2.470842375091645074e-02
6.872056314432026247e-02
-2.685722216143729413e-02
-4.258027804312737585e-02
-3.713017484317487904e-02
5.015622457553416125e-02
4.571866899239159648e-02
-8.149107507733713285e-02
-1.634824934141866290e-02
-6.378857475938519428e-02
7.492243053919038498e-02
-1.038781026323147734e-02
-6.766098391864544537e-02
5.993788598430439818e-02
4.123199597136188027e-02
6.660705031250467763e-03
-3.343614607413517015e-02
-1.397386797419726545e-01
-8.346304925028802391e-02
4.844460643043772829e-02
-4.100499676963166584e-03
9.396475637166337713e-02
4.283426699570017093e-02
4.677935140609570247e-02
-2.409577266237524981e-02
3.507457801304467940e-03
-5.698135667755184486e-02
-7.174618416758311856e-02
4.032495988779102175e-02
3.712709906727863080e-02
-2.709226148519559493e-02
4.229746739005409151e-02
-1.159567439827595275e-01
1.207989522226944785e-02
-4.170737868847630009e-02
-4.721397826611455073e-02
-5.598367287561346189e-02
-9.124817411422329883e-02
-2.419313631184165370e-02
-3.302162499859727374e-02
2.156294244415267805e-02
4.543411223376200847e-02
-1.418658253477131717e-02
-3.849960013452172203e-02
1.023328722737958975e-02
-4.862258499720389232e-02
5.530863504283934501e-02
-6.864378381453956936e-03
5.956164772514738193e-02
-5.306606930276880352e-02
-9.301648954873267816e-02
-1.896632713607595000e-01
1.274811648543406062e-01
4.186292637413685513e-03
-4.799850933726658442e-02
-3.670799355142031345e-02
7.149246553260690806e-02
1.438729170641065980e-01
-4.855844666800393505e-02
3.227485802627592243e-02
-9.230061914711262805e-03
-3.967035660414235110e-02
1.464129691456865154e-02
-5.867764708433394899e-02
-1.038090145687449450e-01
-5.456828263402609125e-02
-1.422182226907337532e-01
-9.123909290415432513e-03
9.735074728057575844e-02
-6.099609170435332101e-02
9.734908153971032208e-02
-7.820171175038154177e-02
3.695944371034952380e-02
8.005355532223494552e-02
1.125625850989017511e-02
-3.943080407240327073e-02
-2.524836488538767520e-02
-2.110360800786510380e-03
2.767958673728940222e-02
5.588653388198746436e-02
3.118375346751723308e-03
1.125563824059423318e-01
6.994179959863243423e-02
-2.517234354075956887e-02
-1.826844673580250988e-02
7.286485335869467839e-02
5.236860972124031399e-02
-6.793794986692776317e-02
-2.270304343714464254e-02
-4.055885036176384850e-02
-5.351491340719170126e-02
-5.432743330841151297e-02
1.574546484515272973e-02
3.934767775851363142e-02
1.637301262502992641e-02
5.897661104027328988e-02
6.805886219729105624e-02
2.992304196837032929e-02
-1.128332387660098135e-01
7.369489184929031191e-03
-5.974095961519398923e-02
-7.925299149525316666e-02
-3.159411430044962305e-02
3.704191249495017435e-02
3.626934845685766268e-02
2.545768568159544401e-02
-8.906517687479426071e-02
-3.201908643874188526e-02
1.956092210504758178e-01
1.111957351306034347e-01
-2.651540373408837678e-02
3.053059903139214437e-02
1.994555555204873334e-02
5.393564082862951220e-02
7.434567507041700551e-02
3.989683617508724654e-03
5.044344432778413712e-02
3.652187258029221395e-02
-6.233943134762994637e-02
5.320243357142322854e-02
6.784015517048302621e-03
3.904917991778136810e-01
-7.229986766419412014e-02
7.414951947175089930e-02
8.125859281192488598e-03
-4.220868997721968080e-02
-9.306101889335892385e-02
-4.729949725602799332e-02
-3.419044906269638057e-02
1.499958827707688000e-02
8.401371541805069398e-02
-3.725921131319762103e-02
1.345599060031196781e-01
1.510606765689993247e-01
6.371795611374823920e-02
2.324049326619871680e-02
-3.069583066230324384e-02
-1.340589709672472020e-02
-9.236233557676482020e-02
2.546090209570072913e-02
-9.666619353781383261e-02
1.289594660371218282e-01
-5.149299623180192409e-02
-1.526445038967815804e-01
6.451193003607819110e-02
3.141666906299563078e-02
-4.400897229399519661e-02
-1.582594825659469628e-02
-2.461383633622576256e-02
-3.436951985867036513e-02
-1.695914701852256970e-02
-4.285832891473650985e-02
5.127920058348856697e-02
