-1.232085965926884158e-01
1.882190894915595492e-01
-7.784735730170151691e-02
-5.908137955785476569e-02
-2.097563098071352286e-02
6.994661308820349088e-02
-2.429984890062520525e-02
-2.005308793437211162e-02
-3.243844982491835699e-02
1.281427901033433736e+00
-1.627444653788511497e-01
1.050811351623780893e-01
8.386809710204226609e-02
-6.873126275860309657e-03
1.427955335044616206e-02
-2.318816586189846943e-02
-4.419777949335836238e-03
1.150943259939157137e+00
-1.790685744989412020e-01
-5.572647931641265540e-02
-4.258956711214545443e-02
-1.559847540154138922e-02
-8.953041350398162346e-02
-9.472257043051816872e-03
3.783417316912224965e-02
-1.513177622029099334e-03
-5.776731334138916762e-02
2.757214443210541724e-02
5.840501048882124763e-02
-7.395552189458426059e-03
-6.672763252753213933e-04
6.034312017412864562e-03
4.823576232515135870e-02
3.794852511655022638e-03
6.557289957946851877e-02
-5.968314990031949735e-02
-1.096765113782099087e-02
1.411548712233020274e-02
-2.461368053704442518e-02
9.065188830820893051e-03
-6.131937048082443907e-03
-1.288951493891015918e-02
2.222775367673785959e-02
-1.180914588979875557e-02
-7.116435561037472287e-04
7.630841724701005122e-03
-8.236273193541411575e-02
6.765986539870336158e-02
2.944627997521735013e-02
-4.156803330320161562e-03
1.532372526977579183e-02
-3.406266507107187213e-03
2.194586223691151819e-02
-4.600883924643592304e-02
2.725388565798450569e-02
-6.293300756201720969e-02
2.945681263095007232e-02
-4.688302782782255429e-02
-2.445986298707834850e-02
-4.425170246745354502e-02
5.198662925774143184e-02
-9.259778098169215571e-03
-3.680870781796984504e-03
1.793549549690193479e-01
-3.303739859524590372e-02
-1.112856448661979220e-01
8.883017894068264515e-04
-7.919130851802264059e-03
-4.291727724274135847e-02
4.447242586408407805e-02
-4.106650067618702882e-02
1.345114577818828372e-01
6.720863230104909269e-02
-9.682278489621391065e-03
7.990111958817366911e-02
-3.864814029925586758e-02
2.364127257447028261e-03
2.488118377934027403e-02
1.141581054221485481e-02
1.172477178105147712e-02
1.467886223929984121e-02
7.238830331578632871e-02
-6.253330547343344259e-02
-3.858771132592308389e-02
1.400421797000823976e-02
-2.691941176388350510e-01
9.218819610915178486e-02
-4.778936412788183097e-02
-1.463886781953215900e-02
9.478988950097304300e-02
2.563820066153087510e-02
2.620009035729797472e-02
9.203383062808035558e-03
2.398830376159473106e-04
7.605623059049629320e-02
-6.555920312220391011e-02
1.893697912322052281e-03
-1.755856149305918060e-02
-8.390020113185600592e-02
-2.660762913494661361e-02
1.037467590876321559e-02
8.055027049811357143e-02
-1.231685921608905721e-01
1.282897674343012710e-02
3.710079377996473166e-02
-5.631260904739181505e-01
5.568039849248970774e-02
5.308758850197776123e-03
1.260451540084702726e-01
1.726207433362257279e-02
5.660986804333562050e-02
-1.196103239220152742e-01
5.393365056007952407e-03
-8.204844156597647375e-02
-3.500487174465574669e-02
-5.370729312102023867e-02
8.175023779845897939e-03
2.224878440119001585e-02
5.960367622524530978e-02
-2.322797551420039200e-02
4.744081441159146012e-02
3.216867476195979514e-02
-6.683287716824894142e-03
-6.630087247233737435e-02
-8.337617511380074342e-02
3.012211021499112615e-02
3.312956024309179903e-02
-4.164509407900623267e-02
1.591226334910170875e-02
-3.403089052806898551e-02
2.972873754984025133e-02
-4.576420712177331485e-02
-3.359327379143800941e-04
3.960052829733216179e-02
4.266557480441371397e-02
6.746997905497852110e-02
-8.077730511448577913e-03
-4.824872699402942000e-02
4.713152641649765578e-02
-1.403843209206561955e-04
-4.615600662393002929e-01
3.636705395772130145e-02
8.749168746644696293e-02
-1.039631554668626369e-02
1.110548311635310183e-02
2.640159065601326363e-02
-7.867089229193384436e-02
1.992275860717121830e-02
3.193170639129559729e-02
-6.830927389087385233e-03
1.611734613424666007e-02
-2.022755575164409889e-02
1.458889104161695816e-01
-2.744564698190372562e-02
-1.253206762243132821e-01
1.830594247885517509e-03
-3.565314887741768274e-02
3.964840764594641798e-02
1.814594227271657543e-03
-1.208344274965328542e-02
7.429913750037281384e-02
-3.598685894463561630e-02
-1.767861847731161742e-02
-6.713069865825106730e-02
-1.388559798513973043e-01
-8.786432430694324225e-02
4.002479444683147702e-02
-7.309151190713636392e-02
8.712726413142354853e-02
4.363638129725386922e-02
1.105247014478138307e-01
1.393039927160769423e-02
-2.615559325451008790e-02
1.193251594585098031e-02
-9.980442391055131812e-02
-2.603845614232734931e-02
5.106634528947888441e-02
2.251107820215452436e-03
7.257634016448447078e-02
-7.386297705903845101e-02
-1.346851428404329150e-02
-1.741088768887567514e-02
-7.329844418730800670e-02
-5.875484538571087989e-02
-2.565927143410368788e-02
-5.634488419190290809e-02
-2.973114953892526044e-02
6.993128558020668406e-02
2.423051832229189753e-02
-3.477249070417585963e-02
-1.934440003196859562e-02
1.001683502848047663e-02
-2.998533314036449723e-02
4.735968055987913733e-02
1.025794928981721074e-02
9.751067872215096743e-02
-2.852552453135252450e-02
-2.628440985497162985e-02
-7.821323693202153482e-02
5.011959679493870751e-02
-1.054005826375348578e-02
-3.733682648090086431e-02
-1.854198678464444999e-02
3.707290572503467441e-02
1.363036621516075519e-01
-7.771356017132556755e-03
6.870328641577067019e-02
4.436275954677294103e-02
4.854841618274944627e-03
-2.753187422641593940e-02
-5.849760902525612261e-02
-2.232034129095801511e-02
-2.459970010219697870e-02
-1.213179320979599768e-01
2.878692134543277964e-03
-5.783744124139737069e-03
-2.336616155452649057e-02
8.532987535044289640e-02
-4.245150303655045171e-02
4.364147469005375674e-02
-1.276049900802989599e-02
1.955354406062196140e-02
-1.048837416163992398e-01
-1.172491376984289776e-02
-1.628460893053867639e-02
8.866923328033195217e-02
2.223182402209188460e-02
4.936759593986036337e-03
7.500927805733469123e-02
1.008432867233402391e-01
-6.360324562785200919e-02
-1.848423193355006044e-02
4.392216832699864099e-02
6.839589888603894718e-02
-7.872516113616197242e-02
-5.567094349527648006e-02
-5.327075768364699510e-02
-2.749592011591178459e-03
-2.113205893999876850e-02
9.879663843939201842e-03
-2.804288278488864181e-02
1.190034638274888902e-02
-1.426822974433046738e-02
2.415271210533232599e-02
6.463156486269348855e-02
-5.356905793072787997e-02
-5.300216586061692881e-02
-1.084902569184511972e-01
-1.069955736778236688e-01
-6.537774690787732240e-03
3.986755096218012884e-02
5.248147475879089835e-02
1.859525806659440353e-02
-4.124182406694577863e-02
7.163969471856453108e-02
1.427538852793477364e-01
9.392907335114751566e-02
-6.059559899988629234e-02
3.027189746772383436e-02
1.211427343126705684e-02
2.255430241183471740e-02
5.613229784524217947e-02
-1.113435690116205447e-02
1.042575637647633335e-01
1.190467066959525685e-02
-3.279410626225617853e-02
2.030746631530726959e-02
-4.030673321625495575e-02
2.653405564026663499e-01
-9.481080918290882287e-02
6.292941051263457874e-02
-2.555526282401987884e-02
4.203306479879125555e-03
-6.908015379410360757e-02
-5.135128766795162697e-02
-2.011281060448604288e-02
-1.839228690962953564e-02
7.101593431712099891e-02
-9.080761360501357626e-02
2.040226167319708350e-01
1.497800877598496894e-01
3.207554467774165891e-02
2.821906174913414375e-02
-1.338731781163321199e-01
-1.946686354419868009e-02
4.231247211740617490e-04
8.682466781321766802e-02
-1.116000590207357757e-01
1.530649074308807200e-01
1.548093598778296429e-02
-6.309973881052596822e-02
2.078327803683005862e-02
-2.243310405614356087e-02
-7.706256704783545630e-02
-4.303907814061148224e-02
5.041163861298241650e-02
-5.996231806794118796e-02
-9.308971571251752064e-02
-4.255548616146656582e-02
1.651257557590071409e-02
