-6.748093150729304879e-02
1.408826979675699698e-01
-7.769108670644836456e-02
-1.043830659560257140e-01
4.042669102601775810e-02
3.617176123883212441e-02
7.619551147358504320e-03
-3.815849941017726565e-02
-1.186900452133156890e-02
1.392984772971272101e+00
-1.678816576313305331e-01
1.205719911520805598e-01
1.204876946087232864e-01
-2.637238448131848725e-02
-4.448236704308115852e-02
8.800338443089722462e-03
-9.536014833492213391e-03
1.098386346037563577e+00
-1.643455652618897866e-01
-5.745548756879658575e-02
-3.889776623680370193e-02
1.729667004913325659e-02
-6.747373105201701082e-02
-4.453420203602603995e-03
7.131234497630682678e-02
2.991355633510877840e-02
-6.138582746017202246e-02
4.393532149171162741e-03
7.364705192753838447e-02
1.431613046352469935e-02
-5.013174257260083477e-03
-3.281850620403277408e-02
2.081110381063277365e-02
1.303051628867108423e-02
5.530068354072572440e-02
-4.688219442979046220e-02
2.298202751901932614e-02
2.213263439869702850e-02
-3.601509258809356545e-02
1.177005776295604773e-02
-8.837945758193117493e-03
8.218404576987773866e-03
5.795033659808603715e-02
-4.175678684184343931e-02
-1.129463791194075702e-02
-1.828736231283395811e-02
-8.794220918210733651e-02
5.768217236205205184e-02
1.978275979387247516e-02
-1.158782824917320778e-02
-2.039982676005880000e-02
-8.461275330900387692e-03
1.515118292815076026e-02
-5.131737963104360950e-02
-8.487643609013278620e-03
-6.368661845940769978e-03
3.331309613744200260e-02
5.408281164076575269e-03
-1.265779330762330929e-02
-9.979230723603937578e-03
1.713016479317448423e-02
2.610350019975689675e-02
3.013750857065069719e-02
1.736587244982168432e-01
-5.208477944987412872e-02
-5.698674696855410282e-02
2.454227730142698877e-02
6.777137045716950109e-03
-2.917709135928013564e-02
1.184276413415025486e-01
-1.374474119719939352e-02
4.651971025512580821e-02
8.643937474548349376e-02
1.230824434414180130e-02
8.765488992739338403e-02
-2.896816969753411922e-02
8.459985876984843847e-03
-2.931355806321804536e-03
1.136311115355463121e-03
6.124265589714756458e-02
-2.905411119845655032e-02
6.815423131771682075e-02
-5.292680490769534341e-02
8.405714328305861557e-03
-5.012837583252929483e-03
-2.469166626175403612e-01
1.017515556357668216e-01
-8.506238257533688119e-02
5.968094644085653044e-02
1.037327352966582739e-01
9.613891221956908859e-03
7.189302102229256156e-03
1.961905036322591361e-02
-2.582443284755386523e-02
7.523018198508996113e-02
-8.513514031379572355e-02
-3.256087451680426265e-02
-2.791202860939119568e-02
-8.733808194621835164e-02
-2.665018949429111619e-02
-1.403509428390622635e-02
6.388997709158583671e-02
-8.832016981650131493e-02
1.470078993151963283e-02
5.205051853882842333e-02
-4.667592277660546074e-01
3.126478654162964665e-02
3.060411162988131966e-03
7.742755004334493651e-02
4.449256517743657019e-02
6.929210209235710238e-02
-8.311634957187237494e-02
3.656287249551896934e-02
-1.008921285755713521e-01
-6.614280974466595076e-02
-6.385909045246865659e-03
-1.126361118028368531e-02
-1.737149001003411922e-02
2.237138070772557927e-02
-6.148521784492386177e-02
3.363647491064927775e-02
3.790939077231107041e-02
2.917818498491411144e-02
-6.893755046946727083e-02
-1.356608795974937054e-01
7.598065621490757149e-02
2.354095909389422592e-02
-4.491297535778851491e-02
2.679982339060726221e-02
-2.577629524320209503e-02
3.115151042534336501e-02
-4.912248503462195853e-02
-3.588472518194073951e-02
4.725156046218077430e-03
3.356906177790580648e-02
9.240237002111716114e-02
-3.555950486970104428e-03
-2.809326617760933564e-02
8.091875857065070066e-02
2.183807100393652181e-02
-4.975430962010711222e-01
5.197814643144713781e-02
8.909762617077594815e-02
2.404927395369130076e-03
-1.210154006109167603e-02
5.261511256378337970e-02
-5.743522988625425485e-02
8.883426123401172783e-03
4.802382812017961557e-03
-2.487393659820172354e-02
-1.853617871464919784e-02
3.901255625634363067e-03
1.061367955869921970e-01
-2.948531603623697969e-02
-7.108610004349918965e-02
2.494630870558301253e-02
-5.759873143764808467e-02
2.154440390015702894e-02
1.975837164096050022e-02
-4.204490447339762418e-03
6.929483163732785833e-02
-3.352810655237332960e-02
-5.524293227412045357e-03
-9.268138615669270497e-02
-1.287161097768275697e-01
-6.413724494360531492e-02
4.033964083574738402e-02
-4.704429505578539006e-02
1.025300845264758842e-01
3.785570369573399568e-02
6.114403074906522850e-02
3.237525943330742118e-02
-9.797813144003899785e-03
1.519008496946958747e-02
-7.055682741505318878e-02
2.443029214542764838e-02
3.568403734624889245e-02
-1.727473125611225097e-02
5.064154309118786695e-02
-6.249924681430166912e-02
6.477260679040411015e-03
-7.610097160473046005e-03
-4.335559822563428423e-02
-8.758640425821548336e-02
-1.751452449326148381e-02
-4.268316909787779612e-02
-7.335777137726596543e-03
4.040332720565550928e-02
5.542440483627646824e-02
-7.764760830882648165e-03
-1.622373894540312181e-02
2.602951928772397408e-02
1.779211221216014417e-03
6.289003570750963112e-02
6.669835198389835636e-03
5.933187198436497278e-02
-3.077476392629510324e-02
-7.487688366320215116e-02
-3.088072510307918531e-02
1.006858701784546367e-01
2.350925487170150378e-03
-6.673221671926674037e-02
-4.258161857654314125e-02
4.992044912909077148e-02
1.542066011749407550e-01
-4.732263031148964405e-02
5.197917076399686392e-02
4.038558817608840779e-02
-4.585448459538816329e-02
-2.549436578534540129e-02
-1.742171092602747690e-02
-3.390419326074985140e-02
-2.046525148255867732e-02
-1.140918224230588890e-01
1.227153934550500626e-02
2.649641194685560096e-03
-3.248144656580100043e-02
7.132618551669936413e-02
-7.844447124580433695e-02
6.921599418391208292e-02
3.463656994460795335e-02
5.392162613539430022e-03
-7.592517354362567084e-02
-1.975509302361566199e-03
-4.536480016043216955e-03
4.454805688694685184e-02
8.048921224777799352e-03
1.905491879428972829e-02
4.861535004022132095e-02
6.222611757814427991e-02
-7.208575220426724495e-02
-4.053925010951922592e-02
4.237246493360204147e-02
2.471883909282988553e-02
-6.388763920317822032e-02
-1.789282104847691318e-02
-5.934993639015375549e-02
3.128827539081781317e-04
1.143732141063269654e-02
7.093099952538455509e-03
-4.323285305874858403e-02
2.554490153296066005e-02
1.439295389838312657e-02
4.092050668452909545e-02
5.048544384883724839e-02
-8.310972756321265142e-02
-4.703066842013117754e-02
-4.559941072679117580e-02
-1.139853761946850730e-01
4.970515325677977644e-03
6.504954563982365268e-02
6.067973093170010712e-02
-1.419388239919989331e-02
-3.113428958753671275e-02
6.860820947827200866e-02
1.411797544069919585e-01
1.080717115695493391e-01
-6.569356761578187820e-02
-6.226899869950739200e-03
-8.192462601980138662e-03
9.192967368958703672e-03
1.014161771080137192e-01
-6.307400733981271060e-03
7.413260965805321123e-02
5.920221106639718574e-03
-7.877252278308406741e-02
1.299927715864708337e-02
-1.335465276669088423e-02
3.205595449090527516e-01
-4.508535546219426954e-02
-1.951425511790284492e-02
-1.771781232598397537e-02
-1.008996559134404773e-02
-9.148783386974616849e-02
-5.351917039571918444e-02
-1.574886251786918089e-03
-1.750076115440301998e-03
9.196995707347660476e-02
-8.962283762193654080e-02
1.435607250365578125e-01
1.995272789639789823e-01
1.494093264683288985e-02
3.953400027264117322e-02
-1.400175466960671689e-01
-7.468531389357430453e-03
-4.406024863756540649e-02
6.373469430253220214e-02
-9.694356159029628162e-02
1.385131516586763922e-01
-1.113877667627080799e-02
-8.469759365243534344e-02
2.578335409956685961e-02
-5.225230602563983584e-02
-2.297641779193814945e-02
-5.621237566289982029e-02
3.358773174499605357e-02
-4.518289602287101081e-02
-5.168888697037427732e-02
-7.924395074989819265e-02
7.186208015380509719e-03
