-2.886893796407221172e-02
1.225731655062390346e-01
-5.872964031438297761e-02
-3.587684072092802573e-02
3.155417904069009183e-02
1.261981620775905026e-02
-6.356107984451356968e-03
-7.206880204132466716e-03
-2.486344017249252775e-02
1.950043293637614417e+00
-1.427672473994164304e-01
3.877774147322911313e-02
9.877661187253879149e-02
-2.390808896027067296e-02
-6.998488336664374088e-02
-3.181474011214831255e-02
-6.425611670897186933e-02
1.029558805214214612e+00
-1.421070379590311794e-01
-1.445204312239052082e-02
-1.275829190846360962e-02
-3.747002712524315909e-02
-4.721467713621483459e-02
-7.188202177951677138e-03
5.840124528514494678e-02
2.832633116815723440e-02
-1.219240273572792625e-02
-5.180003931825864598e-03
-7.428928633514909376e-03
1.115380718059080963e-02
-5.074559668862978212e-03
1.039901221562603839e-01
-1.837407185557717038e-02
5.375001019327940721e-02
8.572433072780756558e-02
-9.583417350666603718e-02
4.585950322682159734e-03
-2.483011509880438464e-02
-5.000565727006926753e-02
-4.363946315148028998e-02
-7.767415588526592647e-03
4.827813270982588001e-02
1.511012587402737507e-02
8.211543722126013901e-04
-5.630779705254839590e-03
-1.996113563186841661e-03
-8.081589603003273836e-02
1.561910990616252257e-02
-6.894442290470655099e-03
-5.822687302435711892e-03
-1.196332383937467360e-02
7.241014253540589696e-02
-7.218401389844379679e-02
8.302028189236193914e-03
2.292371238494567490e-02
2.486289807536058369e-02
3.148643543243227066e-02
-2.947684893115125326e-02
2.751494149428286920e-02
-5.621569961480523542e-02
-1.203239387707312697e-03
2.486280309252977133e-02
-8.324538540974759163e-03
1.227017212927598855e-01
-1.628974776637448496e-02
-4.904018691138444658e-02
-9.573529174648313933e-03
9.945055675692105954e-03
-1.130379086207714510e-02
2.096279184285595662e-02
2.504948373819803481e-02
3.804293576084120249e-02
9.026334244674288909e-02
-1.939837828631327948e-02
6.478291928850168913e-02
-1.346449041386938404e-02
-1.483689038629192915e-02
-2.940235459194263934e-02
3.765928215312455349e-03
1.634547210822223373e-01
-3.292411640947478374e-02
6.571573871993167948e-02
-6.820866273070171071e-02
-7.369018212980974619e-03
4.138748509927883679e-02
-2.267092646901836261e-01
-1.310782339754234527e-01
-1.058353095939887079e-01
1.617627479005551150e-01
3.744147899294847370e-02
-5.541805233489111027e-02
-1.203416944788750741e-02
4.349140460980867665e-03
2.294098072691796650e-02
1.163920720750106774e-01
-4.115961433820040927e-02
-3.756021448142524838e-02
-1.706703918315136126e-03
-3.123550701001091140e-02
-4.866854921092897412e-02
3.454088172237509968e-02
8.893216965620107106e-03
-1.033216839594107289e-01
6.010250014270590753e-03
4.227674216118280925e-02
-7.561194518906865225e-01
-5.251014601965412441e-03
4.460581847214973444e-02
1.526464324819412112e-02
3.905653229823978501e-02
5.891030924185723834e-03
-2.845097412537956130e-02
-5.609424784903271725e-03
-1.133053061393936578e-01
-4.759954756666034265e-02
-2.870274117669734809e-02
1.605549462239645037e-02
-2.447841220954713806e-02
-1.158140714330193992e-02
-5.430858800469706010e-02
1.584630767913483909e-02
7.728076479990036822e-03
-2.893390158703800299e-02
5.652978235309816246e-02
-4.020605158318309169e-02
1.005614180297243476e-01
1.375026595192626981e-02
-5.842307280299615518e-02
3.394495480855909408e-02
-9.419992903624210476e-03
3.068139570829577292e-02
-2.153511204823385650e-02
-5.821641796300469629e-02
-4.401198118061156600e-02
-1.082635039638883689e-02
7.868640876310670218e-02
-3.525512712687407790e-02
-2.239862412967926972e-02
5.829672247147364705e-02
-4.126546749066666367e-03
-5.570586421217440520e-01
5.556453902654552579e-02
9.556952817348293716e-02
2.118433118743179647e-02
2.597981971610048915e-02
-1.944793615745243551e-02
2.189785842906367269e-02
-2.003050524194026696e-02
5.853347644388729072e-03
-1.077608362900021356e-02
-2.872323430160838784e-02
-3.263640646498552900e-02
1.048651873932485712e-01
3.982522603133747952e-02
-5.169390990475399711e-02
5.151633834422593428e-02
-8.944318191927219663e-02
-1.832058378023141212e-02
-4.739830443137069138e-02
3.525113089801679839e-02
1.768617028670173633e-02
1.788069859918394594e-02
-3.156597312829149959e-02
-4.627154395935142300e-02
-1.371695987480428813e-01
-1.221077033021777253e-01
8.640215600832661103e-02
-5.506471620427480507e-02
1.238589087038003550e-01
2.232217916745741701e-02
5.073969385319305331e-02
1.439151010098389284e-02
8.774249811702329593e-02
-1.322245562772809274e-02
-2.619033410233904263e-02
3.311260172892845077e-02
1.760958169190646183e-02
-1.244669957366145545e-02
3.453902144888385678e-02
-8.808830975411585662e-02
-2.458079501370718113e-03
-1.176821867994437033e-02
-1.637033259002704244e-02
-1.120516903051904933e-01
-2.240073691850121007e-02
-1.292465433662878978e-02
-3.929136692247473667e-02
-5.031648858389773217e-04
4.280549536372586089e-02
1.352400989897162807e-02
-7.421950059602884509e-02
-4.861527658444334682e-03
-4.926599585003795662e-02
5.387036038987996073e-02
8.060471213066968191e-03
9.032468745552023337e-02
-6.492476803802722796e-02
-4.557862799200550208e-02
-6.679599930463300805e-02
1.698918511588461411e-01
4.667659592468982946e-03
-3.300123725562075991e-03
-8.687647709885182312e-02
4.632332581872420502e-02
1.598177589908431062e-01
3.476575762846497320e-03
2.280775224845210322e-02
8.386511942260817254e-03
-1.472181984509180613e-02
1.503919339097416642e-03
-3.378945401459529374e-02
-4.107890151939169905e-03
-1.536301071109799805e-02
-1.089385515757698014e-01
4.264344538774493543e-02
1.041214857279261774e-01
-7.532801509791478556e-02
8.997508577181287381e-02
-1.036115808256630466e-01
4.048919771848460275e-02
9.240189246572091952e-03
3.283626250344718039e-03
-3.921427793032689763e-02
-4.574086156284842483e-03
2.616122302302272690e-02
9.167167720404647765e-03
7.175246288163638492e-03
5.504432964546662060e-02
7.657453270300564052e-02
1.898791229961865890e-02
-1.181990810480618714e-01
4.446242219747829211e-02
1.520406389369929369e-02
6.140443559626607151e-02
-6.559254367171561684e-02
-3.383328279937847238e-02
-5.151036600915689934e-02
-6.379227152968876269e-02
-2.487842660987095098e-02
6.745384575752004508e-02
4.338498329784836599e-02
2.042506855443730271e-02
5.536921725992788312e-02
3.648021336201783676e-02
9.260574878718508263e-02
-1.031337198871993127e-01
-2.518693084434454540e-02
-1.056119285091569049e-01
-1.434010006464392362e-01
-3.096404376289913288e-02
5.777165274944252166e-02
2.005883329206599452e-02
-1.444660014285417682e-02
-3.360908393553992818e-02
-3.554009646919627924e-02
1.766768315284433233e-01
9.855168326256108502e-02
-4.986682943789438882e-02
2.139065242918821580e-02
3.563762761985814209e-02
5.478991002484936285e-02
1.052871613607249540e-01
-2.397546885378611797e-02
1.721201576362859920e-01
1.309930459594581785e-02
-9.075469558049058250e-02
-7.067230538805629320e-03
-2.766048067428357807e-02
3.776158549603833570e-01
-6.201204308161740314e-02
3.744936488456018092e-02
-2.086933337064691280e-02
-6.442828583141575749e-02
-9.156785981164301813e-02
-3.468573285601603967e-02
9.241229424402192319e-03
3.120187729626785166e-03
9.298056493749110030e-02
1.721195894767919496e-03
1.519605660939649938e-01
1.982082994792902231e-01
8.191436899337845370e-03
6.991771892198841987e-02
-8.735256811334629612e-02
-6.659587743007780447e-02
-4.115864134334819985e-02
3.835412036446719103e-02
-6.085480007087109428e-02
1.456600537612089130e-01
-8.174884056080086725e-02
-1.745160416271291093e-01
3.866138750548583913e-02
-1.168075107603964123e-02
-4.338603042564169454e-02
-4.690050173174550169e-02
4.631200201196802174e-02
-3.064308519431726413e-02
-6.560185198913508209e-02
-2.413637671914290600e-02
5.229822310753427794e-02
