3.157126725229274233e-02
1.093375650504734009e-01
-6.868795849759179450e-02
-7.917589117086729078e-02
5.171349622068089485e-02
3.443933850060205276e-02
-1.269835892204355292e-03
-8.129897309683551884e-03
-3.828486785269521325e-02
1.705231460099627228e+00
-1.425893361552799110e-01
5.153403397469732278e-02
1.071985281686075320e-01
-3.254472735501270225e-02
-5.257508639032758280e-02
-2.548870972231385978e-02
-3.879587102171510454e-02
9.596210784152013895e-01
-1.162089336670735357e-01
-7.452919591017055645e-02
1.584001638729412706e-03
-4.092337136707023537e-02
-5.053951751826774030e-02
7.697463237719789908e-03
5.643622115511496423e-02
6.776867920219872311e-03
-3.916278829421370594e-02
1.224770712544947723e-02
-3.512764222445815491e-03
4.544147338806782399e-02
2.117512913446788561e-02
5.523097041698281362e-02
-4.406575832254313457e-02
5.307633134401906760e-02
5.782755774131560778e-02
-7.958106489996041866e-02
-1.342851883370995911e-02
1.237273003099948789e-02
-4.451409499946392540e-02
-2.075824168106505524e-02
-1.907323403686124810e-02
6.276410002515422915e-02
1.611168494901115203e-02
-3.909563089680995196e-02
1.151175136060900118e-03
-5.890646230319911830e-03
-5.441650575866789630e-02
2.473533619548543526e-03
2.644726510954458626e-02
1.885463100608649606e-02
-8.236442749397948279e-03
2.568609048716722146e-02
-3.960302265632732049e-02
1.406325546434285603e-02
2.746903788184937301e-02
1.712553903750041115e-02
3.509840623762906786e-02
-2.620816467202602765e-02
2.002383852431300140e-02
-2.211572251127816302e-02
4.136118198130881102e-04
-5.615719627949436292e-03
-1.550128264636871887e-02
1.805095482961105724e-01
-4.516412938034011781e-02
-2.154108637125573197e-02
-6.471100976040601235e-03
7.955351219722149592e-03
9.392784822621482593e-03
1.012623567549401221e-01
6.447644130354550709e-03
4.878018764638934052e-02
6.222692460742915849e-02
-1.965719991989822724e-02
8.041927916652921726e-02
-2.283191076229670533e-02
-5.181877718382995983e-03
-2.960274624336093480e-02
-2.507691078033764259e-02
1.034816951472965346e-01
-1.396234379123643260e-02
7.719122674265166406e-02
-4.767429738272358636e-02
7.921596944019480141e-03
3.113801731105466167e-02
-2.210168955975983784e-01
-4.188583293986903461e-02
-7.952786990111503085e-02
9.447524576914195782e-02
4.309593218050011831e-02
-4.652286985472404296e-02
-1.979193835462507781e-02
-7.992732207509978606e-03
-1.203462027301611600e-02
1.425358576559561941e-01
-3.905524818662785280e-02
5.877311237649688637e-03
5.451871251350492997e-03
-3.619351381832876940e-02
-3.299301570798832128e-02
9.678454240703246794e-03
-1.435228118176658978e-03
-1.079469049995051694e-01
5.277661415507579196e-03
2.728485599722066390e-02
-5.624673716722198291e-01
1.425316856886896764e-02
3.883224606604426810e-02
7.184590254181374980e-02
-1.040671945101936426e-02
1.182380625680401129e-02
-6.016722920034308503e-02
5.635464389247187705e-02
-9.528604425081647900e-02
-4.381764385845181992e-02
-3.160049357433279693e-02
-2.822657814085025203e-03
3.517610308747484617e-03
-3.685432766057467058e-02
-5.272612771335730836e-02
5.025359762107016459e-02
1.453162724893197581e-02
-1.946349982886880214e-02
3.457759975093194216e-02
-6.168949790518919035e-02
7.609607728119947845e-02
2.400916260659618010e-02
-7.346659745818626130e-02
5.813659259228713683e-02
-1.966587567885478074e-02
2.676723405851037449e-02
-2.266983225018968928e-02
-3.207363654310856765e-02
-2.677892362084749109e-02
1.591052847324167865e-02
5.168832266684261073e-02
-1.434509198817339112e-02
-2.265240502476247725e-02
3.740032541988998292e-03
-2.600389935578382300e-02
-6.495863985748688840e-01
4.887990571805000961e-02
6.978346877783458968e-02
-5.091275556279484422e-03
1.620149339031521155e-02
2.235013391531686169e-02
-1.331488507663791156e-02
-2.346035883686454701e-02
4.394952634801900515e-02
-2.535751343276811814e-02
-4.865181911303524502e-03
-2.449532726779764594e-02
1.036144184735097173e-01
2.048260028700557567e-02
-8.176151862443506446e-02
1.791304537760201807e-02
-6.676549020840893967e-02
-1.538800648649094396e-02
-7.204650812460825123e-03
1.945112084491389809e-02
2.993955769801735084e-02
6.684718586471769669e-03
-2.915643595054102227e-02
-3.064716200557516743e-02
-9.937523582085243390e-02
-1.032507324621449590e-01
4.199730339499554987e-02
-1.000330712972775753e-02
1.354650979983835213e-01
3.138960787760201876e-02
3.169122339219147128e-02
1.189614478652929394e-02
3.525807177407382781e-02
-9.153897010461682984e-03
-5.703635945180285383e-02
3.965008373573219308e-02
2.017824641552304343e-02
-1.307801639998721656e-02
5.363690118900100653e-03
-1.061291965802625969e-01
2.155049504338072894e-02
-1.663033457695543144e-02
-5.368316089631511301e-02
-8.817101341627354982e-02
-3.357747127366970952e-02
-3.468906698446211356e-02
-4.586447220973674521e-02
2.198751989013583361e-03
5.821660415910665659e-02
-1.847639304403226462e-02
-5.185048171885824758e-02
2.052817943209184204e-02
-4.358938731422987156e-02
6.290899454235807098e-02
-7.591465469384010324e-03
7.285190398921255472e-02
-3.809503206648137685e-02
-7.269769261537953331e-02
-7.881264973979811017e-02
1.282864921815722592e-01
-9.035916514521409593e-03
-2.013024140838913859e-02
-6.478264276053179171e-02
3.836564938104113781e-02
1.446050503290667311e-01
-2.353591654673737460e-02
4.910875503599940878e-02
-1.249570883366872380e-02
-3.601819132364827286e-02
-5.557619144619779230e-04
-1.986471582685234161e-02
-1.703610430137234705e-02
-2.641361070332860425e-02
-1.407811829907960333e-01
1.082439539012758530e-02
8.693209699633820675e-02
-4.795901562448454114e-02
6.211637230726091419e-02
-5.625392390434796885e-02
4.597334605820935227e-02
5.788285322097779656e-02
-2.942940140613659831e-03
-1.460335770234717778e-02
1.197535014886352313e-02
1.398135443126711369e-02
2.922808103165308591e-02
5.824064693262791248e-03
7.617642389403886383e-02
2.471282368022795564e-02
5.409021603767360381e-02
-8.368845204615181499e-02
2.140291371482532304e-02
2.027481215516032872e-02
4.355817004564873501e-02
-7.151254463843895182e-02
-2.288670850532362189e-02
-2.261721230629185411e-02
-2.991897491897040767e-02
-3.833210289830270984e-02
5.382596137589482771e-02
1.815156109538399246e-02
5.072061955679081635e-02
1.101461696250371179e-02
4.072120008845214745e-02
8.030674236301256486e-02
-8.536671044601326641e-02
-2.682224925929056758e-02
-7.939275615041400946e-02
-1.028214032036584985e-01
-4.481808805215584113e-02
6.608647434681490240e-02
2.891194457423897947e-03
-4.577651215933551711e-03
-1.356919467050028000e-02
3.217828043558044332e-02
1.722865267170850812e-01
9.663861214660376953e-02
-3.215591289215848081e-02
-3.181774595083998632e-03
3.113949924537327135e-02
1.048591402100583908e-01
9.315143384232837942e-02
-1.810132674357948709e-02
1.162414717901560368e-01
3.227795662648863528e-02
-1.089828801792960128e-01
1.575028788184937301e-02
-3.653568600930293814e-02
2.385619670191007069e-01
-3.961475248861874576e-02
-1.919053235977550773e-02
-2.300450134327681334e-02
-5.133536134970969472e-02
-9.913703098711773576e-02
-5.415223821050374475e-02
-1.876730963716062572e-02
-5.572900988231122357e-03
6.484806693910204201e-02
-1.461029379927753814e-02
1.027110506424636360e-01
2.030644468751030829e-01
1.606162295261109180e-02
5.179558571714280857e-02
-8.776893241967143044e-02
-4.041565100472569588e-02
-4.081267409506647570e-02
6.408913615857882162e-02
-6.228308347491175179e-02
1.072740617165077737e-01
-6.607996027900570057e-02
-1.588128829833734823e-01
2.057063362872365089e-02
-1.774472180098060278e-02
-1.525018820565846381e-02
-3.335989754292712633e-02
2.546467500278346008e-02
-3.596244159890146092e-02
-3.261751288123082571e-02
-3.314730440013360924e-02
4.055849658665423678e-03
