-7.439866595367146049e-03
1.223618201128719302e-01
2.620707673885577793e-02
-1.086422678608872996e-02
4.717845484963823638e-02
-1.303997249223197950e-02
-1.181322335388920036e-02
-1.526239433148955313e-02
-4.795040333838228308e-03
1.863957046606005141e+00
-2.196383151126389544e-01
-1.823894825992633181e-02
9.711362702487461029e-02
-6.353305125278525811e-02
-7.437839950183000592e-02
-7.059320214804036542e-02
-7.098464790003981839e-02
9.069347984021282061e-01
-1.372143700304790104e-01
7.354888357540222653e-04
5.564542596896392829e-02
-2.667889330660858788e-02
1.999693368045847575e-02
-3.350164458181891652e-02
-2.159420435904034485e-02
-1.145748098610506515e-03
-8.439114366231191544e-02
1.057499134073545781e-02
-2.705489617950534650e-02
4.959958223723227866e-02
3.539601383258353384e-02
6.329393276955613823e-02
-2.289478808249563804e-02
7.143549061377423015e-02
5.554404406749864631e-02
-9.198189996939389046e-02
-8.045018131338323164e-03
3.702625472710128606e-03
-3.254642411591771728e-02
-3.354714377973240513e-02
4.847292430164595357e-03
6.464334585906787722e-02
4.642136077239646802e-02
-4.399791674609428160e-02
2.981902054368730515e-02
1.871779748090030698e-02
-7.252762029047207792e-02
4.665901687744107400e-03
1.665072591708445515e-02
-8.028822344655473994e-03
-1.293746226361018603e-02
5.155445298997305553e-02
-7.468731499985173383e-02
-1.856684571636293577e-03
-2.259347819208985808e-02
4.446088871820777499e-02
1.171286532399582261e-02
-5.732501799035431139e-02
3.843661454759091101e-02
-5.235364783888055845e-02
-6.907084784211060813e-02
1.314931059976055285e-02
3.847183986651924598e-02
9.460998593072217355e-02
4.373559205855589039e-04
2.817448216174956929e-02
-3.290053682144990221e-02
6.672628536382083086e-02
-2.107008346716886249e-02
4.886572901045902612e-02
-3.668369263737800146e-02
6.789813637006278380e-02
2.862535797032266655e-02
-1.647603274264341361e-02
1.282872689583121617e-01
-4.292001371317735736e-02
-2.320186681697018749e-02
-4.158898480655669888e-02
-8.944027013728268749e-03
1.661519426405551059e-01
-2.519589290073348878e-02
7.469351200839602356e-02
-6.424658424860418826e-02
-8.192218285646318474e-03
1.552255751237614648e-03
-1.714104312019198162e-01
-5.847280491201538311e-02
-1.497734889955689985e-01
1.055142140346473772e-01
3.432704847453974667e-02
-5.217252392359698898e-02
-3.119752606483305532e-02
-1.430997761895344035e-02
-2.393644399333973161e-02
1.131513775792793441e-01
-4.536076634011327463e-02
4.244437365734239111e-03
-7.708394393310712134e-02
-2.415151287097990276e-02
-3.450684032256612355e-02
3.782788463218660774e-02
6.137471343179180111e-02
-4.580809686409194337e-02
1.863417509724587390e-02
4.633080915689177792e-02
-6.767086335697098942e-01
3.301479882044699998e-02
4.160681878775459447e-02
5.927911928809560110e-02
-2.531134217706850625e-02
-1.935896240664607831e-02
-4.942586742895994228e-02
6.595446615179040122e-03
-8.034595325579080294e-02
-4.133823762438364191e-02
-3.150236055555908493e-02
5.510178119069404634e-02
-1.673713757511204742e-02
-6.454933169606547061e-02
-6.691204255652069555e-02
2.407398821135369946e-02
7.655225052845839040e-02
-4.258391907888326583e-02
1.450190596485487031e-02
-5.245258899599260921e-02
7.081452388176510959e-02
5.395384534225888123e-02
-1.031979497118631038e-02
4.407045649564313161e-02
-5.513330195611677344e-03
8.857053777656694396e-03
-7.810201563453131324e-02
-1.912959449026535239e-02
-5.256562028067600367e-02
-4.497085432704425734e-03
-1.524410710613369061e-03
-2.289531139463238732e-02
8.771080626241718747e-03
2.137148850523586802e-02
-2.585119552788121139e-02
-7.531339488443812291e-01
8.224640885423285114e-03
8.684630909149637645e-02
-3.566801617490383824e-02
4.126029514241900259e-02
5.210156445259548491e-02
7.286172096073522016e-03
1.014825614855770046e-02
-1.209053017832293318e-02
-2.365861282255553658e-02
-6.514950659566896840e-02
1.104752875544343961e-02
9.789205072565067278e-02
2.264855627737604946e-02
-4.129356786586476508e-02
5.184478987292640700e-02
-4.845359484742484818e-02
1.328251525705158309e-02
-2.971315222315240936e-02
8.875540140862224481e-02
3.732625375163091397e-02
1.926098306828338824e-02
-2.463430244618514467e-02
2.151603435005973106e-02
-1.225575843574200213e-01
-9.862862600290599191e-02
5.225336220394680847e-02
-3.787778337521816030e-02
1.473138971317100310e-01
3.605492793400306983e-02
3.486779124914218125e-02
5.071923027229903458e-02
-2.569462177762174560e-02
3.992096977342479182e-03
-3.511653205671978750e-02
3.655837489383175626e-02
-2.471585019713933365e-02
3.392971390968127499e-02
6.260026081380473673e-02
-3.643071569044835367e-02
3.849306710289635523e-03
-2.500905805734885551e-02
-8.649668694188863971e-02
-9.180119387644876394e-02
-3.074639377126012554e-02
4.500847902177746232e-03
-3.835332311232335367e-02
-4.142382501408516104e-02
2.296869506256777813e-02
-8.520151422455881154e-03
-9.133292259329038598e-03
1.151076755469385409e-03
-3.768858069954678699e-03
2.326724773922538014e-02
-2.141781714254397187e-02
7.632126510183678825e-02
5.501935022123237429e-02
-7.036095911754862431e-02
-2.930443717064016435e-02
5.575826282147002683e-02
3.383330037087400183e-02
3.663313613442752831e-02
3.490922443585875966e-03
2.185574666390788234e-02
2.176020393304358147e-01
-1.954696797994929375e-02
5.201763180482835147e-02
-4.358883144507421509e-02
2.491786109248974798e-02
3.235462297830249412e-02
-2.829545000243578051e-02
-1.283793263889771406e-02
1.409324882831033098e-02
-9.793871444820048677e-02
2.905180771951674026e-02
7.664403906355903018e-02
-1.077797129433119838e-01
1.641428294472049854e-02
-6.463062503044725293e-02
4.622589851825140844e-02
1.725182643795750148e-02
-1.748909988392978107e-02
1.429347984186756480e-02
-1.914470435255375552e-02
-4.276292906134564892e-02
-1.880489973513207709e-03
1.686995698779647588e-03
1.049564336234029699e-01
7.159086260770383681e-02
6.987981807899552866e-02
-8.989963890883403974e-02
8.101259086518909636e-02
4.236419417112520514e-02
4.634930606907713968e-03
-8.573788020674477650e-02
-5.795151569727912538e-02
-4.320619305702055185e-02
-1.444316417750456365e-03
1.538155126397131728e-02
4.262172579522925664e-02
5.152561290648404596e-03
1.439107445273050956e-02
3.113827802987219687e-02
3.730883345591661654e-02
9.963911071256099927e-02
-8.188301821751728382e-02
1.725156374767541911e-03
-5.013669905857098125e-02
-8.332422397898450739e-02
-7.916473227334536178e-02
9.002335568955877054e-02
6.427001953125000000e-02
2.636488740871119688e-02
-5.009332827247060110e-02
8.426756753465161620e-02
1.547942407832197942e-01
-4.534219134479288224e-05
-1.553515371824483980e-02
-6.362876566312525295e-02
-3.430953561669849126e-03
5.957061035354819373e-02
1.017631126384158508e-01
-4.922822918917115625e-02
1.497532680491307500e-01
-1.667323247581958823e-02
-1.659358333439236721e-01
1.079158568359639761e-02
3.092180675844262427e-02
1.560778737439846853e-01
-5.994596761853710366e-04
3.692231469802680771e-02
6.148353443246587502e-03
-5.944561528467915551e-02
-4.190508188457367500e-02
-1.326422518760802215e-02
2.932007241349273916e-02
2.227198872379418382e-02
5.913922326810737429e-02
-4.296826753930475459e-03
1.222572073277797544e-01
1.707321855778517750e-01
1.020661786236995092e-02
2.219205641465344173e-02
-2.285073264691990166e-02
-1.505257719106365202e-02
-2.664921137316045643e-02
5.376660301867289965e-02
-5.481041423088654080e-02
1.189441243952911037e-01
-5.486392031133505848e-02
-1.144464365331011868e-01
1.050929332855708581e-01
3.722550478895553933e-02
-1.606121169239327004e-02
-8.272093195926210479e-03
-9.897188360134857171e-03
-2.174059730954847058e-02
-1.579481375416200845e-02
-4.321118210395274301e-02
6.642429082393969120e-02
