-2.664133161306381226e-02
1.670012921094894409e-01
-7.852376252412796021e-02
-1.232001185417175293e-02
2.455705776810646057e-02
3.073493205010890961e-02
-1.664438284933567047e-02
-2.441146038472652435e-02
1.721006445586681366e-02
1.232218384742736816e+00
-8.801297843456268311e-02
7.859583199024200439e-02
6.898716837167739868e-02
-1.545202359557151794e-02
-1.824890822172164917e-02
-3.432987630367279053e-02
-1.317501720041036606e-02
1.142940640449523926e+00
-1.776622533798217773e-01
-7.611738145351409912e-02
-1.261015702039003372e-02
-5.356152728199958801e-02
-9.074715524911880493e-02
7.173918187618255615e-03
3.756525367498397827e-02
-9.452974773012101650e-04
-5.746002495288848877e-02
-1.455669477581977844e-02
1.745337247848510742e-02
5.662244185805320740e-02
-1.453139260411262512e-02
3.075318410992622375e-02
3.297431161627173424e-03
4.295745491981506348e-02
7.543271034955978394e-02
-6.298650056123733521e-02
-3.770063444972038269e-02
4.522275552153587341e-02
-1.053322479128837585e-02
-2.595944143831729889e-02
1.489127986133098602e-02
4.871191084384918213e-02
1.066466234624385834e-02
-1.389289088547229767e-02
-1.366945356130599976e-02
-1.093993056565523148e-02
-6.207737699151039124e-02
1.698080822825431824e-02
-5.877089500427246094e-02
7.659406983293592930e-04
2.564571611583232880e-02
4.331611469388008118e-02
-1.502502430230379105e-02
-4.408959764987230301e-03
-2.363359369337558746e-02
8.116494864225387573e-03
-1.357249799184501171e-03
1.742043904960155487e-02
-9.229687973856925964e-03
-5.889876559376716614e-02
2.058584988117218018e-02
6.267208140343427658e-03
-2.828210033476352692e-02
1.524435877799987793e-01
-5.226630344986915588e-02
-5.397796630859375000e-02
6.238752044737339020e-03
3.973346203565597534e-02
-3.967634402215480804e-03
6.514372676610946655e-02
3.661649674177169800e-02
5.972694605588912964e-02
5.901396647095680237e-02
2.127747982740402222e-02
8.792695403099060059e-02
5.120390094816684723e-03
-5.622865632176399231e-03
-4.005499929189682007e-02
3.054435923695564270e-02
1.061434224247932434e-01
-1.911834999918937683e-02
7.201074808835983276e-02
-4.757255688309669495e-02
1.808654516935348511e-02
4.624062776565551758e-02
-1.457463055849075317e-01
4.690672457218170166e-02
-9.102048724889755249e-02
7.293649017810821533e-02
4.201180115342140198e-02
-3.522519394755363464e-02
5.154627189040184021e-02
-1.700910739600658417e-02
-6.454480439424514771e-02
3.634551912546157837e-02
-5.949443206191062927e-02
-1.001016702502965927e-02
3.855793620459735394e-04
-9.157927706837654114e-03
-1.359309814870357513e-02
2.867230959236621857e-02
2.995163574814796448e-02
-7.734139263629913330e-02
-1.398580987006425858e-02
5.588718131184577942e-02
-4.815544188022613525e-01
8.924582600593566895e-02
3.424511104822158813e-02
4.493304342031478882e-02
3.381843492388725281e-02
3.594973124563694000e-03
-1.020461991429328918e-01
3.802063688635826111e-02
-2.058429270982742310e-02
-1.582262292504310608e-02
1.167609449476003647e-02
-2.688215672969818115e-02
1.788736134767532349e-02
-2.251017279922962189e-02
-2.381327096372842789e-03
-4.299432504922151566e-03
-1.616672426462173462e-02
-3.302337601780891418e-02
-3.468043729662895203e-02
-6.622627377510070801e-02
2.617415599524974823e-02
-1.818878389894962311e-02
-7.210157066583633423e-02
1.845865510404109955e-02
-3.094406053423881531e-02
1.646033860743045807e-02
1.077015846967697144e-01
-2.513300627470016479e-02
1.144147478044033051e-02
4.993791133165359497e-02
3.589390590786933899e-02
4.211539402604103088e-03
3.954611252993345261e-03
3.791430592536926270e-02
-1.657872460782527924e-02
-5.112586021423339844e-01
4.317378252744674683e-02
4.216147586703300476e-02
5.627131322398781776e-04
3.664731979370117188e-02
-2.835245802998542786e-02
-3.586762771010398865e-02
5.974691361188888550e-03
4.929594695568084717e-02
-3.414039686322212219e-02
1.368135958909988403e-02
-9.677288122475147247e-03
5.770843476057052612e-02
-3.207855159416794777e-03
-8.557947725057601929e-02
-2.081722766160964966e-02
-7.186229526996612549e-02
8.145286142826080322e-02
-8.609661832451820374e-03
-3.478976339101791382e-02
5.510754138231277466e-02
2.312828600406646729e-02
-2.942908927798271179e-02
-7.404951751232147217e-02
-1.346225142478942871e-01
-5.219508707523345947e-02
2.417605742812156677e-02
-2.316137030720710754e-02
8.298882842063903809e-02
5.116708204150199890e-02
7.632564008235931396e-02
-5.346904043108224869e-03
-9.239178150892257690e-03
-5.898233503103256226e-02
-6.731437891721725464e-02
6.655256729573011398e-03
2.415266074240207672e-02
-2.395482361316680908e-02
5.863287672400474548e-02
-1.147531121969223022e-01
1.838335581123828888e-02
-2.941049821674823761e-02
-5.395031347870826721e-02
-6.297341734170913696e-02
-7.640231400728225708e-02
2.532929414883255959e-03
-7.796610891819000244e-02
2.776432037353515625e-02
4.651604220271110535e-02
1.966714486479759216e-02
-3.445104882121086121e-02
1.084245648235082626e-02
-4.665087908506393433e-02
4.699597507715225220e-02
5.282631516456604004e-02
4.191074892878532410e-02
-6.601756811141967773e-02
-8.749383687973022461e-02
-1.289150416851043701e-01
9.943747520446777344e-02
-4.998398944735527039e-04
-9.084215015172958374e-02
-3.896844387054443359e-02
5.818443745374679565e-02
1.480737179517745972e-01
-4.680934175848960876e-02
1.657584123313426971e-02
2.092291973531246185e-02
-4.534776136279106140e-02
1.763505744747817516e-03
-2.533495612442493439e-02
-7.570891082286834717e-02
-4.134972114115953445e-03
-1.496722847223281860e-01
1.032817084342241287e-02
5.868408456444740295e-02
-7.093656808137893677e-02
4.873792827129364014e-02
-9.601751714944839478e-02
4.627316445112228394e-02
5.173628404736518860e-02
1.317816507071256638e-02
-4.225958511233329773e-02
-3.274519741535186768e-02
-6.176301743835210800e-03
2.851451560854911804e-02
3.637435287237167358e-02
-1.376254390925168991e-02
9.025760740041732788e-02
6.957391649484634399e-02
-5.814988911151885986e-02
-5.421833321452140808e-02
7.832563668489456177e-02
5.244484916329383850e-02
-8.001240342855453491e-02
-2.994142286479473114e-02
-6.537391245365142822e-02
-2.713547646999359131e-02
-7.084274291992187500e-02
3.478472679853439331e-02
1.642412506043910980e-02
1.031276676803827286e-02
1.955010928213596344e-02
7.180023938417434692e-02
2.996292151510715485e-02
-1.125195324420928955e-01
-2.120278961956501007e-02
-7.646462321281433105e-02
-8.839377015829086304e-02
-5.389618873596191406e-02
4.670345038175582886e-02
5.138992145657539368e-02
2.989008650183677673e-02
-8.755724132061004639e-02
2.526131272315979004e-02
2.102433145046234131e-01
9.981334209442138672e-02
-3.859880566596984863e-02
3.074873425066471100e-02
-1.735838362947106361e-03
4.154922813177108765e-02
1.084792166948318481e-01
-8.654044009745121002e-03
6.162053719162940979e-02
3.575117141008377075e-02
-8.216644078493118286e-02
3.919637203216552734e-02
1.789314299821853638e-02
2.976090908050537109e-01
-9.062122553586959839e-02
4.181148111820220947e-02
-8.835982298478484154e-04
-3.832159563899040222e-02
-1.087511256337165833e-01
-6.335061043500900269e-02
-3.471131250262260437e-02
8.127522654831409454e-03
4.398952797055244446e-02
-6.830459088087081909e-02
1.295462846755981445e-01
1.366074830293655396e-01
6.324540823698043823e-02
-8.083172142505645752e-04
-6.311159580945968628e-02
3.956591710448265076e-03
-8.968332409858703613e-02
4.294867813587188721e-02
-8.343002200126647949e-02
1.304232180118560791e-01
2.229988574981689453e-03
-9.755129367113113403e-02
8.117151446640491486e-03
3.265578299760818481e-02
-3.473902493715286255e-02
-1.646821759641170502e-02
-1.050286227837204933e-03
-3.567168861627578735e-02
-4.375112801790237427e-02
-1.915700547397136688e-02
4.260920360684394836e-02
