-3.012059552694248965e-02
1.451827327771333942e-01
-1.155322479264518365e-01
-5.097418723228332865e-02
-1.196258222149571004e-02
-1.895568915645204355e-02
-1.196887785848554236e-02
-5.751656384755509527e-02
1.869056728032160442e-02
1.926331621286418105e+00
-1.915364972108659913e-01
7.342565394103342524e-02
7.849962614766475832e-02
-3.468696640586421687e-02
-3.047931085745415186e-02
-4.520135305925510050e-02
-3.267546342617048960e-02
1.171760879488740192e+00
-1.971953538597135958e-01
-8.125060222793382969e-02
-4.461884052035364201e-02
-4.020548824558733969e-02
-7.459370137317837546e-02
-2.481352073709648665e-02
6.330988442427278040e-02
2.057324591077139622e-02
-5.027521382007465664e-03
8.577082052243866980e-03
1.422063417719111357e-02
-6.577512185414967870e-03
-2.081631693634515903e-02
3.719387475650702546e-02
-2.842880044180428126e-02
3.348567587962510833e-02
8.314172130156237406e-02
-6.829988676769083167e-02
-1.285374814161655563e-03
1.095517376373034840e-02
-6.755034849820278076e-02
-5.961307404770380819e-02
5.271166458649437746e-03
5.749600735216010838e-02
-7.959609873380062151e-03
-3.779918952904833679e-02
4.998605749812131370e-03
1.140060094497525288e-02
-1.165054348099139880e-01
3.040989203230686985e-02
2.326681267871702832e-02
-3.627592714616540651e-03
-3.935659638535841248e-02
-1.278280797600095907e-02
1.010932738810627410e-02
-1.396750779554341466e-02
1.259513182713398183e-02
6.528547521772614694e-03
-9.487072852174821200e-03
-2.833190847176127528e-02
-1.636155308012336371e-02
-2.743256460189884977e-02
9.660315016124007559e-03
2.219534811219374230e-03
-3.178384646592462282e-02
1.654990435229791446e-01
1.384411274980908158e-02
-5.490180679146235143e-02
1.404098212677209849e-02
2.741141933617749493e-02
1.057842944472476079e-02
8.933530476815593202e-02
3.904541164219415411e-02
3.505282267933428064e-02
1.310359500245466824e-01
-1.056943808074062123e-02
1.096161491110083930e-01
-1.482217521230721514e-02
1.637650364091083888e-02
-5.824200739235349533e-02
2.088513787924435074e-03
1.116623895399579680e-01
1.506649597299040185e-03
9.236785885517748151e-02
-8.814076827866075547e-02
-1.145274566929706077e-02
2.836851036038396182e-02
-1.947706967236647047e-01
-1.248399778326289983e-01
-3.458515680176190571e-02
1.229197230388497791e-01
5.349913718792705802e-02
-4.714110175817361192e-02
-3.533718542954709333e-03
-2.357201159022984799e-02
-6.218072194282858083e-04
6.699558106001446411e-02
-6.507947008786561793e-02
3.780144648196608753e-02
-9.138656796872307933e-03
-1.519483458671508011e-02
-3.274123467896249140e-02
5.756965761356964625e-03
3.679893322891426150e-02
-6.080637131584538252e-02
-2.737381373433175544e-02
8.643400721255986574e-02
-7.372328575201828604e-01
7.130836855936850682e-02
3.352659261363962612e-02
5.012433932119110536e-02
1.405891158504418356e-02
3.251781035844606565e-02
-1.001946351337578561e-01
4.849950144050230172e-02
-7.240151879866270346e-02
8.350110740969586900e-04
-4.418811577525866979e-02
-6.893833248759746561e-03
3.131039381714448983e-02
5.685702823437445777e-03
-2.629316505163414863e-02
4.736635967770645023e-02
-2.944432271540067120e-02
-2.450977412572204542e-02
-5.478660967160566692e-02
-2.732439627827174325e-02
2.008511045151888108e-02
1.514490686303887786e-02
-8.483494065015675933e-02
1.418410658577627832e-02
-1.253486557689353909e-02
3.104674807233230582e-02
-1.958524023892815880e-02
-7.978643135830681965e-02
4.967510265575117087e-03
8.038531731961781612e-02
6.702447005736170138e-02
1.008575064112041987e-02
-1.565083299898655314e-02
6.676476066273154264e-02
3.087283092525896014e-02
-6.215142553744301690e-01
5.671214096897644885e-02
7.844294158357641156e-02
1.231030261662093396e-03
2.114332418111355624e-02
-1.789283675778603408e-02
-6.265790820153251117e-02
1.200861284634498552e-02
3.323177568554847028e-02
-6.428366007806129989e-02
-4.311470336023898176e-02
2.232264376134027867e-02
8.378067168174875567e-02
-8.186188145415638790e-04
-8.214331261878581036e-02
5.173628593540061278e-03
-5.559706604419550197e-02
2.408074279623244329e-02
-2.451018346128228456e-02
-1.076948177086323871e-01
-1.472687993131596013e-02
4.435124721068656184e-02
-4.763256236793601134e-02
-8.889197753440841732e-02
-1.062033447178711287e-01
-1.271719120532792124e-01
4.648816107356538302e-02
-2.279444224587012791e-02
1.188492453691475520e-01
-2.203755696380944179e-02
6.229381263170511579e-02
3.024119251179245398e-03
6.992866099856165363e-02
1.799498840941128261e-02
-5.355696004131305782e-02
5.443916789100988751e-02
4.078979513215011399e-02
3.575535184376399389e-02
5.877102033426543498e-02
-3.628081814537661293e-02
-1.614799346624186047e-02
-2.064396003063669049e-02
-6.306338591429908047e-02
-5.861203552413613016e-02
-4.777117011743646502e-02
-2.576065733728496576e-03
-6.186190754228918648e-02
2.342882685235892284e-02
2.960587568562024138e-02
-3.636352635789053683e-02
-7.107205857970923246e-02
7.373754661042343853e-03
-8.370202878815501124e-02
6.566749463848918500e-02
1.511242776853489317e-02
1.002459534768715826e-01
-4.425867288970360136e-02
-8.630865520640740307e-02
-7.842148230701431744e-02
1.398708693219662680e-01
-4.757277904954660547e-03
-7.135900841477278711e-02
-5.768153729300405652e-02
4.061099960237255641e-02
1.498325268039653602e-01
6.354266598747617366e-03
2.957200737351284303e-02
3.020275702415335661e-02
-2.470771870944774365e-02
-8.725086295786369309e-03
-4.615637497631461250e-02
-2.450310139535651424e-02
-2.052220232714331224e-02
-1.604877220864100451e-01
1.715769672644595553e-02
6.490767812130364411e-02
-4.976056336954087778e-02
4.487292575653285820e-02
-1.228740008175047971e-01
5.929073491052305571e-03
4.286281339627665693e-02
-9.322374867128556050e-03
-8.986379062044236310e-02
-1.178345305519987521e-02
-1.028172915250627310e-02
5.840347204702411345e-03
-4.439751614733460777e-03
2.287367951712668962e-02
4.371080527900670504e-02
3.228676566770547623e-02
-1.140564081896898174e-01
2.706954283700002337e-02
6.764079483500613776e-02
6.828062556701386399e-02
-1.768658770879029396e-02
-4.076956946960518663e-02
-6.565091234279720085e-03
-7.317132758938722781e-02
-3.097838342643605136e-02
4.274382852065365668e-02
-1.150954238011425018e-02
5.180213288723457821e-02
2.851356654679228220e-02
7.895963520732610097e-02
9.664260057677510896e-02
-1.058544898884920538e-01
-6.919163830401130200e-02
-9.517850260252185002e-02
-1.597347353050103946e-01
-1.813779325023828770e-02
6.049707624506195369e-02
1.724556509032028340e-02
5.369967726750816440e-03
-2.353320321471738183e-02
1.923663914152307086e-02
2.052181289762744221e-01
1.023062795349625048e-01
-8.400386049413463563e-02
3.986295078162681131e-03
2.458153681750192485e-02
6.152047121902238375e-02
1.056996264706473454e-01
-8.260582255050011313e-03
8.263345550448443488e-02
4.865530128353277167e-02
-8.000863888681541969e-02
2.191040780632744212e-03
1.914739417655232645e-02
3.608129902157810598e-01
-5.573166454814019316e-02
1.589274751141922862e-02
-1.550457544074561669e-02
-6.276619147555667633e-02
-1.404988910034279115e-01
-7.162107289070843152e-02
-3.465541953104365330e-02
3.242576032342039949e-02
9.429898066698055858e-02
-5.224086210509996941e-02
1.823339833656794362e-01
1.842825552084888519e-01
7.627353040235015924e-02
8.664993872975616448e-03
-7.936902684092893290e-02
-3.555410173520596323e-02
-7.488470531248923867e-02
8.588352377941294025e-02
-5.829691443078986041e-02
1.173653310679095979e-01
-2.494317076663144991e-02
-1.535024275729509891e-01
4.602723241072761290e-02
3.207170468949172709e-02
-3.553215742404167155e-02
-1.466181239924737797e-02
2.756614257061116777e-02
-6.054060039052182318e-02
-4.857345660083085132e-02
-1.900984761547344984e-02
5.081756871813238735e-02
