-3.735758364200592041e-02
1.525642573833465576e-01
-1.288055628538131714e-01
-4.897614195942878723e-02
3.856611996889114380e-02
5.117582157254219055e-02
1.398878172039985657e-02
-5.878571048378944397e-02
8.762142620980739594e-03
1.530900478363037109e+00
-1.296117007732391357e-01
1.070241108536720276e-01
8.134280145168304443e-02
-2.492187358438968658e-02
-5.204327777028083801e-02
-3.189264982938766479e-02
-5.692957341670989990e-02
1.217023253440856934e+00
-1.843284666538238525e-01
-5.473891273140907288e-02
-4.684116318821907043e-02
-3.791575133800506592e-02
-7.563611865043640137e-02
7.003431674093008041e-03
5.739532783627510071e-02
3.518026694655418396e-02
-2.471534535288810730e-02
-3.435411676764488220e-02
5.464873090386390686e-02
-1.707937382161617279e-02
-2.345216460525989532e-02
1.578451506793498993e-02
-1.763603067956864834e-03
3.547059744596481323e-02
5.615323409438133240e-02
-5.819199606776237488e-02
3.065709024667739868e-02
4.654599726200103760e-02
-5.532612651586532593e-02
-4.530258849263191223e-02
-4.564730916172266006e-03
1.018904801458120346e-02
4.558822885155677795e-02
-5.114590749144554138e-02
-2.467005886137485504e-02
-2.275806153193116188e-03
-7.488866895437240601e-02
2.374212630093097687e-02
-3.219685284420847893e-03
2.437981776893138885e-02
-1.300034206360578537e-02
4.710662737488746643e-02
-2.096597664058208466e-02
-1.159696187824010849e-02
-2.190404385328292847e-02
1.757829636335372925e-02
-4.296542610973119736e-03
-1.782147772610187531e-02
8.281168411485850811e-04
-3.943186998367309570e-02
-8.539584465324878693e-03
2.109143882989883423e-02
-1.915572397410869598e-02
1.526532322168350220e-01
-6.198046030476689339e-04
-3.435880318284034729e-02
4.268720746040344238e-02
6.735806167125701904e-02
6.717637646943330765e-03
6.946986913681030273e-02
3.913500532507896423e-02
6.755898892879486084e-02
1.324597448110580444e-01
-1.908814720809459686e-02
9.141896665096282959e-02
7.797703146934509277e-03
7.472813129425048828e-03
-3.000417724251747131e-02
-6.549578625708818436e-03
1.657489240169525146e-01
-4.076080396771430969e-02
4.939021542668342590e-02
-7.619053125381469727e-02
-1.133242063224315643e-02
8.019439876079559326e-03
-1.792308241128921509e-01
3.880507498979568481e-02
-1.102475970983505249e-01
1.647293567657470703e-01
4.061960801482200623e-02
-5.562923848628997803e-02
3.591683879494667053e-02
-8.142624050378799438e-03
-4.167392849922180176e-03
1.068121492862701416e-01
-6.098000332713127136e-02
-5.585490167140960693e-02
-7.388630881905555725e-03
-1.135475095361471176e-02
-8.982630446553230286e-03
2.062985114753246307e-02
1.198724657297134399e-02
-1.026649102568626404e-01
4.057564307004213333e-03
6.849628686904907227e-02
-5.403720736503601074e-01
8.027722686529159546e-02
4.666110500693321228e-02
3.426130861043930054e-02
5.325888469815254211e-02
7.045547245070338249e-04
-8.561001718044281006e-02
5.680124834179878235e-02
-7.231707870960235596e-02
-5.467665940523147583e-02
-1.638281345367431641e-02
-1.922025531530380249e-02
-1.068602781742811203e-02
-3.048009611666202545e-02
-3.405248746275901794e-02
2.316752448678016663e-02
-2.915470302104949951e-02
7.294588722288608551e-03
-9.554770775139331818e-03
-8.931092172861099243e-02
4.583642259240150452e-02
1.712932996451854706e-02
-7.004155963659286499e-02
6.177567318081855774e-02
-3.547632321715354919e-02
5.263416469097137451e-02
6.140510737895965576e-02
-5.872353166341781616e-02
1.457815244793891907e-02
2.925705164670944214e-02
8.255963027477264404e-02
2.082082442939281464e-02
-3.036061488091945648e-02
6.667969375848770142e-02
2.004222199320793152e-02
-6.437370777130126953e-01
6.305221468210220337e-02
7.459319382905960083e-02
-8.532677777111530304e-03
1.109159924089908600e-02
-9.535141289234161377e-03
-2.954713441431522369e-02
-2.910158038139343262e-02
2.678955905139446259e-02
-2.909772098064422607e-02
8.875531493686139584e-04
1.621823571622371674e-02
5.346019566059112549e-02
2.801655977964401245e-02
-6.199099496006965637e-02
-4.481382668018341064e-03
-9.960660338401794434e-02
2.134798793122172356e-03
2.378392778337001801e-02
-2.719235606491565704e-02
1.493684016168117523e-02
3.403180465102195740e-02
-3.646989166736602783e-02
-1.014456674456596375e-01
-1.394827067852020264e-01
-1.032243520021438599e-01
3.950396552681922913e-02
-4.798050597310066223e-02
9.810794889926910400e-02
2.221437357366085052e-02
5.290179327130317688e-02
2.156438119709491730e-02
2.655573189258575439e-03
-6.468949466943740845e-02
-5.103059113025665283e-02
3.153866156935691833e-02
2.716408856213092804e-02
-2.378599904477596283e-02
1.570655219256877899e-02
-6.706535071134567261e-02
-2.889769617468118668e-03
-4.098449647426605225e-02
-6.540533900260925293e-02
-8.362851291894912720e-02
-7.309067249298095703e-02
-1.160456449724733829e-03
-5.929053202271461487e-02
3.574784472584724426e-02
3.437654674053192139e-02
8.807730861008167267e-03
-5.147858336567878723e-02
2.554713375866413116e-02
-5.553089082241058350e-02
6.387330591678619385e-02
4.871093109250068665e-02
4.664641991257667542e-02
-6.574735045433044434e-02
-1.128081306815147400e-01
-6.410243362188339233e-02
1.788679361343383789e-01
1.755850389599800110e-03
-7.566159963607788086e-02
-6.878521293401718140e-02
5.384110286831855774e-02
1.224984377622604370e-01
-5.330822989344596863e-02
-9.762825444340705872e-03
1.082280650734901428e-02
-2.142296545207500458e-02
1.556068286299705505e-02
-4.111713916063308716e-02
-6.469468027353286743e-02
-2.965673059225082397e-02
-1.577066332101821899e-01
4.726977646350860596e-02
6.241242215037345886e-02
-4.729583486914634705e-02
7.792799174785614014e-02
-1.916441470384597778e-01
4.624865949153900146e-02
6.539720296859741211e-02
2.853600867092609406e-02
-4.546275362372398376e-02
3.433674573898315430e-02
2.813117392361164093e-02
2.209383808076381683e-02
1.366731338202953339e-02
2.639101259410381317e-02
6.047977879643440247e-02
3.838570415973663330e-02
-8.488615602254867554e-02
-2.051059529185295105e-02
8.692402392625808716e-02
5.330818891525268555e-02
-8.843267709016799927e-02
-4.009902477264404297e-02
-4.182723164558410645e-02
-4.852411895990371704e-02
-5.261424928903579712e-02
5.692094191908836365e-02
2.559429407119750977e-02
3.221092373132705688e-02
4.164970293641090393e-02
4.910671710968017578e-02
7.794533669948577881e-02
-1.671535521745681763e-01
-3.934322297573089600e-02
-8.883018791675567627e-02
-1.106035858392715454e-01
1.702433452010154724e-02
6.163205578923225403e-02
4.175766184926033020e-02
-2.716450951993465424e-02
-5.159474164247512817e-02
1.481790747493505478e-02
1.936140060424804688e-01
1.196738332509994507e-01
-7.812122255563735962e-02
8.209530264139175415e-03
1.758568978402763605e-04
5.635258927941322327e-02
1.428788006305694580e-01
1.689545996487140656e-02
6.065911427140235901e-02
1.047945301979780197e-02
-7.386437803506851196e-02
1.709587499499320984e-02
2.953938581049442291e-02
4.402387142181396484e-01
-3.977018222212791443e-02
1.834339834749698639e-02
2.326709945918992162e-04
-3.364478424191474915e-02
-1.137835383415222168e-01
-5.598921701312065125e-02
-2.961773984134197235e-02
1.231073774397373199e-02
6.531692296266555786e-02
-4.561386257410049438e-02
1.378347128629684448e-01
2.103411555290222168e-01
2.796089276671409607e-02
8.283486217260360718e-02
-9.758250415325164795e-02
-1.093500200659036636e-02
-1.066829115152359009e-01
4.033223539590835571e-02
-8.819815516471862793e-02
1.656438708305358887e-01
-4.150490462779998779e-02
-1.048507913947105408e-01
2.283652499318122864e-02
-5.859823897480964661e-02
-1.044905371963977814e-02
-4.001929610967636108e-02
-1.205974537879228592e-02
-7.116089016199111938e-02
-6.593970209360122681e-02
-1.896067708730697632e-02
4.332542791962623596e-02
