-4.678672363151170632e-02
1.293462482744423825e-01
-7.981671342574653272e-02
-7.343964748674045029e-02
2.229811992739035020e-02
5.411415888147538128e-02
-9.803170541855367806e-03
-3.402570544781752249e-02
-2.041130764661689898e-02
1.477789373995947564e+00
-1.450542938887005306e-01
7.001471359527500216e-02
1.223659624549942315e-01
-3.090035147514995362e-02
-2.896972029505521726e-02
2.810590836296455335e-04
-3.191019055933294601e-02
9.995924505340146871e-01
-1.427990701666222717e-01
-6.157185449638944569e-02
-2.244740927956455356e-02
-1.830269680186561929e-02
-8.991894357022918449e-02
-1.508093553509693438e-03
4.218592643776287315e-02
-1.798788975149951883e-02
-7.353777438636749375e-02
3.132227664624252089e-02
3.253882709635069759e-02
3.873069201293865421e-02
1.769657970638274791e-02
-3.067654617094126945e-04
-1.563276169083030833e-04
1.944504701261574181e-02
4.804878203760101080e-02
-4.137255006766002441e-02
-3.060690695119699239e-02
2.836873639452049643e-03
-3.287325834410545489e-02
3.082182512217654380e-02
-2.495536081435219961e-02
4.655171416112671712e-02
2.337034324516717738e-03
-2.379460244817272613e-02
1.479296517085543217e-02
-5.712452199499436743e-03
-6.390099859079460820e-02
3.049722075482550615e-02
4.642132371713367928e-02
1.000283509737070727e-03
-1.099783322214334391e-02
-7.060308081412010328e-03
-3.203803214390318291e-03
-3.990458442063645611e-02
4.282573400529170876e-02
5.026509438787608863e-03
4.222470181783963966e-02
-3.873819717952056013e-02
6.500209403607929044e-03
2.753282777206796442e-02
2.449540920312537687e-02
-1.574338079783578828e-02
-3.061112786831384392e-04
1.897380848227620265e-01
-5.190437610496233950e-02
-4.389994644842903915e-02
8.620456409992491645e-03
-5.765127806364684325e-03
-4.525413432192144751e-03
1.151922766916519403e-01
-8.228569889640625088e-04
1.110717510323072782e-01
7.365435674289393109e-02
-8.800994295821124025e-03
8.454133404272924646e-02
-5.165745848949125640e-02
-1.560454605599081307e-02
-1.109062786646908489e-03
3.782712356481033201e-03
3.952992130170618346e-02
6.614069461988033964e-03
7.374812402369765318e-02
-3.915111536235701267e-02
2.452989936564944559e-03
1.205603214677280349e-02
-2.589707237957424302e-01
1.049686709750106972e-01
-7.040152136664164229e-02
3.791387446088937546e-02
9.993804138109192714e-02
8.198299166062468502e-03
-4.129417103905688551e-03
2.083075737410997400e-02
-2.009322102766038579e-02
1.426873913958247586e-01
-5.608575904732064632e-02
-3.663171194457983358e-03
-9.671539419720702468e-03
-7.935626514908414308e-02
-3.132046145232920270e-02
1.419431480951004187e-02
6.671275564237162670e-02
-9.042215237582039433e-02
3.337812073025397258e-02
4.832434857676814327e-02
-5.413314569155506240e-01
-2.569611218259452035e-03
8.519566316156466576e-03
9.885178677203668163e-02
1.499559481409386968e-02
5.472831722686744005e-02
-9.021950499453068595e-02
2.439764888989125885e-02
-9.671498228023862886e-02
-4.459599546385208807e-02
-3.896249286693831415e-02
1.500112612974831110e-02
-3.111330318605673786e-03
-4.144082099383826034e-04
-6.467755865003875504e-02
1.375188346570176655e-02
4.927675579272722955e-02
2.048680867640143705e-02
-6.068079728709040860e-02
-8.895318157255818758e-02
6.318825609823165712e-02
4.821324530718962276e-02
-4.474513305714320627e-02
3.855920841683619510e-02
1.016787078865551835e-02
2.354459841178061300e-02
-4.373227062066592508e-02
-3.032195501201331161e-02
3.557032608340548411e-03
5.820641797067359346e-02
5.317683689267434927e-02
-5.219807881610601281e-03
-3.469587267554269383e-02
4.183662479035988452e-02
1.829259793800909126e-02
-5.596012397778369341e-01
5.052676414932027321e-02
9.326962203728819678e-02
-1.959124994386892207e-02
-5.940258050174119543e-03
4.941385910367876444e-02
-6.461928323893220694e-02
-1.308863900520845953e-02
3.134239356727757525e-02
-2.230286978334160633e-02
-7.857415209434510939e-03
-3.226481559301159346e-02
1.340281950818580370e-01
-1.107352739959726814e-02
-1.155974926184479279e-01
3.359152919598096254e-02
-3.056762505121172341e-02
2.064208954811581204e-02
1.629009217416729077e-02
-8.191594182682313680e-03
6.924437762113212769e-02
-3.827415793292323482e-02
-1.966168774546309464e-02
-4.141740762842790330e-02
-8.579418442931470434e-02
-6.448713475696883635e-02
2.992289813079726871e-02
3.610011732971975425e-03
1.166794112594148891e-01
3.129381692842669177e-02
5.812602518052763928e-02
2.144768482639477364e-02
4.153203584297274036e-03
2.813593136972948258e-02
-1.087780712150751145e-01
3.681240454563343423e-02
9.209814003366855600e-03
1.451564453550713285e-02
7.458879728381083429e-02
-7.488641813339065589e-02
2.712546159927910205e-02
6.948052823948217514e-03
-5.802087007080840991e-02
-7.499125395818700968e-02
-2.289932900263147615e-03
-4.373454503301768548e-02
-3.648460141636999249e-02
3.186614106534515350e-02
6.836584741781905061e-02
-2.711374463096780443e-02
-2.939389425686993879e-02
2.729269397576045489e-02
-2.274598601301837386e-02
6.294599767756088593e-02
-2.669640376068130316e-02
8.476552724362855507e-02
-2.065654803079565449e-02
-4.147380280609979514e-02
-2.720622688850173054e-02
6.124491856074366219e-02
-1.076953858961143644e-02
-4.696535369138149507e-02
-3.994814119097785804e-02
5.668439068516747253e-02
1.709000063320901264e-01
-4.860693150065995005e-02
6.949476795286300967e-02
3.406589593020674378e-02
-9.538714920914464698e-03
-4.849901713852090152e-02
-1.080998036106031908e-02
-1.741763505389592667e-02
-1.994477127657964116e-02
-1.404388844824941696e-01
9.932437575934626936e-03
-8.157385858083985447e-03
-2.077319542684341949e-02
7.217675342134685645e-02
-7.494872205303011736e-02
5.042511723196338447e-02
4.401362370633633142e-02
1.019545838561722491e-02
-4.005864530860235584e-02
-3.768605481395259638e-02
1.302368226145679368e-02
4.581068144768230682e-02
1.160437479904758784e-03
5.839288824920482734e-02
2.361913370321821679e-02
7.020958776831916215e-02
-7.948857524440354483e-02
8.941227387374569430e-03
5.930957891348397071e-02
3.121406073723188151e-02
-4.472098959846980415e-02
-3.334165918042067411e-02
-3.596523521696616543e-02
-2.943037748654367750e-02
1.843932315632744803e-02
1.670565726843218496e-02
-2.471613165865947301e-02
3.872170867541756267e-02
-1.364412973147144728e-02
1.069030074369263332e-02
7.178311847113576227e-02
-7.033379354510264914e-02
-5.973615933758769092e-02
-7.159008905542370294e-02
-1.195429397699660085e-01
-2.000990342994942231e-02
6.114197873653863524e-02
2.854587350174170313e-02
3.573606747813284912e-02
-2.292258605146500761e-02
4.528595441500569280e-02
1.496679531405148700e-01
1.024812206857022984e-01
-4.663546141385734034e-02
1.436580826008542963e-02
4.365306036727131800e-02
5.131702980951256821e-02
8.398010210053845348e-02
-2.359677390414477091e-02
1.039676772657277953e-01
2.367970717741154155e-02
-6.138968865163312721e-02
6.897554562876393033e-04
-4.988422098010664163e-02
2.082026709058874825e-01
-3.572922453213169675e-02
-5.445652692172628720e-03
-3.705486793934109624e-02
-1.983777140952830767e-02
-8.531724370676015134e-02
-6.243881160669596808e-02
-2.060405916619239067e-02
-1.369178004986710238e-02
7.849013581450356436e-02
-5.484677193325018102e-02
1.464272190570180820e-01
2.047409758886117315e-01
2.338871050453387654e-02
2.158847371022135433e-02
-1.291396433368248164e-01
5.905996511421980448e-03
-1.259505604877323966e-03
6.715087762516852576e-02
-9.337838388409903934e-02
1.160236867472128758e-01
-1.981085884396216121e-02
-1.045659304918142019e-01
1.281205154264599549e-02
-3.856931122248189597e-02
-4.922463351451688424e-02
-5.707880216784529115e-02
4.613771986984653573e-02
-5.787285194564190799e-02
-5.784257112122900141e-02
-6.119373048656688574e-02
-1.381367692364357004e-02
