1.767878475663694354e-02
1.046760449190340253e-01
-4.420932839741659875e-02
-7.087187503171323011e-02
5.202139564404061750e-02
1.895113584084866243e-02
1.084100805478903536e-02
-4.695765259135099845e-02
-2.770294686417522009e-02
1.497769608920972439e+00
-1.085279595943920844e-01
8.430672671319067168e-02
1.069467580416280511e-01
-6.466042377747634184e-02
-5.044840979849839896e-02
-5.815449293540354662e-03
-4.054078553234241600e-02
8.402460058250851294e-01
-1.276736626744650327e-01
-5.092839605821532917e-02
-1.101208933884903832e-02
-5.051579049017650841e-02
-4.644769072756056716e-02
1.155608345668015895e-02
4.890886488749839056e-02
1.274388493712747504e-02
-7.919758750101482669e-02
-2.558808111576849065e-02
1.948184509072942161e-02
2.402823643762812267e-02
1.143150581736819202e-02
5.028619004826329758e-02
-4.739988690007036071e-02
6.772869806853777652e-02
4.708426764016399729e-02
-6.641575075350621138e-02
5.221368204998986856e-04
1.478564179268092652e-02
-4.461812507505463071e-02
-1.483289945237603949e-02
-2.423966288948068218e-02
3.169301062202741631e-02
4.234483525297005196e-02
-4.180183547686541073e-02
-1.975142153868125316e-03
-4.432459110289715433e-03
-6.143758715851199703e-02
4.824647142807610145e-02
2.350965749611830247e-02
1.334130592785706497e-02
2.107318826841142814e-02
2.825673078834001900e-02
-6.544279893625388166e-03
-4.026995624684981921e-03
1.701489028717487629e-03
2.156017951693570828e-02
2.368550732596627975e-02
-3.447186209800316703e-02
7.637944300953849325e-03
-3.949550443900574220e-02
-1.506341495295448855e-02
-1.649893883586672771e-02
8.134794728490398960e-03
1.496300625934482986e-01
-4.289684687036986882e-02
-2.790928598626436774e-02
1.128098279626282840e-02
3.315654785324726600e-03
-2.270146083533056136e-02
9.105268454559600766e-02
-5.056854304412176839e-04
6.787016547749122330e-02
4.557037079947770519e-02
-1.950624445282848202e-02
7.394538861173879929e-02
-3.063148641151756599e-02
8.084065957270023320e-03
-2.081874084544919554e-02
-2.059351253401772025e-02
9.113525124696399138e-02
-5.147840082312731165e-03
6.021054964726437614e-02
-4.313979329425982057e-02
2.179255651772304264e-02
2.058632089967035034e-02
-1.853894981234227857e-01
5.201863395074048102e-02
-1.748656495671778999e-01
8.790667981990271662e-02
2.962287043054719418e-02
-5.298454774457661380e-03
-2.113748848281396878e-02
2.065677711343270537e-02
-2.604226404251009860e-02
1.393332014415563369e-01
-6.750139353193987390e-02
-8.332934660662155366e-03
-2.162543773499499278e-02
-3.639443669173561546e-02
-1.669863469811547207e-02
-3.986705789862254705e-03
2.302746452452996903e-02
-9.331684360179352822e-02
1.807824255035214364e-02
1.993157990738892923e-02
-4.107733100656928982e-01
1.911149904606620695e-02
1.308664212820684174e-02
8.927859391173743886e-02
1.085602558797375307e-02
2.200109739649226334e-02
-7.267273691258650803e-02
3.064989990249240501e-02
-6.861536018400435366e-02
-5.079288148577724982e-02
-2.999717236962059011e-02
-8.873875993510906555e-05
-2.828069079014133153e-02
-3.068318557437300920e-02
-5.581726380201814525e-02
5.159174091437260246e-02
1.501745059819598223e-02
-8.133480776923258590e-03
3.819989699016129031e-02
-9.083607000842303103e-02
6.202350880189974602e-02
2.066047368616339211e-02
-3.919435764123801319e-02
6.217959072180990338e-02
6.543440814560513852e-03
3.293618884316076856e-02
-1.989915478706895391e-02
-3.945446884788815500e-02
-3.019834983407640797e-02
2.086294115209493330e-02
3.346444196987328340e-02
5.584623474104989356e-04
-2.343204763780876165e-02
1.713568257324486407e-02
6.518494729684931079e-03
-5.509813868742768905e-01
4.116755116611640897e-02
9.722335787866435985e-02
7.365235346217500340e-03
9.973113726477245145e-03
6.376546336826580119e-02
-3.421513033183872649e-02
-2.638974518265548713e-02
2.661179226125438835e-02
-4.159061879477907175e-02
-1.494120506923208268e-02
-2.986174038370464565e-02
1.016346674065009559e-01
1.559098921845506781e-02
-5.487425785769134423e-02
2.437103161850767002e-02
-7.367110225442970173e-02
-1.514553403537250743e-02
2.659789790477068427e-02
4.843142559612405307e-02
1.339136492238294021e-02
-4.334886437850114273e-03
-3.774277398323173938e-02
-6.123063854788950849e-02
-1.176064845510084028e-01
-1.036083861816601143e-01
3.372323839909105447e-02
-3.277485565924076819e-03
1.277864824706208824e-01
3.782798345330798395e-02
3.420913785379273153e-02
5.543353130798234218e-03
1.962110083262013846e-02
-7.448648559437348431e-03
-4.239965948982301475e-02
1.287155626755855445e-02
1.169541435230601716e-02
-3.079119553147981539e-02
1.194234144656279410e-02
-7.824299301590227629e-02
4.528533250285207874e-03
-5.668325285926432283e-02
-6.911176464432139399e-02
-7.485140900799341912e-02
-2.805083598173994941e-02
-2.444740433071565175e-02
-4.981217314236616178e-02
3.716702699937080717e-02
5.796322502773849916e-02
-1.315961062397249214e-02
-2.968712604822778059e-02
3.185170227603698057e-02
-1.918677170579937558e-02
7.272339218180219611e-02
-3.822512221748168137e-03
4.655823443916642240e-02
-3.197990628953582132e-02
-8.468103525918584118e-02
-5.388248292031438957e-02
1.369825247447719607e-01
-3.546965594111319182e-03
-1.323066971934641969e-02
-3.139132536013537755e-02
3.775018694945841968e-02
1.569168894696872374e-01
-4.911111928020282791e-02
4.635703054702352416e-02
-1.081255452031845178e-02
-4.115866485633486171e-02
-5.636602811736768186e-03
-1.366426010972670050e-03
-1.383780701440499167e-02
-1.850287023841790677e-03
-1.104878170476763927e-01
2.380341280015509792e-02
7.794813931112111460e-02
-3.741658364849231172e-02
5.575764293995967569e-02
-8.825332518444412022e-02
6.390291376878268204e-02
4.458836749939956018e-02
-1.236830208109578923e-02
-1.297013649556818214e-02
-5.783636139349388784e-03
2.347084017898521183e-02
2.521543751405952785e-02
1.007601322959444240e-02
5.998135553104005924e-02
3.960334591960739531e-02
2.476340514035427556e-02
-6.759667195079460678e-02
6.370095008063615845e-03
1.551041285227049843e-02
2.293528640371611180e-02
-7.676215060483461416e-02
-4.619155028089459714e-02
-4.322313300547497156e-02
-1.159914241759001444e-02
-1.228795117611664392e-02
5.979784827885988030e-02
6.100880702011337448e-03
2.117024229749203332e-02
1.078893807844921553e-02
4.640727618708941765e-02
8.983795572960712184e-02
-1.123737892947993672e-01
-2.990347630852992558e-02
-7.456166906066274969e-02
-1.060612058890189335e-01
-4.085525849132157217e-02
8.589805667702914149e-02
4.059108733124336399e-02
-3.997359451217449497e-03
-3.974467788666454643e-02
1.894562071290060296e-02
1.483603311537186609e-01
8.997302103136479989e-02
-4.791666380366723516e-02
-1.657036296366848349e-02
3.046450307068581873e-02
8.286026011609577691e-02
1.029196079801466823e-01
-2.274700895401751688e-02
1.229974287974683611e-01
7.720471360791207258e-03
-9.032717846595944566e-02
4.097331262125023139e-03
-3.225354516851138692e-02
2.057414599457746129e-01
-6.445118256499941800e-02
3.933676323308289702e-02
-8.288631946728970690e-03
-4.225999577051296058e-02
-5.171861693659553921e-02
-4.552998929361540964e-02
-2.340804716861160425e-03
1.521602989066548652e-02
5.508230652078865280e-02
-1.811927483800884753e-02
9.514840124121332066e-02
2.011521995869669510e-01
2.734688498438017992e-02
6.775890491487325529e-02
-1.030406269662199198e-01
-3.396452483388612883e-03
-2.732870934258908521e-02
6.060447414399664640e-02
-5.995783488953649459e-02
1.060691077674566496e-01
-1.736554398856801629e-02
-1.161924975813380806e-01
1.232491112236695600e-02
-1.281483667002263072e-02
-3.635971401436989547e-02
-5.559195455579497847e-02
3.120061656322517529e-02
-2.095972264565249682e-02
-3.846419037829225396e-02
-2.339045541353199087e-02
-1.698603249167844956e-02
