-4.644935311574226178e-02
1.927992691532258163e-01
-9.230026435977617405e-02
-2.626180843431122347e-02
1.735899151117100206e-02
2.822359809599242833e-02
-1.817215016046741169e-02
-6.337254557505966369e-03
5.754964299858047680e-03
1.353105558755760329e+00
-6.967144682973995529e-02
1.179164566532258096e-01
7.415996338051349113e-02
-2.011086459533410059e-02
-3.827764976958525356e-02
-2.948777078875905108e-02
-4.783917867172070640e-03
1.261390820441079752e+00
-1.884938821798880781e-01
-9.110602292832455096e-02
-1.776730987568918589e-03
-4.095681909356484185e-02
-9.632127170424621687e-02
1.329825867784109519e-03
4.124923816552830691e-02
2.034366449452764888e-02
-4.035525595066655896e-02
-1.206421702060360424e-02
-1.690522345215808055e-03
7.759913491606319769e-02
-3.068289299086570179e-02
2.371488650273617660e-02
-2.194870346702188987e-02
3.268310707599571957e-02
5.996068676966754413e-02
-8.538377813322910181e-02
-2.252754176267281194e-03
3.871525456200625159e-02
-2.264942322380060838e-03
-4.850380210047728485e-02
7.861887446510862701e-03
2.341492623385039648e-02
1.835045800074061942e-02
-3.705164916268927078e-02
-3.473822146045918435e-02
-8.040454053345127625e-03
-9.364312458854509580e-02
2.665000850232986281e-03
-8.300677100477288350e-02
3.537210812295558341e-04
2.151872344830069173e-02
3.280941087372449272e-02
-1.438662199380760440e-02
1.248564167035261761e-02
-5.965615227946017424e-02
1.465524740011932107e-02
5.689432471892487235e-03
3.416119131624423960e-02
1.210971895058426603e-02
-4.610571755163758723e-02
1.622515680289252776e-02
1.536804801935895241e-02
1.177572605718194519e-02
1.648302748518762351e-01
-6.310403508681698692e-02
-6.205123127880184108e-02
7.391023918387919570e-03
4.325757527053159662e-02
-2.582880197189763027e-02
9.221040003703094567e-02
4.587563068322086934e-02
1.514837931770490406e-02
6.125642255390058993e-02
4.289288478748354283e-02
7.034801370144831700e-02
1.190882287894996783e-02
5.819327258373107638e-03
-5.198128073053818327e-02
1.846965295064598514e-02
1.297899394132653039e-01
-6.286730707908162741e-02
6.085101732225148274e-02
-5.556092875658327768e-02
5.475657942108294596e-02
6.118522799744897933e-02
-1.749737054600065955e-01
4.934370371132323907e-02
-6.157750524605003217e-02
1.101119028760697838e-01
6.602976233336076139e-02
-5.061876710109446814e-02
5.581304132035878884e-02
-7.371115769266375559e-03
-2.895836654974489818e-02
2.456250128579657785e-02
-6.082645217865371989e-02
-3.705324676493581409e-02
-1.785772628733953149e-02
-1.362300990834841921e-02
-1.949654635039499775e-02
2.783154586179229645e-02
2.005858571377139646e-02
-1.006587907340355525e-01
-2.991105180731566671e-02
6.826681693342659396e-02
-5.494887158492429702e-01
1.091799446593153394e-01
1.296006685499300447e-02
3.236543174477451990e-02
3.037313173757406198e-02
2.090183200296247615e-02
-1.269681045301185029e-01
7.224051982184002962e-02
-5.906581735516787390e-02
-1.952627396724818803e-02
-4.562345382961652610e-03
-4.852737718071099132e-02
-2.220842412932284772e-04
-2.924782507509051874e-02
-1.230334946793737623e-03
-9.970904834337969425e-03
-1.167346585181451568e-02
-2.013124286382899850e-02
-1.250770192149440463e-02
-7.537467469346609272e-02
3.141435373292462280e-02
-1.130703713251933820e-02
-7.982194289005925536e-02
1.149491290656887675e-02
-1.428954917400427835e-02
-1.429546122648278107e-03
9.075860712228439597e-02
-4.611020819618169564e-02
2.541451188590355612e-02
5.978476408204410480e-02
5.278391674210006906e-02
-9.000672471609611966e-03
1.452480333741359465e-02
1.857484396858541734e-02
-1.738548856412524754e-02
-5.815781352863725884e-01
5.746458273329493188e-02
4.905597458237326985e-02
7.000148991678324835e-03
4.552867776394831784e-02
-1.034655994769379493e-02
-1.827717241760615577e-02
-1.411602931873354172e-02
6.095208736216260748e-02
-3.212541531229427122e-02
-2.657593657422646638e-02
-3.096279121685216549e-03
4.982039350518432941e-02
1.127315880359200211e-02
-8.872853362615207296e-02
-1.913441942427172512e-02
-7.952489816491112307e-02
8.019763979180381808e-02
-8.325390592855086425e-03
-3.337315873930217502e-02
5.546619126481237838e-02
2.741568710397465289e-02
-4.813295586631829992e-02
-5.696458787648123884e-02
-8.823261474448650110e-02
-6.698485203052995107e-02
4.296947004608295262e-02
-1.739272759885204106e-02
8.564926298140224104e-02
7.896604596979921176e-02
1.008541482369157277e-01
-1.209527302604509504e-02
-1.831181017013660400e-02
-9.679727359693877931e-02
-7.092693718112244583e-02
-1.566371051318712904e-02
8.315973740176514639e-03
-3.030038458175609087e-02
5.810253070482224863e-02
-1.363593312829163851e-01
-1.754224966826448476e-02
-1.447778979283245553e-02
-5.884610043614219715e-02
-6.048549107142857373e-02
-8.727809722679394366e-02
-2.419438415487162528e-02
-6.522140131254114404e-02
-7.019175566521971589e-03
4.903323526991441861e-02
1.537314781003127143e-02
-3.957749045938940141e-02
1.955467078464450184e-02
-2.830023478645490517e-02
6.704362579205068451e-02
1.913975226557356954e-02
5.952187654295588992e-02
-2.915617349510368772e-02
-1.028414239939927644e-01
-1.812724757241606366e-01
1.293747814145819741e-01
-1.533155711251234362e-04
-8.341101259052008388e-02
-2.450168150047317417e-02
8.748179954945688175e-02
1.398825810566161898e-01
-6.377093276826860391e-02
4.183384566969428932e-03
8.155153536969222614e-03
-7.413791196922317472e-02
2.144394473389154079e-02
-4.561612800362080389e-02
-6.356699900222186062e-02
-2.704066203094140919e-02
-1.442245103686635999e-01
1.748280568527814383e-02
6.604229884998354116e-02
-7.307646760821263909e-02
7.589238139812376494e-02
-7.539694469017445277e-02
7.128480008434825987e-02
8.607345370103686166e-02
-1.693518653050938173e-03
-5.397131130678077537e-02
9.735078491452024349e-03
7.457028678406846418e-03
7.492505413203587664e-03
2.707511495021395695e-02
-8.430335702199226455e-03
9.717439130390059798e-02
7.183441383105661215e-02
-3.646432621687788200e-02
-6.516528272095128971e-02
7.367984693877550895e-02
4.180938580069124694e-02
-6.170509484035549552e-02
-3.141265326695194537e-02
-7.314033312417708710e-02
-1.378130432490536593e-02
-6.259565040734035857e-02
3.379650404768762273e-02
2.642755243478439597e-02
3.085118126131500965e-02
3.140911089738314399e-02
8.762373220457538026e-02
2.305657472792544543e-02
-1.272178062253127018e-01
-5.693491169149111214e-02
-5.713406229427255012e-02
-9.546248174168861511e-02
-2.100262720385533133e-02
5.579257143885780340e-02
3.693899409562211716e-02
3.036230854488973160e-02
-9.628832959595128027e-02
5.491328989698197709e-03
2.185440668202764947e-01
1.249807644832126446e-01
-2.962636680176102683e-02
5.772246611283122185e-03
-8.680699582630431801e-03
3.506984125555464432e-02
1.057015113252962463e-01
6.573106616323444971e-03
4.801929787792132837e-02
3.260131755575213647e-02
-8.125601109899605046e-02
1.941059727822580516e-02
3.320057269379526194e-02
3.310525787936142161e-01
-5.952070646807110232e-02
2.024651774142116611e-02
1.470433750617182282e-02
-4.922015151826859836e-02
-1.211302023329493133e-01
-9.934564526415404218e-02
-3.507429332620144724e-02
1.754386495021395542e-02
5.527147023123765712e-02
-7.883972288512179627e-02
1.519571752592165925e-01
1.714511243005266694e-01
5.422482538882488629e-02
-2.322390507992511469e-02
-8.735574005307768231e-02
-6.334171056590479250e-03
-1.081375750905200772e-01
2.532847280797399445e-02
-9.769056791063199241e-02
1.667789124218235774e-01
-1.043364755255050524e-03
-9.850895171576695697e-02
2.131868725312705687e-02
2.500098845611833584e-02
-4.563019140367840371e-02
-3.839118882179887865e-02
-7.075083608922399722e-03
-1.730289542102123046e-02
-1.538101206334348270e-02
-4.468992694103850888e-02
6.338224932109941256e-02
