-5.874912813305854797e-02
1.921768933534622192e-01
-8.820246905088424683e-02
-6.170910224318504333e-02
2.027177624404430389e-02
3.945476189255714417e-02
-1.245537307113409042e-03
-2.730058133602142334e-02
9.230625815689563751e-03
1.381017923355102539e+00
-1.299500316381454468e-01
1.393824517726898193e-01
7.144401967525482178e-02
-1.435518451035022736e-02
-2.877958118915557861e-02
-4.875721037387847900e-02
-2.400024048984050751e-02
1.232444405555725098e+00
-1.931999772787094116e-01
-5.487804114818572998e-02
-3.177013620734214783e-02
-5.473449826240539551e-02
-7.417359948158264160e-02
-1.329109072685241699e-02
5.710609257221221924e-02
2.367656305432319641e-02
-7.756932824850082397e-02
-5.677436944097280502e-03
3.653587773442268372e-02
4.874559119343757629e-02
-2.507533063180744648e-04
-2.551822364330291748e-02
4.536250140517950058e-03
5.755607783794403076e-02
6.195589154958724976e-02
-7.959085702896118164e-02
-1.781493797898292542e-02
4.256455227732658386e-02
-4.421046935021877289e-03
-3.521935269236564636e-02
1.197753660380840302e-02
1.685347966849803925e-02
5.378129333257675171e-02
-2.957676164805889130e-02
-1.149995531886816025e-02
-1.587305217981338501e-02
-1.042254194617271423e-01
-4.838315770030021667e-03
-6.312225759029388428e-02
-4.766949918121099472e-03
1.864668354392051697e-02
3.792379423975944519e-02
-8.375721983611583710e-03
-2.288246899843215942e-02
-3.171413764357566833e-02
2.141396980732679367e-03
3.593359841033816338e-03
6.964411120861768723e-03
-3.462705994024872780e-03
-7.387091219425201416e-02
-9.114705026149749756e-03
1.538804359734058380e-02
-1.393792685121297836e-02
1.599866449832916260e-01
-8.165540546178817749e-02
-3.508703410625457764e-02
2.546222880482673645e-02
5.979840829968452454e-02
-1.701541803777217865e-02
8.975099027156829834e-02
2.229788154363632202e-02
5.208884179592132568e-02
1.073209941387176514e-01
3.337337449193000793e-02
8.458382636308670044e-02
9.977828012779355049e-04
1.164489705115556717e-02
-2.342179976403713226e-02
4.735173191875219345e-03
1.410736143589019775e-01
-4.814479872584342957e-02
5.699238181114196777e-02
-4.645965620875358582e-02
1.603886298835277557e-02
3.655814379453659058e-02
-2.043226063251495361e-01
1.065684482455253601e-01
-7.852204144001007080e-02
1.005311533808708191e-01
4.244796559214591980e-02
-3.331287577748298645e-02
5.668877065181732178e-02
-4.845895338803529739e-03
-3.851984813809394836e-02
4.990709573030471802e-02
-7.013937830924987793e-02
-3.593810647726058960e-02
-7.000397425144910812e-03
-5.854276567697525024e-02
-7.027495652437210083e-03
1.992772147059440613e-02
6.635801494121551514e-02
-1.072169989347457886e-01
-1.286019477993249893e-02
6.811599433422088623e-02
-5.403035283088684082e-01
9.239321947097778320e-02
8.857777575030922890e-04
4.530021920800209045e-02
5.208187177777290344e-02
1.729682832956314087e-02
-1.284470409154891968e-01
4.115484654903411865e-02
-8.503430336713790894e-02
-3.449664264917373657e-02
1.115468796342611313e-03
-2.016988396644592285e-02
-3.140493761748075485e-03
-1.752026006579399109e-02
-4.556343704462051392e-02
3.619292983785271645e-03
2.320981351658701897e-03
-1.906125980895012617e-04
-1.437015272676944733e-02
-1.048666313290596008e-01
4.601498320698738098e-02
-3.124246187508106232e-02
-9.249423444271087646e-02
3.815644606947898865e-02
-5.507744848728179932e-02
9.143758565187454224e-03
4.838028550148010254e-02
-6.284918636083602905e-02
3.856680169701576233e-02
5.286254733800888062e-02
7.632496207952499390e-02
1.209921389818191528e-02
-6.145643070340156555e-03
4.596436023712158203e-02
1.499665901064872742e-02
-5.736565589904785156e-01
7.733046263456344604e-02
7.130883634090423584e-02
-3.454997204244136810e-03
3.228069469332695007e-02
-1.711095916107296944e-03
-4.880666360259056091e-02
3.117929212749004364e-02
4.016174003481864929e-02
-1.543566398322582245e-02
2.411665581166744232e-02
-3.972387406975030899e-03
7.913609594106674194e-02
1.081093563698232174e-03
-1.010814905166625977e-01
-1.110362168401479721e-02
-6.410751491785049438e-02
7.968282699584960938e-02
6.993750110268592834e-03
-5.202168971300125122e-02
7.121765613555908203e-02
3.251377865672111511e-02
-3.347766026854515076e-02
-9.620906412601470947e-02
-1.417652517557144165e-01
-6.721941381692886353e-02
3.274777531623840332e-02
-2.634999901056289673e-02
9.746266901493072510e-02
4.162072390317916870e-02
9.650483727455139160e-02
5.306710023432970047e-03
-1.794063858687877655e-02
-4.772266373038291931e-02
-7.903601229190826416e-02
1.602221280336380005e-02
3.479049354791641235e-02
-4.819841310381889343e-02
3.174113482236862183e-02
-1.368455886840820312e-01
-1.579477265477180481e-02
-1.199402566999197006e-02
-7.434470206499099731e-02
-8.988905698060989380e-02
-6.197916343808174133e-02
-1.516741979867219925e-02
-4.034464806318283081e-02
9.699628688395023346e-03
8.200354874134063721e-02
2.310702763497829437e-02
-2.963466756045818329e-02
-3.005615202710032463e-03
-8.660272695124149323e-03
5.230137333273887634e-02
4.733015224337577820e-02
3.131071105599403381e-02
-2.599740959703922272e-02
-1.020977944135665894e-01
-1.268312931060791016e-01
1.317367255687713623e-01
4.164583235979080200e-02
-1.060012727975845337e-01
-5.378708988428115845e-02
5.550883337855339050e-02
1.477208733558654785e-01
-6.163483858108520508e-02
2.370904665440320969e-03
1.368086878210306168e-02
-7.029201090335845947e-02
1.231134962290525436e-02
-3.632268309593200684e-02
-6.962014734745025635e-02
-1.697739586234092712e-02
-1.245448738336563110e-01
5.074338242411613464e-02
5.149820074439048767e-02
-6.121088564395904541e-02
6.282009184360504150e-02
-9.855362027883529663e-02
8.750059455633163452e-02
8.178521692752838135e-02
1.770165935158729553e-02
-6.433709710836410522e-02
5.673007573932409286e-03
-2.978675300255417824e-03
2.555374242365360260e-02
-8.769786916673183441e-03
-3.133555129170417786e-02
9.227017313241958618e-02
6.702737510204315186e-02
-2.156882733106613159e-02
-7.535716146230697632e-02
1.084065064787864685e-01
4.156973585486412048e-02
-9.407503902912139893e-02
-2.117846906185150146e-02
-6.731005012989044189e-02
-2.514825202524662018e-02
-8.520679175853729248e-02
-1.840510056354105473e-03
-2.281774533912539482e-03
1.368468161672353745e-02
1.679723896086215973e-02
7.564631104469299316e-02
5.177586525678634644e-02
-1.418003439903259277e-01
-1.140605658292770386e-02
-6.742889434099197388e-02
-8.229344338178634644e-02
-1.139745395630598068e-02
7.720392197370529175e-02
8.570194244384765625e-02
2.639010548591613770e-02
-6.894195079803466797e-02
3.518388792872428894e-02
2.294005006551742554e-01
1.485046595335006714e-01
-5.229577049612998962e-02
6.795010529458522797e-03
-3.365049138665199280e-02
4.207066074013710022e-02
1.403020024299621582e-01
1.817279309034347534e-02
3.676676005125045776e-02
1.122842822223901749e-02
-1.043995320796966553e-01
3.627588599920272827e-02
1.782770454883575439e-02
3.659543395042419434e-01
-5.588387697935104370e-02
-1.178743666969239712e-03
3.655939362943172455e-03
-3.089986369013786316e-02
-1.508711278438568115e-01
-9.668327122926712036e-02
-4.245721548795700073e-02
1.613586395978927612e-02
5.377369374036788940e-02
-7.645551115274429321e-02
1.423951685428619385e-01
1.710327416658401489e-01
2.164367027580738068e-02
6.078380625694990158e-03
-9.117188304662704468e-02
-6.206165999174118042e-03
-9.249825030565261841e-02
1.794614270329475403e-02
-1.083481535315513611e-01
1.743912845849990845e-01
2.908055111765861511e-02
-9.075564891099929810e-02
1.394507475197315216e-02
1.916875503957271576e-02
-3.605737537145614624e-02
-2.409412153065204620e-02
-9.218919090926647186e-03
-4.944659397006034851e-02
-3.381944075226783752e-02
-3.368815034627914429e-02
3.228113800287246704e-02
