-4.788457974791526794e-02
1.576439440250396729e-01
-9.478092193603515625e-02
-3.747730329632759094e-02
4.177666455507278442e-02
5.377727746963500977e-02
-1.722181914374232292e-04
-5.163952708244323730e-02
4.466154612600803375e-03
1.300559759140014648e+00
-1.127725616097450256e-01
1.116495802998542786e-01
8.335906267166137695e-02
-2.992234192788600922e-02
-4.250952601432800293e-02
-1.896180771291255951e-02
-3.003513254225254059e-02
1.124114036560058594e+00
-1.748138070106506348e-01
-5.257536470890045166e-02
-1.930611766874790192e-02
-2.136818505823612213e-02
-7.488936930894851685e-02
1.597169414162635803e-02
3.774250298738479614e-02
4.738414660096168518e-03
-6.264834105968475342e-02
-1.396181061863899231e-02
6.852859258651733398e-02
4.531465098261833191e-02
-1.550944522023200989e-02
1.835171505808830261e-02
-6.814120803028345108e-03
7.055889815092086792e-02
1.025535315275192261e-01
-6.512265652418136597e-02
1.020786631852388382e-02
5.620763450860977173e-02
-3.078735060989856720e-02
-2.987164258956909180e-02
2.490310231223702431e-03
-1.191908027976751328e-03
4.794865846633911133e-02
-2.925913967192173004e-02
-3.587360680103302002e-02
8.681852370500564575e-03
-8.139656484127044678e-02
3.711385652422904968e-02
-1.890075020492076874e-02
7.472841534763574600e-04
2.185064926743507385e-02
5.331715941429138184e-02
-9.674634784460067749e-03
9.991141036152839661e-03
-2.504510618746280670e-02
1.643143035471439362e-02
1.920060068368911743e-02
8.071605116128921509e-03
-8.658511564135551453e-03
-5.357747524976730347e-02
-3.938450478017330170e-03
-4.960588645190000534e-03
1.733315177261829376e-03
1.485663056373596191e-01
-6.075136363506317139e-02
-4.873760417103767395e-02
2.472878061234951019e-02
4.918815940618515015e-02
-2.413734048604965210e-02
8.277979493141174316e-02
2.401216141879558563e-02
7.305275648832321167e-02
6.135316565632820129e-02
6.120899226516485214e-03
8.371945470571517944e-02
1.311202626675367355e-02
7.651086198166012764e-04
-3.456164896488189697e-02
3.079776093363761902e-02
1.180120855569839478e-01
-3.755871206521987915e-02
5.843023583292961121e-02
-6.218544393777847290e-02
3.185954317450523376e-02
1.756424084305763245e-02
-1.849107295274734497e-01
1.014529094099998474e-01
-1.187305450439453125e-01
1.011510193347930908e-01
4.358232393860816956e-02
-2.604850009083747864e-02
4.601407796144485474e-02
-4.181921947747468948e-03
-6.411325186491012573e-02
6.003649532794952393e-02
-4.141739010810852051e-02
-4.346197098493576050e-02
-1.319053675979375839e-02
-4.318037256598472595e-02
-1.038481574505567551e-02
2.742544561624526978e-02
2.734156325459480286e-02
-9.721394628286361694e-02
-1.204477250576019287e-02
4.789913073182106018e-02
-3.873703777790069580e-01
8.875063061714172363e-02
1.323808450251817703e-02
6.090408191084861755e-02
5.631584674119949341e-02
6.702949758619070053e-03
-1.180182844400405884e-01
3.339136019349098206e-02
-6.708579510450363159e-02
-3.468136489391326904e-02
4.072928335517644882e-03
6.906043854542076588e-04
-9.056627750396728516e-03
-2.222585491836071014e-02
-5.744629353284835815e-02
4.368431866168975830e-03
-1.759201101958751678e-02
-1.242440566420555115e-02
-1.897576614283025265e-03
-8.526693284511566162e-02
4.987070709466934204e-02
-4.694656934589147568e-03
-7.306169718503952026e-02
4.018182307481765747e-02
-3.104893490672111511e-02
3.824634477496147156e-02
6.374255567789077759e-02
-2.860791049897670746e-02
-7.362039294093847275e-03
4.126323759555816650e-02
8.024308085441589355e-02
1.118889078497886658e-02
-3.721864894032478333e-02
4.059441760182380676e-02
-7.786337751895189285e-03
-5.561141371726989746e-01
6.592222303152084351e-02
8.418246358633041382e-02
-1.019217725843191147e-02
3.155826032161712646e-02
-9.043522179126739502e-03
-2.314002998173236847e-02
-1.121759880334138870e-02
3.159388527274131775e-02
-3.727689012885093689e-02
1.060752291232347488e-02
-5.433172918856143951e-03
7.110780477523803711e-02
1.743935421109199524e-02
-7.305107265710830688e-02
-7.790036965161561966e-03
-8.309186249971389771e-02
3.016650490462779999e-02
3.610144136473536491e-03
4.582257941365242004e-03
4.413064569234848022e-02
3.177315741777420044e-02
-4.888294637203216553e-02
-9.230351448059082031e-02
-1.198260188102722168e-01
-7.257326692342758179e-02
3.014729917049407959e-02
-2.762435376644134521e-02
9.992673248052597046e-02
5.035275965929031372e-02
6.448469310998916626e-02
9.551494731567800045e-04
-2.293321117758750916e-02
-3.788095712661743164e-02
-4.786297306418418884e-02
-7.540320977568626404e-03
3.024025261402130127e-02
-3.112035430967807770e-02
6.475925445556640625e-02
-1.097007691860198975e-01
1.062447670847177505e-02
-3.313712403178215027e-02
-4.274477064609527588e-02
-7.060711830854415894e-02
-7.053144276142120361e-02
-9.642128832638263702e-03
-6.641087681055068970e-02
3.205635771155357361e-02
4.499525204300880432e-02
1.298246625810861588e-02
-2.083959616720676422e-02
2.320278808474540710e-02
-1.576922833919525146e-02
4.606499522924423218e-02
5.235132947564125061e-02
9.889815934002399445e-03
-7.173473387956619263e-02
-1.061097308993339539e-01
-1.085246726870536804e-01
1.456032246351242065e-01
6.422549486160278320e-03
-9.452099353075027466e-02
-3.831060603260993958e-02
5.135774612426757812e-02
1.509779095649719238e-01
-7.936973869800567627e-02
-2.958357566967606544e-03
1.193324383348226547e-02
-4.531887173652648926e-02
5.993188824504613876e-03
-2.421668916940689087e-02
-4.329018294811248779e-02
1.008026115596294403e-02
-1.325325965881347656e-01
3.444372490048408508e-02
5.298659205436706543e-02
-5.597646161913871765e-02
4.756407439708709717e-02
-1.385188102722167969e-01
8.086082339286804199e-02
5.992164462804794312e-02
1.366196665912866592e-02
-4.564370587468147278e-02
-1.620488055050373077e-02
2.997194789350032806e-02
3.543267026543617249e-02
-2.879431005567312241e-03
-5.767137277871370316e-03
7.088201493024826050e-02
5.924796685576438904e-02
-7.692465931177139282e-02
-5.834250152111053467e-02
7.562413066625595093e-02
5.066326633095741272e-02
-8.078694343566894531e-02
-2.954466640949249268e-02
-8.839035034179687500e-02
-3.684308752417564392e-02
-6.505992263555526733e-02
4.150317236781120300e-02
2.211653441190719604e-02
1.675881072878837585e-02
-3.041598713025450706e-03
6.916262209415435791e-02
4.111954942345619202e-02
-1.085641384124755859e-01
-3.530057519674301147e-02
-8.787184208631515503e-02
-1.064426377415657043e-01
-3.586281463503837585e-02
9.100005775690078735e-02
5.469645187258720398e-02
4.998996388167142868e-03
-8.546674996614456177e-02
2.395965903997421265e-02
1.866950094699859619e-01
1.072542965412139893e-01
-5.205006152391433716e-02
-6.000304711051285267e-04
1.784940948709845543e-03
4.967121407389640808e-02
1.238045245409011841e-01
1.358700683340430260e-03
8.577882498502731323e-02
5.273254588246345520e-03
-9.904645383358001709e-02
1.540118642151355743e-02
7.107707206159830093e-03
3.143346011638641357e-01
-7.216735929250717163e-02
1.285834610462188721e-02
-1.318696653470396996e-03
-4.360489547252655029e-02
-9.371609985828399658e-02
-8.071099221706390381e-02
-4.091568291187286377e-02
-2.552144695073366165e-03
4.314016178250312805e-02
-7.646255195140838623e-02
1.426571905612945557e-01
1.834089010953903198e-01
3.613619878888130188e-02
2.649799361824989319e-02
-8.849005401134490967e-02
3.669978119432926178e-03
-9.616027027368545532e-02
4.586936533451080322e-02
-1.004028618335723877e-01
1.617574840784072876e-01
1.443171408027410507e-02
-8.969152718782424927e-02
4.280927125364542007e-03
1.500639482401311398e-03
-3.040327876806259155e-02
-2.873068116605281830e-02
7.813382893800735474e-03
-3.562203794717788696e-02
-5.381616577506065369e-02
-1.120751630514860153e-02
3.655616194009780884e-02
