-8.482719185785896759e-03
1.163586597973455955e-01
-1.867493117896373497e-02
-1.610752211878693427e-02
1.500598996184593012e-02
4.569879052659913538e-03
-1.598759490117470511e-02
-1.658966262241469772e-02
-1.745608610094297880e-02
1.862933812666793809e+00
-1.603775495615707147e-01
2.779930775010126809e-02
9.547583128812428543e-02
-6.242221100749380247e-02
-6.311941724945197008e-02
-3.770634676271206881e-02
-5.406094375476553499e-02
9.180887819290888263e-01
-1.500233902169510192e-01
-5.426463317289363653e-02
1.438975477782179248e-02
-4.359546912975362232e-02
-1.762459013601136437e-02
-2.232510344563119406e-02
3.319825242595549064e-02
8.706562654507600182e-03
-5.890426373963496276e-02
1.368356312771039883e-02
-2.076389954101934970e-02
4.261652386193051645e-02
2.274978061782191238e-02
6.869142672691097573e-02
-6.596572183717355764e-02
6.033665623957538970e-02
6.863068010895205517e-02
-6.649208548775256689e-02
-2.121022173888438903e-02
1.463520196935760506e-02
-1.075428167554744012e-02
-1.220820750892048778e-02
6.775993670028354968e-03
6.279637070952868994e-02
1.047023317989301434e-02
-5.674309332408025014e-02
1.153651247304493879e-02
1.081203470873641839e-02
-6.384891185695053262e-02
4.306615959629956497e-02
2.171649940132958437e-02
5.805224623336530283e-03
-6.261931291028283164e-03
2.945717663606795683e-02
-6.879197766750858034e-02
-4.557902677523649124e-03
-1.028105793588269569e-02
2.811156202716950936e-02
1.606922215102876000e-02
-4.972719169962828978e-02
1.768716338750655342e-02
-5.179813339925657539e-02
-1.874624318491171712e-02
2.997383236930518599e-02
1.238614877489201225e-04
1.187838241338639023e-01
-2.972892386014344343e-02
4.701092713123689905e-03
-3.610224547478882526e-03
2.291996236343761886e-02
-1.819104315713758122e-02
7.501940652699676249e-02
1.691191451857665395e-02
3.974090936844738853e-02
6.792644190960969719e-02
-1.998989353914366190e-03
1.050033749672369399e-01
-3.941240387021063829e-02
7.028665953449652476e-03
-1.647412863297631480e-02
-2.882671116237371309e-02
1.440110806149923761e-01
-1.599113065870127331e-02
6.339631627817622628e-02
-6.425568569356414350e-02
-5.078782355380885745e-03
2.555199702005099202e-02
-1.812001666448246340e-01
-9.393795011973408993e-02
-1.084364966313619838e-01
1.119243754169843702e-01
6.499823433181232957e-02
-4.737107643770253201e-02
-2.392369632815478583e-02
2.555597896481396659e-03
8.469071790002204170e-03
1.041754562255766264e-01
-6.125546454292556120e-02
-2.679503393954918086e-02
-2.674156593267489404e-02
-2.439571937622116854e-02
-5.731465510180375200e-02
2.690223289545010457e-02
2.061328953384125931e-02
-7.897773303469310391e-02
-2.212111850844691169e-02
4.816463585350743565e-02
-6.525010871378192912e-01
4.840462990403402582e-02
5.578369885239944925e-02
5.814820499398350856e-02
-1.408977152235036182e-02
-2.610337275200748375e-03
-5.764148521641488526e-02
3.877085061460517484e-02
-8.484248787766869582e-02
-4.745840580918795487e-02
-3.333343261532595997e-02
9.376141355094952737e-03
-4.929907650062249555e-03
-2.509780517298894342e-02
-5.391452453357319791e-02
4.128356072632720364e-02
2.883731727149256574e-02
-4.667571311773256043e-02
3.996887788761675775e-02
-7.263758343410454954e-02
6.132960492220262960e-02
2.107029695616302947e-02
-4.071810944499380802e-02
3.281643947844190695e-02
-1.785615374921070697e-02
1.386297228133637552e-02
-4.671581528634912578e-02
-4.300376551777544687e-02
-3.008520116889654150e-02
6.607509413794438943e-03
4.736496594131242577e-02
-2.680205426232486546e-02
3.666173111060808121e-02
2.177558459719310113e-02
-2.205647895048012605e-02
-7.004484071197102368e-01
3.587992032247783875e-02
7.854356667580060514e-02
-2.116025807609369161e-02
2.046426416034240539e-02
1.668590643094143219e-02
-1.661388122349170826e-02
-8.084344954786980633e-03
2.887179527035479282e-02
-1.169561109059283344e-02
-4.047223293640392350e-02
-2.138241627177253981e-02
1.121699680411265693e-01
1.586583755964365849e-02
-7.427530350505147372e-02
5.571232285610465407e-02
-6.971843688941574413e-02
5.033069978540197047e-03
-2.052427314412171022e-02
1.780018197458480347e-02
1.367831475581097501e-02
8.225080087991148287e-03
-1.547517183851386709e-02
-1.366230669796035004e-02
-1.278555238515059200e-01
-1.117272944564906556e-01
4.224429085106509718e-02
-3.569476948955156020e-02
1.225583052117089206e-01
1.206681560206586054e-02
3.054799331857009984e-02
5.555772799551146265e-03
2.814239606664601517e-02
1.209948558276544017e-02
-2.849101314915530869e-02
4.022332212191431777e-02
-6.687247784956692857e-03
-6.533963563012295042e-03
4.318567029492708514e-02
-6.030793737192623183e-02
-8.601692365500202345e-03
-2.796281588427492262e-02
-5.168633411915030812e-02
-7.604707288142155408e-02
-2.936564717090997881e-02
-4.661228763116392025e-03
-2.690232364539649201e-02
-2.724114671446101893e-02
2.642552342707539179e-02
-2.058025422643442598e-02
-2.816607249496640153e-02
1.456709762497617258e-02
4.198868548283811279e-03
6.204411415393871337e-02
-1.951100578119042972e-02
8.347848360655737987e-02
2.468497726783650675e-03
-6.710867320041459527e-02
-7.815676713507910267e-02
9.887363958849600121e-02
1.786499721514010763e-02
-7.639672544408834982e-03
-3.293521486981152574e-02
1.648489646315347279e-02
1.871959737180709238e-01
-1.251125415681292839e-02
5.825426143132863416e-02
-2.216857607656428850e-02
-2.298634013191598255e-02
8.218013226781416269e-03
-2.624096828610488971e-02
-9.807594523282619700e-03
-6.597613015794772176e-03
-1.078027176211637378e-01
2.667827133545200985e-02
9.763079347657739604e-02
-6.948580521915506680e-02
1.090520814407703459e-02
-8.409106901389153121e-02
3.299030474111227379e-02
3.364772760272707885e-02
-1.468716794827308950e-02
-1.866562814599814074e-02
6.001972834026818478e-03
-2.445953520390535540e-02
-2.775834927429827407e-03
2.430752206294081036e-02
7.670379999344738298e-02
6.150260689692146204e-02
4.572738548566765426e-02
-9.540458094560140545e-02
4.763956597139486909e-02
2.178215815100195338e-02
3.340049449878478710e-02
-6.042527007184044646e-02
-4.117714594303993614e-02
-5.218195448019920246e-02
-2.306958808273565711e-02
-7.950252019581884391e-03
4.010073988663982042e-02
1.701344974705430377e-02
4.986756557823818214e-02
2.223404867250047823e-02
3.022238949169605421e-02
8.583761921285265606e-02
-7.683037057251954072e-02
-1.793012775358606564e-02
-5.029932590009054266e-02
-9.402143076272398425e-02
-4.038632764100028721e-02
6.295008715717928527e-02
4.608875177218357128e-02
2.676480024587185331e-03
-4.873048736537361619e-02
4.606612478555089513e-02
1.746998271004098491e-01
5.634298844506528681e-02
-4.889284600022636429e-02
-3.748368827886722904e-02
2.268892230762128287e-02
6.160930091081300020e-02
1.162600727786646942e-01
-4.155272972115659630e-02
1.341374957556948078e-01
1.060531912893454554e-02
-1.097655133077582862e-01
1.363476874307508087e-02
7.508343410455585107e-03
2.430264762735893924e-01
-5.110851292204775242e-02
3.400173616282048394e-02
-7.601427841041090948e-03
-5.704983745055756950e-02
-9.099184386020300885e-02
-2.645450756379860713e-02
-7.206703968462578429e-03
2.276417262855032556e-02
7.345358833664934750e-02
-6.861697104974326042e-03
1.168345339008292072e-01
1.946685383804327152e-01
2.013950733296797704e-02
2.093458157480103735e-02
-6.712826588114753634e-02
-1.928010766759793299e-02
-3.749895288523398540e-02
6.492565299007577173e-02
-5.519011043384244863e-02
1.128481447174037311e-01
-4.859971436570720282e-02
-1.680166287409454728e-01
6.811390802962971613e-02
2.829276872781047447e-02
-2.294615652103983855e-02
-2.548393921410360349e-02
9.225528439264737632e-03
-3.653865964004568943e-03
-1.907266027092070076e-02
-4.323074742214306349e-02
4.826671325474170965e-02
