-1.727336872835609841e-02
1.256171313963644898e-01
-7.751609335534942469e-02
-2.130908766481818054e-02
4.430681912875454598e-02
2.169126789884734396e-02
-4.798487309165134183e-03
-1.810358522169736722e-02
-2.236435038177973789e-02
1.862265849827068775e+00
-1.368182376968027636e-01
4.477052495814228678e-02
8.320200945896294442e-02
-4.400793062015418561e-02
-5.005595925115947226e-02
-3.284684800700085616e-02
-6.285267168124994419e-02
9.421002918489118638e-01
-1.574254605448432986e-01
-3.848469185490719507e-02
-6.491039906495315974e-03
-4.682786882089959302e-02
-4.791867544266868728e-02
-1.071777751979578232e-02
4.556388261771862624e-02
3.703542098903008645e-02
5.187560714481173792e-03
1.380855885711394088e-02
-2.704291595517264567e-03
6.177885385566734937e-03
6.179244897491232777e-03
8.377257690048314775e-02
-4.466650376444393500e-02
5.938229484770612965e-02
7.844152832353536164e-02
-6.301090146578998408e-02
-4.741985649810732777e-03
1.543619489433540291e-02
-4.618569791134965324e-02
-4.184141327670533317e-02
-4.260723531408272535e-03
5.263738394935491699e-02
-4.936632198453959688e-03
-2.090591153900522858e-02
1.594770440733934633e-02
-2.959335978838616068e-03
-7.947607661226446796e-02
1.511941948447634472e-02
1.271314461255214356e-02
1.523310497629621479e-02
-2.781407774286273615e-02
4.506649999669978812e-02
-6.162216030348766777e-02
-5.724376164184813952e-03
2.169127434457752968e-02
3.522493355225668477e-02
1.211316530420546329e-02
-3.433365665688886681e-02
9.526316524060758281e-03
-5.095418034651145317e-02
-1.515658126755988757e-03
9.785710969539576642e-03
-2.005541248135379179e-02
1.148572482184345572e-01
-1.544663375436728346e-02
-5.023170853033776667e-02
-9.888438317189672359e-04
1.332874622228645382e-02
-2.390267975302299598e-03
6.107077105783954851e-02
2.184968460956270009e-02
2.734140375421327193e-02
8.578762388177753329e-02
-1.196867996499298079e-02
5.912511880769873857e-02
-3.920456926468210423e-03
-3.915925443863293781e-04
-4.988923829139128158e-02
-2.177898354375863710e-02
1.617045659558739301e-01
-3.467288684212987276e-02
5.164795577190901821e-02
-8.135872829559355479e-02
-1.860133739791338531e-02
4.212274361628633862e-02
-2.162848433828511996e-01
-9.349474908474068868e-02
-1.055724317185753602e-01
1.328637392578038978e-01
3.014619234045116253e-02
-7.248966139255823282e-02
2.582517249461515133e-03
-1.043365725333376612e-02
3.498940442278159618e-02
9.089177416196569936e-02
-2.600853203256320995e-02
-3.496425962933648324e-02
-1.127142599387315376e-02
-3.059395358194210920e-02
-6.061620097669828677e-02
1.677717212169098707e-02
1.174499916188318990e-02
-7.709323626671008012e-02
-2.624176218493958282e-02
7.667292309291641461e-02
-6.973298932270811656e-01
1.136110436362526219e-02
4.200225143339288147e-02
3.080241923895418385e-02
2.661456173297529690e-02
9.669266705201247369e-03
-7.409770778146423931e-02
2.266388346339842652e-02
-9.749961016223851473e-02
-6.785827963839556609e-02
-2.663246582284782213e-02
-8.822995509405883938e-03
-7.490472931474084252e-03
-5.305303793451440764e-03
-3.623047390658414718e-02
2.007939059763572814e-02
-8.994608778383214945e-03
-3.379540595793107532e-02
4.201978811664495994e-02
-1.638039123450824724e-02
7.311647857281151908e-02
7.166941859238728368e-03
-6.783125484031364560e-02
2.311120424666018511e-02
-1.969637671583618702e-02
2.373355238731969866e-02
-3.630405836235688077e-02
-4.789258742404008118e-02
-8.833719055854194827e-03
1.174814467821264780e-02
6.426220676912364205e-02
-2.382366799243591099e-02
-1.605154297201583785e-02
2.384650736305212598e-02
-3.596720799441397495e-04
-7.292966584234658045e-01
6.431826743310466166e-02
8.341879225648822505e-02
1.482355832048541829e-02
-9.612361650566206631e-03
-6.132892040310462464e-03
8.324274862229821825e-03
-1.555550858289367171e-02
2.372066092695306744e-02
-1.790496434325194314e-02
-2.463006321559637127e-02
-3.452180537236312734e-03
8.937967461541507230e-02
2.770472378172605596e-02
-5.022831807626133849e-02
4.071404647333647098e-02
-6.534809315018613729e-02
-3.236101398589378425e-02
-3.209989745616766144e-02
-2.019469826488506578e-02
-6.857893805581101281e-03
1.234861815920671596e-02
-1.016946396173347075e-02
-1.633621542269688906e-02
-1.152894129414586133e-01
-1.201177976957906873e-01
4.583134604309859611e-02
-2.650125224208278729e-02
1.100388500487331639e-01
-1.552955404459427716e-03
3.246966751101721532e-02
-7.072288997217644757e-03
6.927087000237615311e-02
-4.226107811747138905e-03
-3.434490875321220826e-02
4.067036590846086902e-02
1.304747819143055494e-02
-2.687800517129760106e-02
2.494189475040482773e-02
-8.945287232737680894e-02
1.132345163075942386e-02
-1.201898351763194296e-02
-3.610702957926673756e-02
-8.099061694197784433e-02
-2.932672302790220731e-02
-2.247704135114674331e-03
-5.193351021333682260e-02
4.474779482922407512e-05
2.426303259607472465e-02
-2.057522624341057149e-02
-4.491185403814167143e-02
7.727883677018520733e-03
-4.837815287305617662e-02
4.711130046852036318e-02
4.441353034051606467e-03
6.950933623623810342e-02
-5.465430878670937687e-02
-7.074996741038819259e-02
-5.707793341571033852e-02
1.570309474803967265e-01
-1.367026464174253553e-02
-3.034124873010521015e-02
-7.994780093000027066e-02
9.721579177080674067e-03
1.414285591018797916e-01
-8.766801096523554188e-03
3.980692597317805892e-02
-1.018128220802458003e-02
-2.616469864630040481e-03
3.229481633691113230e-03
-7.269956874455464624e-02
-2.579797581039501228e-02
-2.647212183880765304e-02
-1.401009449474825974e-01
3.386841459514076252e-02
8.656115447531000096e-02
-4.168411167731168876e-02
5.864601627747977747e-02
-1.106719066958038872e-01
5.909737638498975022e-03
4.755978578036856863e-02
8.805901970103913526e-03
-2.166439994686655823e-02
-2.956989464479798085e-03
-3.468665223608052330e-03
4.328871282343471280e-03
2.741542222248501831e-02
6.564808173007111169e-02
5.123505089067271340e-02
2.183667497747604144e-02
-1.229796933028760308e-01
5.688071126071469336e-02
3.145845491412843642e-02
7.370200870266392645e-02
-5.984608662016298319e-02
-3.073516449022146643e-02
-4.315122002718276006e-02
-4.407560648992554786e-02
-4.018092012987441869e-02
5.014318287200010549e-02
2.655692186509935743e-02
4.530987787696142549e-02
1.439849894070010725e-02
1.986364341409323220e-02
9.568555823667374005e-02
-1.036002101686189225e-01
-6.522975813832736225e-02
-9.149627192717088575e-02
-9.899809632664197112e-02
-1.194825666890714580e-03
5.673517956463578621e-02
1.463935654046007173e-02
-1.207198675692934889e-02
-3.687580322392391280e-02
4.103261527333299180e-04
1.620936646069665310e-01
9.270624720856911194e-02
-6.252032983299818381e-02
2.890260579901202543e-03
4.490830458938738917e-02
6.761554203399880447e-02
1.061150418797138090e-01
-2.416561827581427402e-02
1.354311509385808243e-01
3.879324895878252799e-02
-5.941315270667039267e-02
-4.731932996445669358e-03
-9.498834884852100716e-04
3.183032885530982514e-01
-1.952479782408650041e-02
3.419805245958063098e-03
-2.137114930359987341e-02
-6.663544727385833921e-02
-1.012505696306620628e-01
-5.015909952839944091e-02
-1.175086907350346259e-02
1.356219552948906108e-02
6.409529243744994942e-02
-1.510898384730955529e-02
1.488683669826804667e-01
1.911343089407193663e-01
3.198010141213400437e-02
5.765358009261500188e-02
-1.018300407741421637e-01
-4.223843587876994349e-02
-4.414935853468304749e-02
6.140099870659118664e-02
-6.444570381598227482e-02
1.262062969180402783e-01
-6.051178444488202607e-02
-1.684638852097616046e-01
4.724548767947663042e-02
-4.114858805936562162e-03
-2.978538399913314288e-02
-2.786378506545974035e-02
4.288756387976441070e-02
-4.749660043595824860e-02
-3.942258856811421686e-02
-2.350781002483961005e-02
4.492087376324485626e-02
