-2.822958321388453415e-02
1.501128494060225693e-01
-6.533099940434052011e-02
-1.703707878528980604e-02
1.313874617245822628e-02
4.290692210518270988e-02
-7.951773453589022767e-03
1.641982745126649077e-04
1.197898321791593043e-02
1.361422145222437985e+00
-1.152868128707788264e-01
8.970872448244542052e-02
9.323885359867543909e-02
-3.011225303808271608e-02
-2.965728394820212402e-02
-3.600040087718079512e-02
-2.633101862432279949e-02
1.207629743336219530e+00
-1.781725608859785759e-01
-8.355889578482249280e-02
-1.008506936128228046e-02
-4.687380589289684429e-02
-8.895235761764000437e-02
-6.362205502335833637e-03
3.710079056974883299e-02
2.254660182943150210e-02
-5.873931108453172428e-02
-1.517333398748310679e-03
1.641654588854183847e-02
5.836638972218646804e-02
-8.154869503633558822e-03
2.436419852993874577e-02
4.895317325992427438e-04
6.473950502123751449e-02
7.558079769736841813e-02
-7.764834558232021344e-02
-1.163248504612247186e-02
4.180717517361517283e-02
-1.311038327204269195e-02
-4.364925392645269131e-02
1.201737961754932062e-02
4.712839352669168785e-02
1.526204000480476698e-02
-1.701340946853572428e-02
-1.259898976482237698e-02
-3.002909047730094837e-03
-7.260185470772097249e-02
1.111383405302758878e-02
-4.242846509998595556e-02
1.783507656591891768e-02
2.448827425676031525e-02
2.694496393499450082e-02
-4.093471424525666619e-02
1.719027444214972847e-02
-3.552652318702317902e-02
1.164608515471422974e-02
1.107347651816377454e-02
8.032212850265322071e-03
-3.218225412751976166e-03
-6.539405854356322711e-02
2.418100878807978929e-02
2.974560216638681351e-02
-2.558582437406391186e-02
1.646470297105731284e-01
-4.895223786412382372e-02
-3.494730411067199782e-02
-1.331839358702551976e-02
5.006407155921637625e-02
-1.272142145184043845e-02
7.857556117777492188e-02
4.082113409139442178e-02
4.984546997130303442e-02
5.788675289346434383e-02
2.647157188648171025e-02
7.950830166111838571e-02
-7.294458201497815153e-03
3.239420813833012065e-03
-3.793357171900961500e-02
2.985824246083054398e-02
1.089653127084259654e-01
-2.459145882270775268e-02
6.062189806397872555e-02
-5.596930255735005355e-02
2.217889540133699891e-02
5.978452617281657111e-02
-1.879819850489106159e-01
2.599196076819960954e-02
-3.878179341586026480e-02
7.921238592334897688e-02
7.337932698706735313e-02
-4.203612664199439519e-02
5.373581949250836459e-02
-2.311520963584326807e-02
-3.797841929655139392e-02
4.951257119392244582e-02
-6.639394898280814861e-02
-3.059482657039824804e-02
4.815988209672134902e-03
-2.329004919812679986e-02
-1.910975590302561519e-02
1.445465220013719514e-02
4.874582302478001894e-02
-1.048467744618953451e-01
-8.361572514159253209e-04
7.004082063702288252e-02
-6.084112127319744046e-01
8.046600412500584665e-02
2.275410079232948607e-02
4.429215204930261190e-02
2.784839451671503041e-02
-7.723158184922008628e-04
-1.152108013832170985e-01
4.867876448377641413e-02
-4.572346938551637152e-02
-1.903876223634115225e-02
9.975457899508699804e-04
-2.546190862331357968e-02
3.111419745581369550e-02
-2.359944577661343690e-02
-2.672263013747726507e-04
-8.120363057866270603e-04
-1.488385514404428310e-02
-2.643507163179980440e-02
-2.796745599355378916e-03
-7.260569984686175704e-02
2.821686511622124513e-02
-2.639453483803473957e-02
-7.189086391283552868e-02
2.441455956850705628e-02
-3.555497036054767329e-02
9.664518694620854306e-03
6.761868579017575598e-02
-5.224425973861189509e-02
-6.728560703971502369e-03
6.494759389589817300e-02
5.965617965623610380e-02
-7.631694187274022309e-03
1.579801086260091770e-04
3.448662444639137570e-02
-9.205036708337843016e-03
-5.224168069580632512e-01
3.423577625326168494e-02
4.665861236664394646e-02
-1.562439580465952750e-02
3.054463122133228847e-02
-1.936414642344697068e-02
-2.639496334536840794e-02
1.381662763402886733e-02
7.280028217036518812e-02
-3.360667606655589473e-02
9.712401532442781552e-03
-1.132429043070677654e-02
5.441692332922819231e-02
9.600032625977042433e-03
-8.754345978512380333e-02
-3.612103640429189470e-03
-6.368410288527356911e-02
1.025618476632889492e-01
-3.797256874308903296e-02
-3.026864678800958441e-02
6.494705111994220070e-02
5.458973176675013111e-02
-4.625772090227235622e-02
-6.652586068040473866e-02
-1.193871024183262713e-01
-6.923078180031767836e-02
5.032568956999894372e-02
-1.913788026769207284e-02
1.051039017158210687e-01
5.719434788999789437e-02
6.389080910960426296e-02
-1.443073577748736278e-02
8.981108417177554237e-04
-7.124915418365765363e-02
-6.550140820079392023e-02
1.830955987977478383e-02
4.555406900965487671e-02
-3.021544903089238426e-02
5.311031305397428265e-02
-9.503717318259870261e-02
-2.012491263021138135e-02
-3.479616671737146422e-02
-6.258015372512051866e-02
-6.254705581866794317e-02
-5.707754821770202186e-02
-2.104780030159603132e-02
-5.885027734365858715e-02
3.204304994928301731e-02
3.694082021194361465e-02
-4.241359161043431296e-03
-3.272853027423738154e-02
-5.359878284720109680e-03
-5.796755223630092879e-02
4.328135467005803788e-02
2.320802575267370133e-02
6.493349886133603643e-02
-6.066942238399815335e-02
-6.472935225414511162e-02
-1.381126329355444604e-01
1.187370853603063325e-01
-3.908668923898559779e-03
-8.820261261949755016e-02
-3.508647186578537497e-02
9.297466454389084756e-02
1.528224212588635833e-01
-6.830161221142144745e-02
1.916657883218565034e-02
4.492706850888406739e-02
-6.652847171842456164e-02
3.024433613861277417e-02
-4.312529801256698853e-02
-5.497089189676405974e-02
-6.769894521377190812e-03
-1.272436186916407197e-01
2.127400360960865489e-02
6.666269164219185139e-02
-7.987872625406614024e-02
7.684109489999942089e-02
-9.020249062631637005e-02
4.042001694649376142e-02
6.751676389250485522e-02
2.786689174995173393e-02
-5.348112044680676525e-02
-3.167438223640331452e-02
-2.722448810671039229e-04
3.401918293638547114e-02
1.204799075310883719e-02
1.816448657942455313e-03
8.836801073686258168e-02
7.642320883477451976e-02
-2.483102870281528665e-02
-5.099036729226147369e-02
5.775739509957641959e-02
2.109455473677263049e-02
-9.905367526283610780e-02
-1.413597700951885021e-02
-5.758517514545938298e-02
-4.235137948737450336e-02
-7.826420203570007283e-02
2.276416357288180842e-02
2.942926376909474340e-02
1.850780594098107995e-02
3.290353266930770570e-02
3.916881266948322310e-02
3.771402455824664907e-02
-1.124973558240797145e-01
-1.135463303500386205e-02
-8.001024372491574721e-02
-8.808353328818656347e-02
-2.813694849849202040e-02
6.442477495480447569e-02
5.260246901583452012e-02
3.157532562443688545e-02
-8.154404858848084137e-02
3.321768853591362120e-02
1.962146279194261766e-01
1.173258107404460404e-01
-3.047603005392747824e-02
-3.984147634008755601e-03
-1.623897102111172136e-02
4.254030265735794791e-02
9.351106431074629466e-02
-8.046340737056381989e-03
5.359800010713826335e-02
1.857468022383120670e-02
-1.035599383717324684e-01
2.923976639928418594e-02
3.922623265219483263e-02
3.392550380578502889e-01
-6.161033307383691204e-02
4.016091284540204698e-02
-3.453141301490240934e-04
-3.255677596475626406e-02
-1.198928781944021971e-01
-4.497435857822774941e-02
-5.355609780333656783e-02
1.759551382760028010e-02
5.283182328110739429e-02
-5.945603245082609761e-02
1.461447800813519549e-01
1.497804077031312242e-01
3.383582179159305009e-02
3.586326737136164206e-04
-7.500328408020523474e-02
3.311297205624831770e-03
-8.485567895855759823e-02
2.963758975114670971e-02
-9.286392110857749627e-02
1.294894541945542932e-01
-5.024339991436480718e-05
-1.208730401560050016e-01
2.051067492898890621e-02
5.325941646579766126e-02
-4.462896738371293498e-02
-1.020488215431273465e-02
-1.139445850659503642e-02
-4.720880149949685523e-02
-1.174706647878772173e-02
-2.853411194906069204e-02
6.624602825122569150e-02
