-3.354293258584349624e-02
1.470533872578773382e-01
-9.233940899847589701e-02
-3.236961349479569594e-02
3.987913446458705991e-02
3.950601247340319172e-02
-8.115673627502517293e-03
-3.357984907665717556e-02
1.196914460748654298e-02
1.288863545029481639e+00
-1.077065439718624118e-01
1.130035311641231499e-01
8.185096334226008019e-02
-4.451043932571669554e-02
-3.058336666619420469e-02
-1.306358909998774423e-02
-3.333631748419198931e-02
1.110896291621088050e+00
-1.734408975547610809e-01
-6.036163140366118673e-02
-1.761324696179397686e-02
-3.238694649559943628e-02
-7.506202882377070729e-02
1.403863960344074388e-02
3.406633905449594352e-02
1.494943798868510025e-02
-6.425571378039873771e-02
-1.257731814588141338e-02
4.600146496099690591e-02
4.284238389117153017e-02
-1.758967056329373627e-02
2.683207636400359447e-02
-9.785815079900899924e-03
6.493785627426229556e-02
9.219199707018221890e-02
-5.407021458580681117e-02
1.204585013828881647e-02
5.946800154786758413e-02
-2.486493710198584006e-02
-2.571607635368586622e-02
-2.410935082108268002e-03
1.659343175281726215e-02
4.349116638367606091e-02
-2.985770928624669959e-02
-3.332073993010625096e-02
-1.784587052101189704e-03
-7.713664767232064623e-02
3.969893574202595921e-02
-2.594386266385385192e-02
1.097370291312181438e-02
2.174281323370507585e-02
4.159467489569715348e-02
1.597656911956484970e-03
6.085669261879143518e-03
-2.792406355678543964e-02
1.794364059821559540e-02
1.286610297264155489e-02
1.016643680193798222e-02
-3.897181684683781455e-03
-5.771719259633214388e-02
-9.700892902273610665e-04
-1.323047052824472686e-02
-3.268891142150043370e-03
1.357155854799765304e-01
-5.741808271399175684e-02
-4.575647755279341200e-02
2.291434756630859534e-02
5.855908399839251932e-02
-1.788799717117089266e-02
6.846942424786892079e-02
2.714385216895310454e-02
7.292900147533083743e-02
6.150255452345855522e-02
7.978131608817216544e-03
8.633867331322869765e-02
1.410801720267435520e-02
5.913207613732624802e-03
-3.259799418163536466e-02
3.515776443919085836e-02
1.177166873924455071e-01
-2.605505832590595747e-02
5.815467988155665485e-02
-5.488044280977361772e-02
3.130044873777713954e-02
2.147807135042171384e-02
-1.792117771962794537e-01
7.230015421355152905e-02
-1.157655295349643843e-01
9.804626531609349216e-02
2.440591384009564713e-02
-3.704518231945852502e-02
5.214120662281389318e-02
-3.680267989427143168e-03
-7.147394784190656825e-02
5.156091912089625501e-02
-4.156709581813118615e-02
-5.596287275136069272e-02
-7.185695602699117800e-03
-2.602779190675358692e-02
-1.255666884893554339e-02
2.908763812727615389e-02
2.041554407097512583e-02
-9.312922323352165743e-02
-2.276044349775240092e-03
5.504479040213708374e-02
-4.073138723619967316e-01
9.617992256701729525e-02
7.442599041847869183e-03
4.897274254372215030e-02
5.972517612048437730e-02
1.471308614072796943e-02
-1.314098361920039426e-01
4.340032934395093855e-02
-3.549847091797343757e-02
-3.390744670007803802e-02
9.759377531230406522e-03
-1.256889672407978352e-02
-2.514659510818815016e-03
-2.433102237946392979e-02
-4.239883233546663799e-02
3.592303905984240136e-03
-3.714762354592993782e-02
-1.449120777183356308e-02
-7.220498392362546640e-03
-7.346141315766654967e-02
3.798572722158393561e-02
-9.373419446582102049e-03
-6.805375140070969719e-02
3.792918815845861685e-02
-3.591542371051332366e-02
3.337051124132060093e-02
6.283348928040206893e-02
-3.130479664384121230e-02
1.155135073124549834e-02
3.403668861493990005e-02
6.824212158118446447e-02
1.365618345586763933e-02
-1.805507075407790027e-02
4.459613052905138375e-02
2.424470382376549878e-03
-5.424771988640911813e-01
6.230038714406966466e-02
7.249799533847149646e-02
-1.150525559903476172e-02
2.986255874851591330e-02
-1.137284883194985413e-02
-3.353886151274979022e-02
-1.141935290345285313e-03
3.732112616746651595e-02
-3.881337963839178590e-02
4.856821548047885601e-03
-1.323928236595604260e-03
6.111337296313465450e-02
1.556557861712434300e-02
-8.654964609151970245e-02
-1.597335358248179113e-02
-7.682795611234692623e-02
5.595413134321389204e-02
1.059498563907796537e-02
2.589815947420521353e-04
4.596921229151936655e-02
3.193866272453042832e-02
-6.065211061104292672e-02
-8.744190806675382344e-02
-1.237497832234999012e-01
-7.141066056802113093e-02
2.435007662997168421e-02
-3.165841005276006509e-02
1.019592635268536107e-01
5.753235936416117163e-02
6.825984540500520947e-02
-4.496910596160388213e-03
-6.893907952425061894e-03
-4.836525050296316963e-02
-5.654930920207905387e-02
-7.674177963709945954e-03
3.808354045216243156e-02
-3.011076718975114197e-02
6.001054206006042890e-02
-1.117722432490795281e-01
3.341662744133459947e-04
-2.724848688960740048e-02
-5.648738980875309817e-02
-7.345816281290853955e-02
-7.384322770412009296e-02
-2.134827902647758180e-02
-7.778247619418839076e-02
2.113062643145443772e-02
4.940072631591672925e-02
1.693870597561097577e-02
-1.698804738150663102e-02
1.925694923709262568e-02
-2.369712047333148719e-02
5.157609282453109317e-02
4.159830303603825885e-02
2.525324582423844888e-02
-6.703778742687961645e-02
-9.400692053765574707e-02
-1.110410915488847655e-01
1.444675719030975580e-01
1.286711605918092237e-03
-9.127230583287199162e-02
-4.621483478712547915e-02
5.743994926179264021e-02
1.499543883484298623e-01
-7.421461378973680245e-02
1.484978951835596618e-02
1.815064163759638055e-02
-4.220510787965902483e-02
4.181244473762539592e-04
-2.634230672968053757e-02
-5.375270996679984425e-02
7.988677316559139596e-03
-1.409456833128785169e-01
3.412652254225474052e-02
5.912231207561831348e-02
-5.109255681732911142e-02
5.473226226287986051e-02
-1.405076228205624223e-01
7.202315840025612370e-02
5.537936095955284244e-02
7.811756622053090023e-03
-4.372147838759137678e-02
-2.146923223652066892e-02
2.686833008411761842e-02
3.352096507542988435e-02
6.270533027098313186e-03
-1.522871360291297611e-02
7.314525036435126637e-02
5.668226719246084733e-02
-6.165322982394413204e-02
-5.161394077686861509e-02
8.154849238197353634e-02
3.689455261499159644e-02
-6.968356154618339515e-02
-3.288051362690429941e-02
-8.044960227765400596e-02
-4.650787062841005987e-02
-6.261149529303179639e-02
3.930237739725627594e-02
1.594403859934866857e-02
1.034968964353397310e-02
3.723146159679237375e-03
7.607089284612536528e-02
3.744916630155111642e-02
-1.191145961870681141e-01
-3.660806305924168419e-02
-7.736562436426122624e-02
-1.015976415029448271e-01
-3.837656977973006450e-02
7.366196398883767538e-02
6.210907927725047017e-02
1.887113689686107515e-02
-8.479728687535018072e-02
1.534691639597396060e-02
2.013586232649542396e-01
1.233325145156879549e-01
-5.330450761719270764e-02
-1.602077384898452665e-03
-9.578936986927542863e-03
5.267734740810343930e-02
1.221254315728302342e-01
-1.438914067697946112e-03
7.433402324886276280e-02
1.291676747729266113e-02
-1.001219068182045563e-01
1.113618595400836346e-02
1.893693195177223107e-02
3.279812813492169465e-01
-6.919791183783116639e-02
2.647039083135455453e-02
3.676030409443910036e-03
-4.722416128338358110e-02
-9.399268806612016969e-02
-6.482425053693871564e-02
-4.211308860030749113e-02
-3.029046924139480734e-03
4.040537765697119893e-02
-8.444559175607307955e-02
1.458607777940823247e-01
1.720612011127304608e-01
3.589869648538592667e-02
1.697038218113844366e-02
-7.112065034825978960e-02
7.046157943983284710e-03
-9.183133907638203752e-02
4.790476979690543036e-02
-9.461536032423094322e-02
1.526046243638443378e-01
2.576125875130899634e-02
-8.945594934766948336e-02
8.698813323229602490e-03
9.431087011168992271e-03
-3.754054397978309060e-02
-4.051293215124830011e-02
5.041149560047924680e-03
-4.160090852281822515e-02
-5.066891443748165746e-02
4.136480175346133985e-03
3.521381497354492823e-02
