-3.050499832823674526e-02
1.410881161134918960e-01
-5.808577453634067300e-02
-7.410756887487228439e-02
3.798684284627228125e-02
1.927477901240918362e-02
2.565823495557189530e-03
-7.425675822489782862e-02
-2.292825103631584288e-02
1.547515502610966154e+00
-1.548154320155522845e-01
1.349476121722102406e-01
1.108691439507889648e-01
-5.593021984795380069e-02
-7.097379433498410273e-02
-1.572382096901074177e-03
-5.880440547309569860e-02
9.710525102168237055e-01
-1.372788793776251459e-01
-3.238758057278067620e-02
-2.424603532697383254e-02
-3.207279464716483036e-02
-6.415549460246622315e-02
1.245593468194814910e-02
7.666128147526676817e-02
1.560370940763707547e-02
-5.208126764885344373e-02
-1.250042126660233857e-02
3.879107404802616815e-02
1.148318921765914200e-02
1.182574894550317800e-02
3.856770851809938894e-02
-5.524469159737200458e-02
5.770860789568906662e-02
7.227160587715689144e-02
-5.805288802645022089e-02
6.139726538110881239e-03
3.616491744948348297e-02
-3.161367502341355662e-02
-1.206110013385192081e-03
-3.014091035269326688e-02
2.424729912678084964e-02
6.963664979530877208e-02
-5.073492175970598095e-02
-2.090719125370714762e-02
5.244925095472315058e-03
-6.511683053198433213e-02
3.258709742433164858e-02
2.935791985646781649e-02
2.727203490393347723e-02
5.610702641097705702e-03
3.858528254129299506e-02
-1.535921403181405437e-02
-5.544636189727835361e-03
1.053075808809704646e-02
2.556316693154728203e-02
3.880823511908985252e-02
-2.443253171472357932e-02
-2.831083226926562908e-03
-5.495591334146895240e-02
-1.928708166009195091e-02
-3.069306615127284643e-02
8.623100780496153681e-03
1.580314699455102612e-01
-5.115068972428766375e-02
-6.428377582585990957e-02
4.114384247910517906e-02
2.494061630583334355e-03
-3.209664332554063720e-02
7.981931210267907695e-02
-9.817194822278706504e-03
6.663526937116868998e-02
4.030262573256045144e-02
-2.274673640328783025e-02
5.638532635301964080e-02
5.945765139878249166e-03
2.441083094172153550e-02
-2.103693998148200781e-02
3.416135755268936633e-03
1.145159048097116605e-01
-1.380913169636522296e-02
6.185715270781302899e-02
-4.261360008230219432e-02
1.214700353065756647e-02
3.403135428080589372e-04
-2.009251458025882731e-01
7.194148806440855970e-02
-1.661655404806164082e-01
1.165818960012487276e-01
3.798847802584714300e-02
-3.724067437688017949e-03
-1.644195788752979975e-02
3.309594036461289274e-02
-5.371163591568282186e-02
1.309403912192076413e-01
-9.712869118231354237e-02
-3.679913431930412204e-02
6.762199215645929920e-03
-4.329395950253291797e-02
-3.602044794829861729e-02
2.127086800930245557e-03
3.058677116443410046e-02
-1.289780205258826140e-01
1.864958888813996948e-02
2.192941545046259502e-02
-3.550956851657395830e-01
1.431815201205798027e-02
3.059424033215319555e-02
8.757992979481211970e-02
3.219727615666505977e-02
4.468112390825434294e-02
-7.570823230325519904e-02
3.860606040785702353e-02
-9.319524731453626698e-02
-6.982154148988251041e-02
-3.289992944893006810e-02
-1.100964242530499656e-03
-6.568415469973890031e-02
-2.817330223461977923e-03
-5.353324059555568393e-02
5.903801443303723778e-02
1.356451576069218901e-02
-1.043921921117606927e-02
2.449467962453173026e-02
-1.054560122282608703e-01
7.322947190018730401e-02
2.906053889310648147e-02
-3.143456743014956534e-02
6.321738930887445262e-02
-1.540201832154969308e-02
7.001953125000000278e-02
-1.663361201966738478e-02
-2.584449542016687557e-02
-2.776823430316295929e-02
5.453852544051183797e-03
5.776776259542797110e-02
-1.313980142379242780e-02
-3.984756079985667804e-02
3.151582476905721159e-02
1.511650765330556888e-02
-5.209146008343739087e-01
5.939824726487115403e-02
1.097404266056022232e-01
-4.932506023003817297e-03
-9.906461769612399937e-03
4.410057695786979287e-02
-1.976214289895277670e-02
-3.930049900137643631e-02
2.440911538891332722e-02
-5.101199878143092281e-02
4.496522111618798598e-03
-2.514441407136876888e-02
9.064640145199512333e-02
1.680753138214468104e-02
-4.689219432895334189e-02
4.992399463616755545e-02
-8.143190957046769762e-02
-3.369585172125099531e-02
1.602729159054305103e-02
4.957340104935293451e-02
2.579998804933164927e-02
-1.939021160443154743e-02
-1.704996338306348502e-02
-8.264103894986661591e-02
-1.520016815189011161e-01
-8.445663149016630067e-02
4.092546840411794701e-02
-2.386534057852764124e-02
1.325174470889147471e-01
4.096160310123169584e-02
3.631690323373112927e-02
-4.526947537674537621e-03
7.534353182824383814e-03
6.088356263170124211e-03
-2.846274772693409977e-02
7.558448523881825670e-03
3.249987583721194312e-02
-2.173668875138352885e-02
2.953667824189039684e-02
-1.058776779252752903e-01
2.340918922142836908e-02
-4.190069781704081064e-02
-5.865985559867748639e-02
-7.930231266495912923e-02
-6.485884908190486797e-02
-1.615704308980871889e-02
-7.991675217639629403e-02
5.254404009748552679e-02
6.146195474798501340e-02
-3.087685202101543916e-02
-4.217718728271512008e-02
3.377729752153337678e-02
-1.012672513523766530e-03
5.656230266985469435e-02
-7.780831560318282429e-03
1.472031472827860753e-02
-6.855449903862527450e-02
-8.728079170628050276e-02
-5.227592053404189060e-02
1.682332943403053727e-01
7.550086936123566808e-03
-4.245389846765382225e-02
-5.016605110008229979e-02
3.585846816820865285e-02
1.308414157395845212e-01
-5.805790996778862484e-02
3.704433365379157517e-02
-2.311824088822510975e-02
-1.843792597813670789e-02
2.725907056282104914e-03
9.503207778887358750e-03
-2.251250385791520037e-02
-6.114299755548967697e-04
-1.263839383904245550e-01
5.119840925296571810e-02
7.203161694538255666e-02
-3.873544468459104440e-02
6.762553412170790867e-02
-1.420810525811669889e-01
6.821046834203654818e-02
2.484960227998353824e-02
2.326256072890651658e-02
-3.652356221708621953e-02
-2.775702916583891455e-02
4.072030325430667230e-02
2.351354970768532171e-02
7.596571072775357668e-03
4.628030181756584427e-02
5.798953174665115451e-02
6.974097702367607066e-03
-6.098038050573277580e-02
-2.392340608238023580e-02
3.078147947943864204e-02
4.097432424402599332e-02
-7.791081364761891226e-02
-3.185462011951555039e-02
-5.388130658275627066e-02
-2.562776761071773254e-02
-2.933685652635089139e-02
5.159635098869054526e-02
8.478781113032924721e-04
1.982031233371055190e-02
1.835477709675473884e-02
6.473141593469747268e-02
8.819659204187478563e-02
-1.307970275428539109e-01
-3.802122041821574816e-02
-8.729842947376262319e-02
-1.225686708905664724e-01
-2.972067197344335429e-02
8.575197086254114642e-02
4.981017505179362315e-02
-2.292845058365379149e-02
-6.207769686010046473e-02
5.859621662681632412e-03
1.832776781026506929e-01
9.242298803070722601e-02
-8.050900313244976902e-02
1.114111380783325278e-02
2.855260223031842390e-02
5.010132016084402340e-02
1.231727228544670233e-01
-3.604750254866294617e-03
1.523317771597230141e-01
-8.328016690139345563e-03
-1.260501732957770571e-01
-6.025832123485214305e-03
-5.023547140176240489e-02
2.729068149406856381e-01
-8.017775455145305374e-02
1.121399293003781661e-02
-1.728528512432242481e-02
-2.058476294219689987e-02
-5.861417034425019795e-02
-4.894165634933023146e-02
-1.811309478409865031e-02
-1.546904474804709642e-03
5.402166042009592245e-02
-4.715432747225848514e-02
1.159015615244352315e-01
2.187350782935066351e-01
-1.196412948138977222e-02
8.265793395781302622e-02
-1.112732051382109150e-01
-7.957280601027712577e-03
-3.339798574699880812e-02
5.313879093824497996e-02
-8.353957844072823491e-02
1.091673599088999885e-01
-1.770895183769794975e-02
-1.418032272569247354e-01
1.411206949879030038e-02
-1.419847765335878129e-02
-1.451035489937492831e-02
-6.211781141800998968e-02
1.932732647806930520e-02
-2.948088813198859043e-02
-7.234597051843284776e-02
-9.733638531748424125e-03
-7.870538481817247398e-03
