-4.576186463236808777e-02
1.719078421592712402e-01
-8.223908394575119019e-02
7.793219992890954018e-04
1.455247774720191956e-02
2.877005189657211304e-02
-9.070409461855888367e-03
-2.161093987524509430e-02
-1.038288231939077377e-02
1.416039586067199707e+00
-6.873039156198501587e-02
8.765345811843872070e-02
9.404497593641281128e-02
-2.671743743121623993e-02
-4.900801554322242737e-02
-2.904081344604492188e-02
-4.806410288438200951e-04
1.171779870986938477e+00
-1.724492907524108887e-01
-9.432365000247955322e-02
3.122155787423253059e-03
-5.751453340053558350e-02
-1.150788143277168274e-01
-1.943957526236772537e-03
3.957842290401458740e-02
2.851429022848606110e-02
-6.170306354761123657e-02
-2.061014808714389801e-02
8.178071118891239166e-03
6.662148982286453247e-02
-2.937658317387104034e-02
3.089895099401473999e-02
-1.221857685595750809e-02
4.517358168959617615e-02
8.107291162014007568e-02
-5.424750596284866333e-02
-1.847573183476924896e-02
4.861197620630264282e-02
2.673938870429992676e-03
-3.753270208835601807e-02
6.743417587131261826e-03
3.907493501901626587e-02
2.661921642720699310e-02
-3.356264159083366394e-02
-1.562080346047878265e-02
-1.398971676826477051e-02
-7.809209078550338745e-02
-9.983652271330356598e-04
-4.491362348198890686e-02
-4.279508721083402634e-03
2.593989297747612000e-02
4.890438169240951538e-02
-2.947341650724411011e-02
4.639450460672378540e-03
-1.438193581998348236e-02
4.472290747798979282e-04
1.627463102340698242e-02
-1.260058023035526276e-02
-2.727283397689461708e-03
-5.919009819626808167e-02
1.710054837167263031e-02
2.369058132171630859e-02
-7.951917126774787903e-03
1.676862388849258423e-01
-5.100741982460021973e-02
-6.622841209173202515e-02
-7.818220183253288269e-03
8.440275676548480988e-03
-2.163169160485267639e-02
7.777392864227294922e-02
3.682576864957809448e-02
3.284045681357383728e-02
3.008370473980903625e-02
3.156651183962821960e-02
7.275038957595825195e-02
-1.365548931062221527e-02
-1.992362551391124725e-02
-6.078995019197463989e-02
2.964854426681995392e-02
9.068103879690170288e-02
-2.108364738523960114e-02
4.904942214488983154e-02
-8.226695656776428223e-02
8.188574574887752533e-03
5.489205196499824524e-02
-2.128870636224746704e-01
1.420506834983825684e-02
-9.198906272649765015e-02
6.015574932098388672e-02
5.846147984266281128e-02
-2.762136422097682953e-02
7.976669073104858398e-02
-8.043605834245681763e-03
-4.116174206137657166e-02
1.585379242897033691e-02
-4.608497768640518188e-02
-6.497384980320930481e-03
-8.564797230064868927e-03
-7.644872646778821945e-03
-2.858431264758110046e-02
3.150893747806549072e-02
4.390238970518112183e-02
-1.149745658040046692e-01
-1.193877495825290680e-02
5.273015052080154419e-02
-5.777172446250915527e-01
6.701726466417312622e-02
3.060506470501422882e-02
4.343884810805320740e-02
3.440561518073081970e-02
1.519662793725728989e-02
-9.005500376224517822e-02
3.693491593003273010e-02
-2.610498480498790741e-02
-3.857513889670372009e-02
3.800462698563933372e-03
-2.819504588842391968e-02
2.396166697144508362e-02
-3.814546391367912292e-02
-5.062763229943811893e-04
-1.593966968357563019e-02
-2.735300175845623016e-02
-2.700476348400115967e-02
-1.892442256212234497e-02
-5.939626321196556091e-02
1.915060915052890778e-02
-1.502780057489871979e-02
-6.971785426139831543e-02
-6.631360389292240143e-03
-1.293910294771194458e-02
-1.500408980064094067e-03
6.895780563354492188e-02
-4.456547647714614868e-02
-1.897349767386913300e-02
5.470335483551025391e-02
3.490560874342918396e-02
-1.240811496973037720e-02
3.081107512116432190e-03
4.468189924955368042e-02
-2.414273656904697418e-02
-5.726447701454162598e-01
7.261099666357040405e-02
5.810785293579101562e-02
-1.541634323075413704e-03
3.429139778017997742e-02
-3.162467107176780701e-02
-2.620881237089633942e-02
3.086122917011380196e-03
6.793098151683807373e-02
-4.899167641997337341e-02
4.112567112315446138e-04
4.271422047168016434e-03
6.449119001626968384e-02
1.127740740776062012e-02
-8.977270126342773438e-02
-1.261872891336679459e-02
-7.982472330331802368e-02
6.479253619909286499e-02
-3.625087812542915344e-02
-2.727542817592620850e-02
4.698463156819343567e-02
1.534602511674165726e-02
-1.950417459011077881e-02
-5.945026502013206482e-02
-1.210512742400169373e-01
-7.378488034009933472e-02
5.806878581643104553e-02
-3.643257915973663330e-02
1.004102826118469238e-01
4.942002519965171814e-02
8.469056338071823120e-02
-2.863327041268348694e-02
-1.410698611289262772e-02
-6.630430370569229126e-02
-7.402056455612182617e-02
-5.006779916584491730e-03
1.881791464984416962e-02
-1.225604582577943802e-02
6.403529644012451172e-02
-1.192523166537284851e-01
9.583637118339538574e-03
-3.515142574906349182e-02
-5.431423336267471313e-02
-5.266761779785156250e-02
-8.568356931209564209e-02
-2.810102887451648712e-02
-6.860030442476272583e-02
3.901258856058120728e-02
3.536352887749671936e-02
-1.574384048581123352e-02
-2.121415920555591583e-02
3.093330888077616692e-03
-4.928020015358924866e-02
6.007982045412063599e-02
3.529679402709007263e-02
6.384512037038803101e-02
-8.556703478097915649e-02
-7.833692431449890137e-02
-1.423671245574951172e-01
1.162992417812347412e-01
-2.839739434421062469e-02
-6.968899816274642944e-02
-1.680430956184864044e-02
6.618128716945648193e-02
1.655561476945877075e-01
-4.108953475952148438e-02
9.533900767564773560e-03
9.538060054183006287e-03
-3.852717578411102295e-02
-8.647504146210849285e-04
-4.114691913127899170e-02
-5.783613398671150208e-02
-2.085708267986774445e-02
-1.589362472295761108e-01
2.035622484982013702e-02
4.801283776760101318e-02
-5.498951300978660583e-02
7.921313494443893433e-02
-8.381265401840209961e-02
2.582976967096328735e-02
5.818809196352958679e-02
-2.908538095653057098e-03
-5.261145904660224915e-02
-2.261685207486152649e-02
2.209976129233837128e-02
2.621391788125038147e-02
4.229070246219635010e-02
7.505401037633419037e-03
8.343140780925750732e-02
6.606794893741607666e-02
-5.099593475461006165e-02
-7.250874489545822144e-02
8.162079006433486938e-02
5.690150335431098938e-02
-6.328917294740676880e-02
-2.166838012635707855e-02
-4.931755736470222473e-02
-2.666604146361351013e-02
-7.780594378709793091e-02
4.555124416947364807e-02
3.686913102865219116e-02
2.785838022828102112e-02
1.847497932612895966e-02
7.393567264080047607e-02
2.711418829858303070e-02
-1.208006739616394043e-01
-4.935333877801895142e-02
-7.899750024080276489e-02
-9.139417856931686401e-02
-4.664498195052146912e-02
3.708633035421371460e-02
1.570857688784599304e-02
4.338636994361877441e-02
-7.323861867189407349e-02
1.567031256854534149e-02
2.059000879526138306e-01
8.527932316064834595e-02
-3.760583698749542236e-02
3.689905628561973572e-02
1.756417565047740936e-02
5.058361589908599854e-02
9.832935780286788940e-02
-1.341633219271898270e-02
8.805166929960250854e-02
3.804126009345054626e-02
-6.112743914127349854e-02
3.121184371411800385e-02
4.888417199254035950e-03
3.081201016902923584e-01
-5.999296531081199646e-02
7.798402756452560425e-02
8.564505726099014282e-03
-5.690796300768852234e-02
-9.937167167663574219e-02
-6.798373162746429443e-02
-4.437171667814254761e-02
3.612723900005221367e-03
5.471726506948471069e-02
-7.912864536046981812e-02
1.641756296157836914e-01
1.678843796253204346e-01
5.782605335116386414e-02
4.080673679709434509e-03
-9.584544599056243896e-02
-7.464884314686059952e-03
-7.759482413530349731e-02
6.165024265646934509e-02
-9.680129587650299072e-02
1.432040631771087646e-01
4.120189696550369263e-03
-1.247164830565452576e-01
1.393910590559244156e-02
4.807458072900772095e-02
-4.744711145758628845e-02
-1.445190515369176865e-02
5.620636045932769775e-03
-2.320480905473232269e-02
-4.064672812819480896e-02
-1.694537885487079620e-02
5.913043767213821411e-02
