-6.582201272249221802e-02
1.636847555637359619e-01
-9.516041725873947144e-02
-4.693552106618881226e-02
2.337581478059291840e-03
8.957382291555404663e-03
2.391462586820125580e-02
-2.819355204701423645e-02
7.007997948676347733e-03
1.654126405715942383e+00
-1.370329558849334717e-01
9.621295332908630371e-02
1.070617809891700745e-01
-5.832092463970184326e-02
-7.707192748785018921e-02
-2.046517096459865570e-02
-2.792945876717567444e-02
1.080402374267578125e+00
-1.821519732475280762e-01
-3.484866023063659668e-02
-1.270137913525104523e-02
-2.505223453044891357e-02
-7.151757925748825073e-02
-3.223323822021484375e-02
6.812404096126556396e-02
4.366024956107139587e-02
-1.714781671762466431e-02
-8.213289082050323486e-03
7.094798237085342407e-02
-1.445822045207023621e-02
2.876279689371585846e-02
3.011230938136577606e-02
-1.970787346363067627e-02
7.085581123828887939e-02
6.813255697488784790e-02
-6.636277586221694946e-02
1.969165727496147156e-02
4.253227636218070984e-02
-4.431173205375671387e-02
-3.176284581422805786e-02
1.683493319433182478e-04
-6.975822616368532181e-03
5.716098472476005554e-03
-1.075447443872690201e-02
-3.715148568153381348e-02
1.159035973250865936e-02
-8.982328325510025024e-02
4.894990846514701843e-02
2.880738116800785065e-02
-4.831883998122066259e-04
-2.126416750252246857e-02
8.275291882455348969e-03
-1.235632132738828659e-02
-3.360602259635925293e-02
-3.499269485473632812e-02
3.829953819513320923e-02
-2.543888520449399948e-03
3.750553878489881754e-05
-5.515499971807003021e-03
-4.745477437973022461e-02
1.616914942860603333e-02
3.683120012283325195e-03
-4.552236932795494795e-04
1.521065533161163330e-01
7.036253809928894043e-03
-5.998039245605468750e-02
3.542025014758110046e-02
-1.725609763525426388e-03
1.697853766381740570e-02
1.164772957563400269e-01
-3.060637391172349453e-04
4.686761647462844849e-02
9.994570910930633545e-02
-1.333937607705593109e-02
6.554196774959564209e-02
-2.006946317851543427e-02
1.660260744392871857e-02
-3.877604007720947266e-02
-5.060044582933187485e-03
1.140847355127334595e-01
-3.992715850472450256e-02
5.138623714447021484e-02
-3.639359027147293091e-02
2.827529981732368469e-02
3.054090961813926697e-02
-2.615323066711425781e-01
1.582089439034461975e-02
-7.349871098995208740e-02
1.213309913873672485e-01
6.102015450596809387e-02
-8.685151115059852600e-04
-1.701923552900552750e-03
6.187552586197853088e-03
-2.452873624861240387e-03
1.029187068343162537e-01
-1.060747057199478149e-01
-1.880221627652645111e-02
-1.004346762783825397e-03
-6.233195215463638306e-02
-2.358196489512920380e-02
1.065590791404247284e-02
3.578749671578407288e-02
-1.060430333018302917e-01
-9.916577488183975220e-03
7.251857966184616089e-02
-5.389750599861145020e-01
1.293157692998647690e-02
1.502178516238927841e-02
8.848664909601211548e-02
6.961629539728164673e-02
2.880575321614742279e-02
-5.598555877804756165e-02
2.655086666345596313e-02
-1.033032536506652832e-01
-4.652031511068344116e-02
-4.322536662220954895e-02
3.346313163638114929e-02
-1.284191291779279709e-02
4.267901554703712463e-02
-5.239578709006309509e-02
6.834442913532257080e-02
1.485114358365535736e-02
-1.319772470742464066e-02
1.150477956980466843e-02
-5.820364132523536682e-02
9.201866388320922852e-02
3.477105125784873962e-02
-2.708968706429004669e-02
1.770338602364063263e-02
-1.847806572914123535e-02
6.953740119934082031e-02
-4.598996415734291077e-02
-2.865635789930820465e-02
-1.846075430512428284e-02
3.705437853932380676e-02
5.011727288365364075e-02
2.120076306164264679e-02
-4.756549000740051270e-02
5.426372960209846497e-02
3.856903314590454102e-02
-5.186741352081298828e-01
7.493893057107925415e-02
8.759559690952301025e-02
-5.514091812074184418e-03
-2.186656184494495392e-02
3.605525940656661987e-02
-3.113577142357826233e-03
-1.189478114247322083e-02
2.593474229797720909e-03
-3.373380005359649658e-02
-3.260118141770362854e-02
-3.258729353547096252e-02
1.220529749989509583e-01
4.161863774061203003e-02
-5.537261813879013062e-02
4.873382300138473511e-02
-5.275380238890647888e-02
-2.615105733275413513e-02
-2.710933610796928406e-02
-6.613944470882415771e-02
1.087456475943326950e-02
2.035097405314445496e-02
-3.648132830858230591e-02
-7.437316328287124634e-02
-1.201365366578102112e-01
-1.060004830360412598e-01
2.941569685935974121e-02
-2.890651300549507141e-02
1.183935180306434631e-01
2.317835390567779541e-02
3.645788133144378662e-02
-1.075743138790130615e-02
9.870853275060653687e-03
2.500902488827705383e-02
-4.214066267013549805e-02
1.946303807199001312e-02
4.348301514983177185e-02
-1.441369857639074326e-02
4.891017079353332520e-02
-4.746571928262710571e-02
-9.929819032549858093e-03
-1.576840318739414215e-02
-3.377964720129966736e-02
-3.239868208765983582e-02
-6.560088368132710457e-04
-9.638677351176738739e-03
-2.674874477088451385e-02
8.514075726270675659e-02
8.162069134414196014e-03
-1.943585276603698730e-02
-2.123735845088958740e-02
2.676136605441570282e-02
-3.475857898592948914e-02
3.515490144491195679e-02
-3.109676577150821686e-02
5.759458243846893311e-02
-5.359776318073272705e-02
-1.002036556601524353e-01
-4.798483848571777344e-02
1.381713449954986572e-01
-3.673932701349258423e-02
-5.411853268742561340e-02
-6.000505387783050537e-02
2.455303631722927094e-02
1.069321334362030029e-01
-7.283223420381546021e-02
1.314580161124467850e-02
9.691812098026275635e-03
-2.845255844295024872e-02
4.022271931171417236e-02
-3.208110854029655457e-02
-5.400856956839561462e-02
-2.857872657477855682e-02
-1.342165768146514893e-01
2.584575116634368896e-02
4.935503005981445312e-02
-2.656340785324573517e-02
5.264299362897872925e-02
-8.810553699731826782e-02
3.386385738849639893e-02
5.076030641794204712e-02
3.696786239743232727e-02
-6.813589483499526978e-02
-3.617872670292854309e-02
9.824699722230434418e-03
2.982503361999988556e-02
2.231811813544481993e-04
2.167323138564825058e-03
7.293178886175155640e-02
2.724579349160194397e-02
-1.146624237298965454e-01
3.652194514870643616e-02
3.738786280155181885e-02
6.629117578268051147e-02
-8.420654386281967163e-02
-3.447479754686355591e-02
-6.269317120313644409e-02
-5.060897022485733032e-02
-1.361665688455104828e-02
5.317716673016548157e-02
2.259841130580753088e-04
4.046063497662544250e-02
1.014407724142074585e-02
1.484543923288583755e-02
8.200013637542724609e-02
-7.355501502752304077e-02
-7.142664492130279541e-02
-8.852272480726242065e-02
-1.439502239227294922e-01
4.557548835873603821e-02
7.727979868650436401e-02
3.271120041608810425e-02
-3.216357156634330750e-02
-1.187030877918004990e-02
2.689970284700393677e-02
1.092045456171035767e-01
7.633784413337707520e-02
-9.522881358861923218e-02
-5.184823181480169296e-03
5.273986235260963440e-02
5.266634747385978699e-02
7.720413058996200562e-02
-6.188738159835338593e-03
1.401044428348541260e-01
-2.315033780178055167e-04
-5.696729198098182678e-02
-6.168062333017587662e-03
-2.236798219382762909e-02
3.292707502841949463e-01
-4.582134634256362915e-02
-2.985585853457450867e-02
-4.502251371741294861e-02
-2.616249956190586090e-02
-6.761848181486129761e-02
-8.740567415952682495e-02
-2.897798083722591400e-02
9.734801948070526123e-03
7.944984734058380127e-02
-7.056384533643722534e-02
1.778369098901748657e-01
2.121393233537673950e-01
3.646563738584518433e-02
6.643251329660415649e-02
-1.236877366900444031e-01
-4.330325871706008911e-03
-3.585923835635185242e-02
7.475689798593521118e-02
-7.824282348155975342e-02
1.101149916648864746e-01
-4.928838834166526794e-02
-1.501975953578948975e-01
5.478665977716445923e-02
-4.217045009136199951e-02
-1.931671053171157837e-02
-3.396580368280410767e-02
1.084438804537057877e-02
-1.431963127106428146e-02
-6.264396756887435913e-02
-5.258837714791297913e-02
2.014814130961894989e-02
