-2.838693745434284210e-02
1.738870143890380859e-01
-7.826475799083709717e-02
-4.098809510469436646e-02
2.689708955585956573e-02
3.413241729140281677e-02
-1.190841011703014374e-02
-2.992338873445987701e-02
3.242518752813339233e-03
1.363482356071472168e+00
-1.209457367658615112e-01
1.296360343694686890e-01
9.152234345674514771e-02
-2.919389680027961731e-02
-3.082802332937717438e-02
-3.193562477827072144e-02
-1.256318110972642899e-02
1.232899665832519531e+00
-1.887131631374359131e-01
-8.447857201099395752e-02
-1.032200269401073456e-02
-4.703868553042411804e-02
-9.535353630781173706e-02
4.514248110353946686e-03
5.533121898770332336e-02
2.479662373661994934e-02
-7.804658263921737671e-02
5.629033781588077545e-03
1.189728267490863800e-02
6.402098387479782104e-02
-1.668277569115161896e-02
1.065847231075167656e-03
-1.912689208984375000e-02
5.489028245210647583e-02
8.394864201545715332e-02
-7.343470305204391479e-02
-1.100382767617702484e-02
5.311875790357589722e-02
7.556119468063116074e-03
-3.889858722686767578e-02
1.519761141389608383e-02
2.975731715559959412e-02
4.432415589690208435e-02
-5.439706891775131226e-02
-1.366677973419427872e-02
-1.988576538860797882e-02
-9.317646175622940063e-02
1.419018302112817764e-02
-7.384043186902999878e-02
-4.266852978616952896e-03
2.437045425176620483e-02
2.316399104893207550e-02
-7.029338739812374115e-03
-7.292536087334156036e-03
-3.784190118312835693e-02
4.600317683070898056e-03
1.140627264976501465e-02
2.079442702233791351e-02
2.340328413993120193e-03
-7.277349382638931274e-02
-4.285721573978662491e-03
1.898500695824623108e-02
7.934102788567543030e-03
1.763654500246047974e-01
-7.339918613433837891e-02
-5.388812720775604248e-02
2.051686868071556091e-02
5.596924200654029846e-02
-3.633932769298553467e-02
1.057733222842216492e-01
2.497667819261550903e-02
3.944246098399162292e-02
9.001385420560836792e-02
3.497523441910743713e-02
7.870949059724807739e-02
-5.162620916962623596e-03
1.014299225062131882e-02
-3.283738344907760620e-02
1.287731342017650604e-02
1.281772553920745850e-01
-3.918382897973060608e-02
6.231290474534034729e-02
-6.320035457611083984e-02
3.551304712891578674e-02
4.422304034233093262e-02
-1.877681910991668701e-01
6.366240233182907104e-02
-7.875201851129531860e-02
9.471186250448226929e-02
5.413040518760681152e-02
-3.915944695472717285e-02
6.237573921680450439e-02
-2.605986036360263824e-02
-5.382602289319038391e-02
4.737876728177070618e-02
-7.337543368339538574e-02
-5.475697666406631470e-02
-1.685684733092784882e-02
-3.019799664616584778e-02
-2.431032061576843262e-02
2.502463199198246002e-02
4.233789071440696716e-02
-1.035356074571609497e-01
-1.987084001302719116e-02
7.697208970785140991e-02
-5.040991902351379395e-01
9.529916942119598389e-02
1.783290877938270569e-02
5.017237737774848938e-02
3.973043337464332581e-02
2.418311871588230133e-02
-1.249100118875503540e-01
3.738407790660858154e-02
-5.997241288423538208e-02
-2.093788795173168182e-02
1.430312357842922211e-02
-4.236709326505661011e-02
1.674223318696022034e-02
-1.788581907749176025e-02
-2.233958989381790161e-02
-9.323460049927234650e-03
-8.156841620802879333e-03
-1.975255832076072693e-02
-2.422611787915229797e-02
-9.125335514545440674e-02
3.253825753927230835e-02
-1.981365308165550232e-02
-9.372618794441223145e-02
4.927013069391250610e-02
-4.255779460072517395e-02
-8.488577790558338165e-03
6.769159436225891113e-02
-5.335425958037376404e-02
1.409648638218641281e-02
5.478159710764884949e-02
7.168655097484588623e-02
1.436786912381649017e-02
6.485531572252511978e-03
4.525716602802276611e-02
-2.646819688379764557e-03
-5.851300358772277832e-01
6.514482200145721436e-02
6.583975255489349365e-02
1.033235620707273483e-02
3.503591194748878479e-02
-7.582204416394233704e-03
-3.442589938640594482e-02
2.565848827362060547e-02
4.235550388693809509e-02
-3.524563834071159363e-02
-6.920133717358112335e-03
-3.565076272934675217e-03
6.149138882756233215e-02
8.206302300095558167e-03
-8.633189648389816284e-02
-6.968483328819274902e-03
-8.094858378171920776e-02
8.332797139883041382e-02
-3.408285789191722870e-03
-1.915397867560386658e-02
6.441272050142288208e-02
2.976877987384796143e-02
-3.833756595849990845e-02
-8.709853887557983398e-02
-1.225189492106437683e-01
-6.459005177021026611e-02
4.043084755539894104e-02
-3.257450833916664124e-02
1.178899481892585754e-01
6.041934713721275330e-02
7.935603708028793335e-02
-1.303863804787397385e-02
-1.503242924809455872e-02
-5.518012866377830505e-02
-6.749399751424789429e-02
3.924359101802110672e-03
3.437992557883262634e-02
-4.099369794130325317e-02
4.694905132055282593e-02
-1.250126361846923828e-01
-1.323305256664752960e-02
-2.305219508707523346e-02
-7.520452886819839478e-02
-9.722778946161270142e-02
-7.428847998380661011e-02
-1.839914172887802124e-02
-6.432447582483291626e-02
9.623546153306961060e-03
7.089192420244216919e-02
1.077637076377868652e-02
-2.022445760667324066e-02
1.689411328698042780e-05
-2.534822002053260803e-02
7.891422510147094727e-02
5.168541893362998962e-02
5.737428739666938782e-02
-5.889448150992393494e-02
-9.454265981912612915e-02
-1.308840364217758179e-01
1.324225813150405884e-01
1.079920586198568344e-02
-9.465953707695007324e-02
-4.686508700251579285e-02
7.976229488849639893e-02
1.592610925436019897e-01
-5.402117222547531128e-02
2.006204240024089813e-02
2.405540086328983307e-02
-7.078956067562103271e-02
-5.258868914097547531e-03
-4.223341494798660278e-02
-5.138249695301055908e-02
-1.517635677009820938e-02
-1.341793388128280640e-01
3.346633911132812500e-02
6.861181557178497314e-02
-7.799995690584182739e-02
6.616391241550445557e-02
-1.082225292921066284e-01
6.390009820461273193e-02
7.401435077190399170e-02
-1.490009366534650326e-03
-4.932565242052078247e-02
1.995045226067304611e-03
1.512679457664489746e-02
1.430542767047882080e-02
1.052566990256309509e-02
-2.137390524148941040e-02
9.036330878734588623e-02
6.295227259397506714e-02
-4.032767191529273987e-02
-8.757976442575454712e-02
8.334671705961227417e-02
2.000020630657672882e-02
-8.319527655839920044e-02
-1.407523825764656067e-02
-7.015114277601242065e-02
-2.343422919511795044e-02
-6.242844834923744202e-02
1.867227256298065186e-02
-3.137606428936123848e-03
1.981342956423759460e-02
2.072162553668022156e-02
7.717406749725341797e-02
4.972203448414802551e-02
-1.309462040662765503e-01
-3.287042677402496338e-02
-6.638296693563461304e-02
-9.220106154680252075e-02
-4.251654073596000671e-02
6.948386877775192261e-02
6.600246578454971313e-02
3.394967690110206604e-02
-8.270549774169921875e-02
3.444612026214599609e-02
2.166478633880615234e-01
1.296129077672958374e-01
-3.742666915059089661e-02
-7.074654567986726761e-03
-2.519370988011360168e-02
4.091714322566986084e-02
1.316563636064529419e-01
8.877331390976905823e-03
4.157567396759986877e-02
2.617432270199060440e-03
-1.068854033946990967e-01
1.034847088158130646e-02
1.495600026100873947e-02
3.583975434303283691e-01
-6.838280707597732544e-02
2.319774962961673737e-02
1.018100604414939880e-02
-4.148191586136817932e-02
-1.233508065342903137e-01
-7.244405150413513184e-02
-3.627792000770568848e-02
1.481386180967092514e-02
5.391209572553634644e-02
-6.927726417779922485e-02
1.425195336341857910e-01
1.787239462137222290e-01
2.221230790019035339e-02
4.083209671080112457e-03
-8.751840889453887939e-02
-9.549386799335479736e-03
-8.866070210933685303e-02
2.745542302727699280e-02
-1.013160869479179382e-01
1.660469174385070801e-01
2.182443439960479736e-02
-1.097406297922134399e-01
1.099375635385513306e-02
3.314052149653434753e-02
-4.139207676053047180e-02
-4.009583964943885803e-02
8.569968631491065025e-04
-2.351369336247444153e-02
-2.341874502599239349e-02
-4.230849072337150574e-02
5.355579778552055359e-02
