-7.360648192185997862e-02
1.398925781250000000e-01
-7.547222945370073155e-02
-5.722669417896573962e-02
1.642567818839364355e-02
3.263716619773309596e-02
-4.365901667937042638e-03
-3.478471649440450369e-02
5.983250194363368135e-03
1.724687078627309633e+00
-1.926128856394518363e-01
8.759131610336230722e-02
1.043357242061505458e-01
-4.508108595147622411e-02
-5.774907506608458613e-02
-9.288377567296555656e-03
-4.734874767306318510e-02
1.138210868244686536e+00
-1.946918096830609901e-01
-5.983126500879459159e-02
1.254608340081554349e-02
-1.350230329326746609e-02
-5.761763077572626401e-02
-1.416489049994409596e-02
7.768485979762429494e-02
5.912427933796926549e-02
-3.014071553254832683e-02
9.300680913235609068e-03
1.752630411197165713e-02
6.640933255895671745e-03
1.598453796738731744e-03
2.968573537148383110e-02
-2.921860811102534395e-04
3.285152586456497464e-02
7.299540025816378397e-02
-8.415579233085015987e-02
7.641824178177233570e-03
5.322253565292741490e-02
-3.611485005494532996e-02
-2.792154361228205497e-02
-2.167114238256218073e-02
-9.208270961831143547e-03
4.853269150658676145e-02
-5.298515824213326231e-02
-3.245051126379265571e-02
-1.014324458353567599e-03
-8.366953841542174031e-02
4.219258724083493201e-02
-1.182856830180130554e-02
-1.573106838471994076e-02
-2.362024856660275077e-02
5.344361942140106111e-03
-2.130580658868351518e-02
-1.704962788567282797e-02
-3.880856167769745207e-02
1.683152645021043434e-02
-1.660506307448534127e-02
-2.262319189786885475e-03
1.954976709991849417e-04
-2.373102512622406526e-02
6.421563106635869329e-03
3.491386618100335293e-02
-4.166775529970028098e-03
1.425624930118885580e-01
3.518012170161139568e-03
-4.703293653376321853e-02
1.969665051474220330e-02
4.433367744567212609e-02
-8.161409331809298465e-03
7.037762241919656714e-02
1.676116131773670165e-02
1.368740920670124400e-02
1.665817011399591541e-01
-8.941107703798361825e-03
9.167594547061905241e-02
-3.437846081004519022e-02
3.063611200983091740e-02
-4.496596463786146219e-02
-4.645037648515620843e-04
1.673382685045191054e-01
-3.171119579937319716e-02
4.354716615392702911e-02
-7.281799218624840364e-02
-1.453345796943003761e-02
5.174775568196040947e-03
-1.704537276463873874e-01
-9.435865668472311063e-02
-9.000122370175490938e-02
1.360143718334468066e-01
8.594548548183340853e-02
-2.157657798075286390e-02
-1.252078653515040912e-02
9.864663308748740193e-04
1.018163275033709750e-02
9.219173589069008801e-02
-7.255166821865320637e-02
-4.649914781545377851e-02
-1.038930335386586447e-02
-4.259558354485407788e-02
-7.512052927747517317e-02
-1.072454936328917641e-02
4.214809343981128914e-02
-6.719154554287821990e-02
-2.329012222884875929e-02
6.785436661009425219e-02
-6.161961268757342181e-01
3.659240142486549358e-02
2.402223283302627396e-02
6.582916367325175599e-02
7.121976155520733098e-02
3.430797345080870142e-02
-9.644840187106162865e-02
5.236020791508964878e-02
-7.867337118595135736e-02
-5.397092849159423888e-02
-1.233471258575559969e-02
-1.602656156553565730e-03
-2.738408320201941686e-03
-1.471053073259292673e-03
-4.346512755076498147e-02
3.269818505708139977e-02
3.465828268647410532e-03
-1.220101606358221791e-02
-2.073097901251101313e-02
-5.091033449899204366e-02
7.736400639693807868e-02
4.682426611531510276e-03
-3.073818602394398289e-02
4.117763575918842456e-02
-1.417720932793976353e-02
3.540663885711210074e-02
-1.796618845299065986e-02
-6.139125007092411518e-02
-3.942125184559152132e-03
1.709211390840692860e-02
8.834299439741201410e-02
-5.091246613373451649e-03
-2.220014633053224787e-02
7.315305648521774895e-02
1.621236315296079034e-02
-5.669884014037968045e-01
4.861569162694916180e-02
1.000373642324675627e-01
-1.124665355957383232e-04
-2.026950616580890097e-02
-1.144710753853474088e-02
-3.157574247119646765e-02
-1.992918978284391636e-03
-3.024552579645696689e-03
-3.017182957727557874e-02
-1.903024861079994972e-03
-1.349930527448832494e-03
7.284264613914143149e-02
-1.150847189219909861e-02
-6.406298369204248278e-02
5.374216562303915645e-02
-6.953425123741723002e-02
2.137508756977159977e-03
-1.542589423316011177e-02
-2.909746937016881654e-02
3.151603714212525276e-02
2.092749846105097788e-02
-3.361506504367256509e-02
-8.027319239459841660e-02
-1.417424068432593665e-01
-9.082078836952967027e-02
4.809734259331110290e-02
-5.130965096260713815e-02
1.036672383359032862e-01
2.446913136053732035e-02
4.491747809592111507e-02
2.468714560757561370e-03
3.799293434137362285e-02
-4.919138803169358478e-04
-2.963440990926719670e-02
4.016450953053241762e-02
3.347793313462064935e-02
-2.146180868021484167e-02
4.570086364191999068e-02
-4.665785356297727504e-02
-1.080819076673350185e-02
1.450117217747049631e-02
-5.217466768922553871e-02
-8.272907029330876794e-02
-3.009536125511488164e-02
1.927222378498644889e-02
-2.572935610185203559e-02
3.077271589926772882e-02
3.398929731618972189e-02
-9.160814384078286299e-03
-3.849231378143189858e-02
-1.414625173346883980e-02
3.720628697049932227e-03
9.758048244461244025e-02
-8.417583996447744812e-04
6.132625150818046822e-02
-3.774530943878998124e-02
-8.031017984269865628e-02
-6.129128487589113883e-02
1.847000619125814258e-01
2.836222161241389039e-02
-1.125718915002870274e-01
-3.270875848690490278e-02
5.599564578076604571e-02
1.354143068753003720e-01
-4.391799237398870404e-02
1.588079942847678283e-02
3.465393059887489358e-02
-5.603222254694342069e-02
-8.680996929976619869e-03
-2.451847186012679619e-02
-7.328615654078887709e-02
-2.367092378244152473e-02
-1.069539453208440127e-01
3.670491523420812280e-02
3.372061355722825310e-02
-6.057667225506982445e-02
5.084763379938821853e-02
-1.584255320768917508e-01
5.508034659363986174e-02
5.114162664669109903e-02
4.968689023512596475e-03
-5.620355513390472985e-02
4.000463366546679750e-02
-6.488603263740086967e-03
5.741884524300479818e-03
3.147395161575045324e-03
6.358734068931148550e-03
6.280423707971202751e-02
2.989202807197379255e-02
-1.080443710136474722e-01
-9.348481355614352700e-03
3.310390294368458636e-02
3.238990960512789369e-02
-5.753044887038742672e-02
-3.450507143935904741e-02
-5.762735024790064525e-02
-2.994533849681759244e-02
1.779123591673905042e-03
3.861226223733044832e-02
-8.748278688648553937e-04
2.260615919105622013e-02
1.647396916751358437e-02
1.990826415363749005e-02
8.896372382691511427e-02
-1.208488010486756387e-01
-7.195759400157200614e-02
-6.806830581686225401e-02
-1.146352878559556282e-01
1.436588018862060105e-02
8.213146290793882365e-02
5.722724175486289255e-02
-5.523177088548342217e-02
-3.965538128387669642e-02
3.753774883934769824e-02
1.274738305656240023e-01
9.281267392053495213e-02
-8.499732522211764230e-02
-2.657166798502082553e-02
-5.960054406750014966e-03
5.341474131158716748e-02
1.208946931238652073e-01
-4.037164233630505771e-03
7.283976484692072928e-02
5.239052178194338744e-03
-1.229610620344040312e-01
-1.075988919462745642e-02
9.226829058642979989e-03
4.330063053625307079e-01
-4.363322683242884525e-02
-4.142065515735141035e-02
-6.685620582627012365e-03
-3.152003966118298306e-02
-1.215529445398443320e-01
-5.740380890665051222e-02
-1.184263578734947447e-02
3.734488804523957567e-02
7.334499487468960910e-02
-4.231473577846309869e-02
1.525521156663862954e-01
1.858528004387282329e-01
1.471194163685767865e-02
5.613353712543722729e-02
-1.128154975869112425e-01
-3.082554393582118482e-02
-6.111975020734874281e-02
6.069629151355401819e-02
-7.864208765344640750e-02
1.494194861088860293e-01
-5.294957232757930427e-02
-1.622717182159831295e-01
3.062587755556278601e-02
-1.836839435727731507e-02
7.902122366368535475e-03
-4.549874620764578909e-02
-7.318646024463396418e-03
-3.548176431457265162e-02
-3.966693578718259033e-02
-4.725484166608258374e-02
7.707921478033549767e-02
