-3.035741858184337616e-02
1.689889281988143921e-01
-1.081849113106727600e-01
-4.018945991992950439e-02
3.206907957792282104e-02
4.984922707080841064e-02
-6.373220589011907578e-03
-3.408699110150337219e-02
3.266975050792098045e-03
1.388958811759948730e+00
-1.094364747405052185e-01
1.166739389300346375e-01
9.761096537113189697e-02
-3.036453574895858765e-02
-3.945118561387062073e-02
-1.910147629678249359e-02
-3.390731662511825562e-02
1.145200371742248535e+00
-1.913358867168426514e-01
-5.707009881734848022e-02
-4.607984330505132675e-03
-3.084790706634521484e-02
-8.017595857381820679e-02
1.610573194921016693e-02
4.821942746639251709e-02
6.923244334757328033e-03
-4.946571588516235352e-02
-1.191741786897182465e-02
3.671010583639144897e-02
5.276124179363250732e-02
-2.030541561543941498e-02
3.666877374053001404e-02
-2.080269157886505127e-02
6.197569891810417175e-02
1.007802858948707581e-01
-6.211394071578979492e-02
3.619389981031417847e-02
6.334314495325088501e-02
-2.842830307781696320e-02
-3.417749330401420593e-02
5.425417795777320862e-03
-1.114945625886321068e-03
3.668190538883209229e-02
-2.982512675225734711e-02
-3.275721147656440735e-02
-1.218104362487792969e-02
-9.697815775871276855e-02
2.777539193630218506e-02
-2.640848606824874878e-02
9.574187424732372165e-05
2.762920781970024109e-02
4.819620400667190552e-02
-9.493715129792690277e-03
2.425689250230789185e-02
-8.724291808903217316e-03
2.288953028619289398e-02
1.182061526924371719e-02
1.305267214775085449e-02
1.306723430752754211e-02
-5.601377412676811218e-02
-8.274527266621589661e-03
-6.957608740776777267e-03
1.692964695394039154e-02
1.302577108144760132e-01
-6.985498964786529541e-02
-4.352311417460441589e-02
2.462220750749111176e-02
3.101691417396068573e-02
-1.666468568146228790e-02
6.591470539569854736e-02
2.392010949552059174e-02
6.537555903196334839e-02
6.344883888959884644e-02
1.231295609613880515e-04
8.475980907678604126e-02
1.279739476740360260e-02
2.948178909718990326e-03
-3.875058144330978394e-02
7.397269830107688904e-03
1.344154775142669678e-01
-4.857163876295089722e-02
6.748124212026596069e-02
-5.952848494052886963e-02
3.124009259045124054e-02
4.299536347389221191e-02
-2.041499018669128418e-01
7.405770570039749146e-02
-1.342059224843978882e-01
1.077379137277603149e-01
3.388217091560363770e-02
-5.604157596826553345e-02
4.432018101215362549e-02
-1.912158355116844177e-02
-5.526852235198020935e-02
5.071039870381355286e-02
-3.893071785569190979e-02
-5.704513937234878540e-02
-2.016672119498252869e-02
-3.701577335596084595e-02
-1.656670123338699341e-02
4.320430383086204529e-02
1.065656356513500214e-02
-9.213506430387496948e-02
-7.929677143692970276e-03
5.931691825389862061e-02
-4.791112244129180908e-01
9.905481338500976562e-02
1.345399953424930573e-02
3.513932600617408752e-02
5.679486319422721863e-02
1.863387785851955414e-02
-1.197205036878585815e-01
4.621906951069831848e-02
-6.156902015209197998e-02
-2.975755743682384491e-02
5.824957042932510376e-03
-3.017313964664936066e-02
-1.576647162437438965e-02
-1.904035918414592743e-02
-5.115651711821556091e-02
4.588540177792310715e-03
-3.732048720121383667e-02
-3.401346132159233093e-02
3.394853556528687477e-03
-6.784958392381668091e-02
4.654907435178756714e-02
-2.114342898130416870e-02
-8.086550980806350708e-02
3.690564259886741638e-02
-3.359156474471092224e-02
3.304052352905273438e-02
6.368964910507202148e-02
-4.258137568831443787e-02
5.499792750924825668e-03
1.619877479970455170e-02
8.797953277826309204e-02
8.097717538475990295e-03
-1.585016958415508270e-02
4.601747170090675354e-02
-2.501672599464654922e-03
-5.922606587409973145e-01
6.287657469511032104e-02
4.836183413863182068e-02
7.629957515746355057e-03
3.772248700261116028e-02
-1.772189140319824219e-02
-1.101195719093084335e-02
-1.003103051334619522e-02
3.008972294628620148e-02
-2.368349209427833557e-02
1.931471866555511951e-03
-7.270958274602890015e-03
6.641612201929092407e-02
1.759245060384273529e-02
-8.070496469736099243e-02
-8.103992789983749390e-03
-7.896290719509124756e-02
4.172047972679138184e-02
5.707154516130685806e-03
-1.053426135331392288e-02
5.478364974260330200e-02
4.270329326391220093e-02
-4.744791612029075623e-02
-7.687931507825851440e-02
-1.195504292845726013e-01
-8.951321244239807129e-02
3.909167274832725525e-02
-3.344849124550819397e-02
9.858662635087966919e-02
4.903933405876159668e-02
7.832102477550506592e-02
-7.428829558193683624e-03
6.787864025682210922e-03
-6.150600686669349670e-02
-5.261004343628883362e-02
-2.486634999513626099e-03
3.884014114737510681e-02
-3.185399994254112244e-02
4.679252207279205322e-02
-1.241202652454376221e-01
6.680480204522609711e-03
-2.479400485754013062e-02
-3.738213703036308289e-02
-7.609503716230392456e-02
-8.473578095436096191e-02
-1.531023439019918442e-02
-7.677175849676132202e-02
1.095946785062551498e-02
5.603076517581939697e-02
1.078770775347948074e-02
-4.560044035315513611e-02
2.959133591502904892e-03
-4.504226148128509521e-02
6.024403497576713562e-02
5.854786932468414307e-02
3.981036692857742310e-02
-5.547701939940452576e-02
-9.833292663097381592e-02
-1.270744353532791138e-01
1.717977970838546753e-01
-1.422730460762977600e-02
-8.099585026502609253e-02
-7.160018384456634521e-02
6.849949806928634644e-02
1.353762596845626831e-01
-7.396226376295089722e-02
1.227414701133966446e-02
1.137183606624603271e-02
-2.863603830337524414e-02
2.094707684591412544e-03
-4.308285564184188843e-02
-5.751611664891242981e-02
6.023091264069080353e-03
-1.512682586908340454e-01
3.518950194120407104e-02
5.221847817301750183e-02
-4.901994019746780396e-02
7.523056119680404663e-02
-1.352469176054000854e-01
6.536670774221420288e-02
7.743551582098007202e-02
2.425410551950335503e-03
-4.407603293657302856e-02
-1.721197739243507385e-02
2.264415472745895386e-02
2.709101513028144836e-02
-5.389518104493618011e-03
-1.027514599263668060e-02
8.510921150445938110e-02
6.082815304398536682e-02
-6.362603604793548584e-02
-4.566734656691551208e-02
8.124876767396926880e-02
4.639984667301177979e-02
-7.170983403921127319e-02
-2.102782391011714935e-02
-7.115514576435089111e-02
-3.037116117775440216e-02
-7.190617918968200684e-02
3.935131430625915527e-02
2.231878414750099182e-02
2.646411210298538208e-02
4.140621051192283630e-03
8.554684370756149292e-02
3.065207041800022125e-02
-1.300663799047470093e-01
-2.908749878406524658e-02
-9.252118319272994995e-02
-1.014053374528884888e-01
-3.594754636287689209e-02
7.715550065040588379e-02
5.021283030509948730e-02
1.862384751439094543e-02
-8.745668083429336548e-02
5.722264293581247330e-03
1.922240108251571655e-01
1.251437962055206299e-01
-4.230011254549026489e-02
2.016531303524971008e-02
-6.720210891216993332e-03
4.108784347772598267e-02
1.294111758470535278e-01
-1.233832444995641708e-02
7.816476374864578247e-02
1.877758093178272247e-02
-8.840745687484741211e-02
1.687058806419372559e-02
8.554704487323760986e-03
3.462028205394744873e-01
-6.168317422270774841e-02
1.146555412560701370e-02
1.187221147119998932e-02
-5.697413533926010132e-02
-1.130503788590431213e-01
-7.945123314857482910e-02
-4.463872313499450684e-02
-4.487461410462856293e-03
5.228193476796150208e-02
-7.207605242729187012e-02
1.531908214092254639e-01
1.752023398876190186e-01
3.860437497496604919e-02
3.161546960473060608e-02
-8.855404704809188843e-02
-2.208617702126502991e-02
-9.366914629936218262e-02
4.933004826307296753e-02
-1.001758798956871033e-01
1.613121926784515381e-01
-1.889929524622857571e-03
-7.654871791601181030e-02
7.473270408809185028e-03
-1.873744768090546131e-03
-4.052307829260826111e-02
-2.599879167973995209e-02
4.275118932127952576e-03
-2.954045310616493225e-02
-3.056303970515727997e-02
-1.505873166024684906e-02
4.571098834276199341e-02
