-3.838527465696395941e-02
1.341045639185141636e-01
-9.859804847582182008e-02
-4.734462335355231477e-02
2.246353516383799501e-02
2.170039415464075638e-02
-1.753442213612487963e-02
-7.259138244817840702e-02
2.597259654962684808e-02
1.649529877307533310e+00
-1.555380993633526665e-01
9.079275706946411673e-02
6.444802146256563280e-02
-3.248627380965435352e-02
-7.383472410643790451e-02
-2.409242949334527983e-02
-4.537039883667740026e-02
1.227074175522915533e+00
-1.910522456347987785e-01
-6.117442652394320529e-02
-2.490503167424225686e-02
-2.904213872144173134e-02
-7.593991494006366305e-02
-5.772426311161184265e-03
6.698796759662502265e-02
3.138908363378523081e-02
-4.472429650490174907e-02
-2.682247321781046009e-02
1.298128499778332737e-02
1.190681787868786345e-03
-2.310522544466619976e-02
1.961001826601330850e-02
-1.193597849107416991e-03
4.489596261478920325e-02
7.384136971993157661e-02
-5.789493865180842663e-02
2.261061066799405911e-02
5.143958797098429486e-02
-2.521105116079653055e-02
-4.833835062873623190e-02
-1.937017801383345006e-02
2.983285963857261816e-02
4.587943691998358497e-02
-4.411296737632843662e-02
-5.318167496678906370e-02
1.763509882051742536e-03
-9.227958152265862413e-02
4.569013178533048308e-02
-2.493685382117635796e-02
-6.803016929841120171e-03
-4.470636451628158536e-03
2.619003156874467365e-03
-1.298589898726235439e-02
-1.930702020824586612e-02
-1.331409958570535686e-02
2.715793595420337714e-02
-6.269146526500601543e-03
-1.381629317666101600e-02
1.249807898322652031e-02
-2.306800756136189942e-02
3.689377196112127860e-02
2.677293096473061518e-02
-4.385200771938798162e-03
1.432077938188500155e-01
7.715780622399521019e-03
-5.525166118307683893e-02
1.909387408816798012e-02
3.897624165027007564e-02
-2.580865305873478871e-02
8.543721870574486066e-02
4.930974839780745411e-02
4.132935486685079124e-02
1.402569211310829289e-01
-2.159409340565196858e-02
9.024365560536325159e-02
-9.292229832435567466e-03
5.020236566216648016e-02
-5.834756245261175922e-02
-9.311716135813918535e-03
1.591932112622661266e-01
-1.890999375679492528e-02
6.813308757699609863e-02
-9.572144021287895543e-02
-1.574220084018178312e-02
1.563044928067781544e-02
-1.569269836287330855e-01
-3.283113969138309364e-03
-7.546700549586116136e-02
1.477460257517889952e-01
5.491618620798503769e-02
-5.170980008428057578e-02
2.703098393068627606e-02
-7.100701862455822966e-03
-1.968330359492687434e-02
8.133015613446668846e-02
-7.722300789229631646e-02
-2.383152950006187792e-02
-1.096835177109638411e-02
-4.374388646394029335e-03
-1.695451127742251748e-02
1.079265683452025788e-02
1.794326964085978665e-02
-7.006511917947062795e-02
-1.238426003975961641e-03
8.359400334106688313e-02
-5.630100110598673657e-01
4.308195184532164629e-02
3.894285447971626568e-02
5.604794152917549205e-02
5.716225670445716084e-02
3.733181947155451985e-02
-9.431801025387565041e-02
5.464125607626921927e-02
-5.780923716287769687e-02
-3.090379474566221432e-02
-1.276181988448822288e-02
-5.003160598091507295e-03
2.449687412615689924e-02
-3.697425976432770073e-02
-2.733487694330956341e-02
-9.249277353785733541e-03
-1.977079040405721813e-02
-1.246558600260987831e-02
-3.816135542219398907e-02
-5.060948292084675032e-02
4.340531356819363890e-02
-5.814735875660302644e-03
-5.778657721189515289e-02
4.334744899987311162e-02
-2.634186869168504697e-02
3.140189143216667172e-02
3.056000357467917108e-02
-6.219531759129873216e-02
1.443340929750945491e-03
2.582434001102853691e-02
6.501548097499154633e-02
7.227630938412517476e-03
-2.023304300120703017e-02
6.920350253938314933e-02
6.467133488174087869e-03
-5.888505061534219376e-01
6.586733113337009393e-02
8.422528766816951562e-02
1.071565706049559460e-02
7.495340237787148988e-03
5.477054397020601371e-04
-4.563488323889627191e-02
-2.182961645680072185e-02
2.647045152182835731e-02
-4.094694448154129890e-02
-1.369519125121016270e-02
5.191843088938918535e-03
5.020097351016850062e-02
2.642746309200055127e-02
-6.060413375272580283e-02
1.314722492643073323e-02
-7.849297483997656755e-02
3.557342134981295034e-02
-3.233771742293340377e-03
-4.584913696122309978e-02
1.534834727141635297e-02
1.248022272155569802e-02
-2.222498609439032755e-02
-1.000078119614972449e-01
-1.354935460934856561e-01
-1.059596931670071240e-01
5.033952476055230524e-02
-2.680349099584236616e-02
1.072293969826613874e-01
3.038894939973587825e-02
4.573957306914453597e-02
6.163808427670855981e-03
1.783832585760969022e-02
-1.548167412721432323e-02
-5.269628204972554020e-02
4.664643617900379735e-02
3.425952665216560472e-02
-2.222809778358142418e-02
1.565408985740838685e-02
-4.770466751665246308e-02
-2.991580703779525736e-03
-3.121829565054265454e-02
-6.280767477057824788e-02
-7.834672238832039726e-02
-8.330988194648966672e-02
6.658297375220101171e-03
-5.080440867796203602e-02
3.520716298735478145e-02
4.855683282152726404e-02
-1.144628673102786320e-02
-5.166906969439675340e-02
2.136675192470674153e-02
-4.560402641933659906e-02
8.455283808573434146e-02
1.962449664679232625e-02
5.703743421454576107e-02
-5.794373434425639097e-02
-1.064514808042372196e-01
-7.220820102483926917e-02
1.922801053389708303e-01
2.575282623377833993e-02
-7.663769211819959626e-02
-4.348315169309181077e-02
7.085729956144336261e-02
1.498910045954845727e-01
-2.477980377743035229e-02
1.690010567137389952e-02
3.538777864580069932e-02
-2.602887314676725905e-02
-1.089104449976227573e-02
-2.357732254523031354e-02
-8.664098653116501791e-02
-1.266978563380403121e-02
-1.490188259582607422e-01
-9.244445744942186502e-04
6.212816385052573331e-02
-5.400209614643514816e-02
5.643882109411226672e-02
-1.843689491872720632e-01
2.566510382969449180e-02
6.474304141849848704e-02
5.223317197873521278e-03
-6.237875121016254326e-02
2.805427990237239003e-02
1.361373008898317336e-03
-2.826599791927432437e-03
3.589308086627272798e-02
2.802802483359286001e-02
3.648938087261727192e-02
4.068402969245422246e-02
-9.077469886926171905e-02
-1.551036469707164217e-02
7.424472663837992925e-02
6.031558806850224885e-02
-5.839119953348038267e-02
-4.151886499971018524e-02
-3.803802911322108626e-02
-6.277863845747747029e-02
-3.738220313518259702e-02
4.876847358164249774e-02
1.518398001557545729e-02
3.288685560313091283e-02
2.773115989380334212e-02
6.874459416670321288e-02
7.687647525276340710e-02
-1.505735201161129411e-01
-5.242603322033261015e-02
-6.998067215717544698e-02
-1.153044537898061245e-01
3.447691673231096645e-04
4.791025012082043844e-02
3.322726277387270943e-02
-3.499988685322882528e-03
-5.373799726323111314e-02
1.651302775227776742e-02
1.877413104258832122e-01
9.720155785908538015e-02
-9.112143344732620553e-02
-9.879190946613424298e-03
-2.425951832985036392e-03
7.374349072561189877e-02
1.194244526658040234e-01
3.922493048174260574e-03
4.806539092754063408e-02
1.719290277362205827e-02
-8.943984234010188272e-02
8.350517027505936773e-03
6.620416307420058655e-03
4.229734966569749233e-01
-8.139226141195030073e-02
2.046968283362889107e-02
8.887650573936232284e-03
-4.523978438251945872e-02
-1.196194029003170706e-01
-5.971933701695324170e-02
-6.637516829434834606e-03
5.589301432599673826e-04
9.169850645772498199e-02
-3.127655491690217032e-02
1.368937878714298340e-01
1.847669516749589624e-01
3.155694962766941031e-02
4.255906261455422168e-02
-8.510447907985349558e-02
-1.984503494099576493e-02
-1.023133135797469756e-01
7.213391824196671576e-02
-6.987068297031068242e-02
1.657023755020803901e-01
-2.434263133396726703e-02
-1.394335871411025995e-01
5.352874610907285002e-02
-1.860216447264327611e-02
-1.847419357744413751e-02
-3.595194594822697515e-02
-1.589236355613117546e-02
-6.544895121204241661e-02
-6.132245358693744902e-02
-2.162062843466845338e-02
4.946142871241838296e-02
