-2.675851325872664541e-02
1.775758941309815708e-01
-5.563349331961236349e-02
-4.613542605139816372e-02
6.258722846476580393e-02
8.331682748959037821e-02
7.643903367428805766e-03
1.190222098477703057e-02
-2.015436796227701097e-02
1.211966793132115860e+00
-9.748736611483344028e-02
1.140376978884849457e-01
1.199379831623055420e-01
-2.360178612356537281e-02
-5.368064353167976976e-02
1.276666122847621397e-02
-8.547174313764213660e-03
1.110134915560534230e+00
-1.347877520502198112e-01
-7.615375916566269332e-02
9.373972426943304875e-03
-4.507321755601996494e-02
-7.797239490862079014e-02
-9.237445740564849406e-03
5.155532522140260365e-02
6.608241226046642283e-03
-7.223041161597480719e-02
5.058589415409938533e-02
4.926094069796422420e-02
4.895493584036114676e-02
3.125724151752374419e-02
3.116924245896918189e-02
-2.293348866027205765e-02
2.865983474726285091e-02
6.401230407102496966e-02
-7.747474956802713475e-02
-2.701604123073075153e-02
5.864115527861148841e-02
-2.019798563481076115e-02
1.307495765655933935e-03
-1.346951758709691305e-02
2.225696751638943024e-02
3.932283341501627283e-02
-2.825036563299215819e-02
-2.561557130337352786e-02
-2.060723285935210300e-02
-1.113619348024813965e-01
-6.938453135072761378e-04
-3.558429420874548860e-02
-2.010687495981903702e-02
7.542861664984570891e-02
2.576318645595549947e-02
-2.055673660520851084e-02
-9.287180001296798521e-03
-4.819608328643719408e-02
5.038063755407366784e-02
-1.850076485561714598e-02
1.056278449359438452e-02
4.401263625199033046e-03
-2.234050469930109334e-02
7.033872168976025921e-03
8.455264663739291489e-03
1.508409304248481755e-02
2.120151891741700600e-01
-1.055128045716907659e-01
-8.811534253334249445e-02
3.498599693479807760e-02
4.200559376783374183e-02
-1.213526196308327421e-02
1.236176648278097118e-01
-2.199227543025553816e-02
6.751328366085770916e-02
3.125384952879290551e-02
2.067445684696799998e-02
3.122165315705670297e-02
1.700684151054436544e-02
-4.761062981566075748e-03
9.884203559394727848e-03
2.933234639533839269e-02
6.109108622239953212e-02
-3.130794246064247388e-02
6.110104201893811621e-02
1.023824367323234548e-03
4.492518786526145808e-02
4.498423805447525348e-02
-2.443975079437211151e-01
1.490127757845084999e-01
-6.749802315171979372e-02
8.766813668440352758e-02
6.773299921487500874e-02
2.736296840268237149e-02
-1.424685149138520080e-03
6.496726156369552266e-03
-5.745912632938437320e-02
1.143533523692016052e-01
-7.396136479425585719e-02
-1.501833455912788239e-02
3.850978128456663402e-02
-7.422101361925445562e-02
-1.609143629214927762e-02
3.447898750361078068e-02
3.527366578840991640e-02
-1.403402243132468030e-01
1.798159965142740249e-02
2.131932344287213940e-02
-3.756592705074822680e-01
2.926636774232752730e-02
-7.846090492865182703e-03
9.881884209696624455e-02
5.422406695953634059e-02
3.484556997740178436e-02
-9.180524832715096506e-02
2.149732200769624915e-02
-5.019252322569679042e-02
-6.877099592862276345e-02
-1.097913734970118634e-02
2.905439940800783397e-02
-5.455816408892035646e-02
-2.535060572524764841e-02
-2.562313619507647702e-02
1.551596957926900180e-02
3.785392684687112486e-02
-9.679840538550385162e-03
-1.314953453658250851e-02
-1.045953369828655222e-01
6.608121078778463053e-02
2.927346133336503758e-02
-4.436260279721141592e-02
8.220387676928334053e-02
-7.171720303296908773e-03
8.996175921443026399e-03
-8.265331678118516094e-04
3.471885804137736509e-03
6.636998306977924707e-03
4.993955173348375159e-02
7.240354064728117545e-02
-3.769917510136611138e-02
-2.656774829412552122e-02
5.037969151259194533e-02
2.243346617544615326e-02
-4.444672411773616383e-01
9.449819840676432214e-02
3.554194595187267630e-02
1.139417735824266743e-03
1.705750289192840483e-02
9.386821734355625668e-02
-1.399939370093519243e-02
-2.345247325654256296e-02
6.372020774327866177e-02
-3.090705824279957326e-02
-3.258375336199061806e-02
-2.016894388139724853e-02
1.090882703075681942e-01
3.551118412303784500e-02
-1.070934506793554813e-01
2.483119971049892183e-02
-3.704606246389217927e-02
7.480159411636230771e-02
1.156674693501824787e-02
4.693621060394297106e-02
1.056500734706135175e-01
4.008043633414663798e-03
3.275784735560833931e-03
-2.616776023557712549e-02
-1.263163393184252026e-01
-2.271343081124591393e-02
2.307550324728222663e-02
-7.150656689706319860e-03
1.434069811834206842e-01
6.155144720816072001e-02
6.946449593698920955e-02
1.413515581378887304e-02
-8.772456203852441181e-02
-8.824738584313528492e-03
-7.734629433556321210e-02
-2.277687579316117761e-02
4.767264025467464472e-02
-3.526493812572215752e-02
3.681733371466717336e-02
-1.639145047107499198e-01
-1.189164768116219607e-02
1.198443886984054511e-02
-7.117478756930940842e-02
-7.451238751532381077e-02
-1.916370256389763813e-02
-1.198121802861412850e-02
-3.099037525605730786e-02
4.998411888765006555e-02
9.627921266010737444e-02
-2.752681762709073207e-02
5.569792132463090469e-03
9.320564945149134237e-03
1.966293209395431757e-02
4.006973144476207865e-02
-8.419061376309128208e-03
9.956717638968883358e-03
-3.011731313430877216e-02
-9.392446380983331122e-02
-1.222764876203007028e-01
1.299052560440973336e-01
1.459103342296439940e-02
-4.703744736293998668e-02
-2.114665539177868966e-02
7.019105579495335534e-02
1.471157252432434281e-01
-7.536156122962109349e-02
1.029536350780457452e-02
3.342933469877048484e-03
-5.274502226685794798e-02
-4.829258983802559024e-02
-4.303574005735859992e-02
-7.564584841495462786e-02
-6.000228536100778165e-03
-1.338063870996435145e-01
4.388435302706853586e-02
3.695977316030640836e-02
-4.880384097520185094e-02
6.655962568516796130e-02
-3.033227095971071513e-02
9.251433909913622800e-02
6.486352811522447248e-02
3.088949971289877208e-02
-2.313469620275599575e-02
-3.922740707079246797e-02
2.147086724771640059e-02
2.184829651711422613e-02
5.980390906266733024e-03
-2.726456116775342539e-02
8.170297016569087745e-02
7.821110009528942086e-02
-3.623029949457854532e-02
-3.485783411515577107e-02
7.421677535341632270e-02
3.733557179820482658e-02
-5.875678562873407756e-02
-3.054070625911502537e-02
-5.798469193421682683e-02
-4.589312246694813441e-02
-1.426581532290521759e-02
9.783970464406053016e-03
-1.256312233876811027e-03
1.657618106708305325e-02
-1.612365674494138298e-02
5.700794710622217321e-02
3.627873681844281939e-02
-8.688813064294823030e-02
-3.748290313834228005e-02
-6.368405863822426682e-02
-9.734845282380791276e-02
-5.091711531737896229e-02
7.254253650192692138e-02
6.810323512886089226e-02
6.021033880366855745e-02
-2.952736854660727508e-02
-1.337345653504264271e-02
1.774069276821947927e-01
9.964566171108810155e-02
-7.251223565330501553e-02
-6.671817793731637733e-03
2.195177625446063582e-02
2.527784137469969022e-02
1.011746986758116362e-01
3.623298969253747892e-02
5.725247302811654893e-02
-8.191055918798789692e-03
-1.091513076316086156e-01
1.830924649798148368e-02
-1.297436635586417426e-02
2.309715074047458128e-01
-4.408924841125577698e-02
-1.496992475647034547e-02
1.386898102264180754e-02
-1.042346182461857847e-02
-6.626353878244420348e-02
-9.509912395595550294e-02
-4.557308523405795286e-02
-6.064529040528719928e-05
1.860260536108703996e-02
-8.958408053409634697e-02
1.290829086260709135e-01
2.161678090169160682e-01
-9.090417133701544569e-03
4.680765216695376846e-02
-8.963504980898080732e-02
-6.074789935445156809e-03
-5.055063604811323164e-02
3.574567512492426297e-02
-1.026686254610352511e-01
1.387322702881932657e-01
3.311765445231477228e-02
-8.152192190714477316e-02
3.107621045973184976e-02
-1.178511739005608239e-02
-3.385887279301939140e-02
-3.856197525315106789e-02
-5.106546150201499677e-03
-9.668517282051857301e-03
-1.091305549216504273e-02
-8.728321820662129915e-02
-1.469861037996438545e-02
