-7.207776519126422865e-02
1.727253037978617733e-01
-1.404306130162781274e-01
-4.186505398502171627e-02
4.820718284613851462e-02
4.748133456476511666e-02
1.303408734297073837e-02
-9.021869121257715396e-02
2.337309949231432954e-02
1.123196500131629083e+00
-1.327242903004065833e-01
1.094486913771133829e-01
5.333375033935596615e-02
-7.648028044742884168e-02
-2.347189264193991903e-02
-7.081837123674797514e-03
-7.980681875831821537e-02
1.200679009016585308e+00
-2.114504474014245183e-01
-2.360038658015108093e-02
-3.772940574170874709e-03
-1.813301699910601847e-02
-1.043970507109793222e-01
1.805538003755082291e-02
7.863531225091043020e-02
-6.317068508314563346e-02
-5.399166672570165221e-02
-2.274295037964449082e-02
9.077316544391873798e-02
6.189078747952438120e-02
-3.182968312379340359e-02
2.004597023642484821e-02
1.671791974905482980e-02
4.885310179924935020e-02
1.206587716319434261e-01
-4.973405618249444188e-02
4.603489044972321198e-02
6.219373695136309194e-02
-6.009404330867727795e-02
-1.597344866618250273e-02
5.045425031638945020e-03
-3.657157577258899478e-02
4.947885720906338575e-02
6.835821453398769655e-03
-7.541288737997996205e-02
-1.854392551673516090e-02
-8.035980045183475917e-02
9.668342241522727420e-02
9.936344725734106223e-03
8.288225007746913980e-03
2.168890445666938477e-02
8.492932283516028968e-02
1.016074403853255669e-02
5.201338103722266681e-03
-3.161969233553690167e-02
6.332098864105874247e-02
4.755138475659836071e-03
3.156875501892623774e-03
2.597235232930737714e-02
-3.458602556687300628e-02
-6.210007573951036031e-03
-3.199844701796369928e-02
-9.881414513374967359e-03
9.565927009672901826e-02
-3.640382237651556413e-02
-5.290361022190452622e-02
5.351969984250226631e-02
1.956542840206072428e-02
-1.432477728050638756e-02
3.594053577908817854e-02
6.204057061306426750e-03
1.308148702357621318e-01
1.812735838829681277e-03
-1.584888960041920189e-02
9.994632434066677562e-02
4.409378430694598644e-02
-1.793205463642521397e-02
-2.118214858775356937e-02
6.206176518577968121e-02
1.023801679229312256e-01
-2.100125514575624380e-02
8.196087934101413397e-02
-4.375600657207966149e-02
3.943870879852904437e-02
-1.203664091808015479e-02
-1.698909816094202607e-01
1.594163654358747573e-01
-2.574302674902009813e-01
1.004239935753173663e-01
5.764639464419726855e-03
-5.035819408122056695e-02
5.412112474336919221e-02
2.329969555370553849e-02
-1.338021311326308138e-01
5.696309886616257590e-02
-2.930201318643600034e-02
-5.619036775789225391e-02
5.613827533126627099e-03
-2.979585931729806028e-02
-1.182500226808618805e-02
4.896036099476774872e-02
8.412077081908875958e-03
-8.869186786552636648e-02
4.418747944011292526e-03
3.893412032305774290e-02
-1.388429812501828231e-01
1.162708389702225981e-01
3.515760997689979829e-03
4.280165717688741434e-02
9.484727953059642058e-02
1.274761559584052482e-02
-1.296829838233465870e-01
3.539405983656981891e-02
-2.787147995308889362e-02
-5.276896402849584611e-02
4.026196838230723662e-02
-1.155734435301384623e-02
-3.780765060892115476e-02
-3.794980591009557841e-02
-7.457857301843537345e-02
2.457147346590535242e-02
-6.548999602599306358e-02
-9.728068302844236756e-04
-3.654703102376268692e-02
-9.107759317092388451e-02
6.739605966586348362e-02
2.140219079700891522e-02
-3.568677935417702979e-02
3.044001257673786820e-02
-5.014862106072849601e-02
8.835747512075130261e-02
1.273086346555342696e-01
-1.579877532201110629e-02
1.318857929052207403e-02
2.869420215183677431e-02
7.844824512972767283e-02
-1.733230437728065440e-02
-5.288050445093346597e-02
3.305933790507904757e-02
-2.029283706388758726e-02
-5.579295492438646198e-01
5.753720104110297828e-02
5.811109254682883529e-02
-3.131637374623966012e-03
2.986368587771850297e-02
-1.879556275217461950e-02
-3.329541239862740531e-02
-2.449752321560461424e-02
1.576462392310182432e-03
-5.011424984277649403e-02
2.187620902705158382e-02
7.419894709383318158e-04
6.035512316679220168e-02
1.128154532253213861e-02
-6.475065420289510820e-02
-1.562271120395727908e-02
-9.297000258916035542e-02
3.987497974719008548e-02
8.215935116509930081e-02
-4.661962874199942868e-03
6.897015147159372972e-02
1.882011285699791009e-02
-5.270987309914953317e-02
-8.634207058786966260e-02
-1.500505406157676969e-01
-1.007041407826805568e-01
-1.556723378724003334e-02
-6.710797844164083370e-02
6.567657039545368725e-02
6.724117137453564097e-02
5.974854579683066408e-02
-9.899101800734746298e-03
-5.842633938773327679e-02
-7.128693438386667081e-02
-3.510130104165143372e-02
-3.848910124599628363e-02
6.148856638899655169e-02
-5.275550797875014700e-03
3.521291644804677018e-02
-1.203538797185333548e-01
4.142445182013630711e-02
-3.479711611984270120e-02
-4.481218061118810020e-02
-7.744795199244229600e-02
-1.395936492215608393e-01
1.205169305492584907e-02
-1.305047651519583574e-01
6.793388031726241283e-02
5.640312938191966580e-02
-3.316242968861404794e-03
-6.708869685251338255e-02
2.948185506769294625e-02
-7.472871232577442402e-02
4.473494713473871731e-02
9.072592555055650210e-02
-1.572399846284314867e-02
-7.177013814872977571e-02
-1.834286710317518387e-01
-1.321016806461520476e-01
1.672848106096615772e-01
2.287106047140543066e-02
-8.924164310218431206e-02
-4.576202739825262211e-02
8.486173015327463931e-02
1.048129045991531838e-01
-1.264127263287214420e-01
1.990763376109705440e-03
-2.748921486097488740e-03
-2.418022324252457056e-02
-1.022406263482829661e-02
-3.103385695654598334e-02
-6.662123971877102757e-02
3.363915671412927300e-02
-1.679289156651285475e-01
4.901315327166576308e-02
2.814709955767177516e-02
-4.716365967189647956e-02
5.642828471440167193e-02
-2.228825301604045461e-01
7.650906714586319657e-02
6.356240841959297228e-02
5.333670327902419184e-02
-5.839917734171615193e-02
-2.586029951649201561e-02
9.745017801620042830e-03
7.718570809765042118e-02
5.424242647030258491e-03
-2.000220459977019791e-02
7.739737709829394574e-02
5.490215764695827172e-02
-9.862077936011860724e-02
-8.909216079714145364e-02
7.898178812487202660e-02
2.368501311776497614e-02
-6.798020612047342426e-02
-5.799256433366484220e-02
-8.243282837089024873e-02
-4.131100109210920912e-02
-1.019529950278066227e-01
7.721370210853174820e-02
3.889597134190262567e-02
3.276544720946558686e-02
1.794330223008288802e-02
9.718318692275207393e-02
-1.151036690350361671e-02
-1.266239240016307499e-01
5.451970197061840363e-03
-1.102625029822191238e-01
-1.138831855059123377e-01
-7.503662502148111813e-02
8.910444388354857304e-02
7.733776842257290840e-02
3.184528335766336621e-02
-1.043764194106129584e-01
-3.597212187861065918e-02
2.210956553066589503e-01
1.029036202197655542e-01
-8.384196261097054403e-02
1.873709847447494609e-02
5.839792582375519236e-03
9.821517506483183613e-03
1.247788473140375026e-01
1.896859135894012061e-03
1.037734341292925605e-01
1.772455617209666573e-02
-1.263822185699242373e-01
3.578011652821248140e-02
1.383725278824633233e-03
3.362431203289993342e-01
-1.251017353772998497e-01
-1.052029033045730026e-02
1.416498200327884205e-02
-7.469788320715842200e-02
-3.847376881197531184e-02
-5.918735871594100334e-02
-6.171616055399347517e-02
-2.724349109253425966e-02
3.568842900124681583e-02
-1.216508165338798381e-01
1.476788194571401480e-01
1.590271487060139766e-01
6.011834525230716486e-02
6.774159288435663284e-02
-6.349272332822052112e-02
1.207763482629773365e-02
-1.163734812963443666e-01
8.313266436026486850e-02
-8.233629902265481026e-02
1.489647014947202142e-01
3.649863423505279869e-02
-1.195704723229498723e-02
-2.711211741328026573e-02
-5.566059181395705685e-02
-5.609081405669552600e-02
-6.001743871553994044e-04
-2.145050546043178116e-02
-4.670764294770307634e-02
-7.288572090633867184e-02
1.429919436093215340e-02
5.156819235359018372e-02
