-8.630336821079254150e-02
1.524270325899124146e-01
-9.902260452508926392e-02
-3.459710255265235901e-02
1.950837671756744385e-02
7.022846490144729614e-02
3.456426784396171570e-02
-1.720541901886463165e-02
-5.683001596480607986e-03
1.146942853927612305e+00
-6.652624160051345825e-02
1.086202636361122131e-01
1.167443692684173584e-01
-1.460696291178464890e-02
1.648942125029861927e-03
2.916293777525424957e-02
-9.971045888960361481e-03
1.074738025665283203e+00
-1.650484353303909302e-01
-3.691515326499938965e-02
-3.384875133633613586e-02
2.340730279684066772e-03
-8.427636325359344482e-02
1.421857066452503204e-02
5.044488608837127686e-02
4.856804013252258301e-02
-7.653596252202987671e-02
1.356775965541601181e-02
1.234193295240402222e-01
3.694350644946098328e-02
-1.071788836270570755e-02
2.448843233287334442e-02
4.966550506651401520e-03
4.628441855311393738e-02
9.306541085243225098e-02
-4.337500035762786865e-02
3.144068270921707153e-02
4.781246185302734375e-02
-3.211332485079765320e-02
2.120803110301494598e-02
-2.032800018787384033e-02
-1.091011241078376770e-02
4.734440147876739502e-02
-6.320378277450799942e-03
-1.030612085014581680e-02
-1.483585406094789505e-02
-3.283700346946716309e-02
4.598642885684967041e-02
3.806610777974128723e-02
-1.828514784574508667e-02
1.755670271813869476e-02
-2.199260197812691331e-04
-1.104683335870504379e-02
-3.826353326439857483e-02
-1.128875464200973511e-02
-2.368481643497943878e-02
3.609481081366539001e-02
-2.215509535744786263e-03
-6.985922344028949738e-03
-4.672969505190849304e-02
4.771258682012557983e-02
3.678854182362556458e-02
5.815537297166883945e-04
1.376980394124984741e-01
-3.180889040231704712e-02
-9.941013157367706299e-02
9.077406488358974457e-03
-5.490553565323352814e-03
-3.098437003791332245e-02
5.080388113856315613e-02
2.247433876618742943e-03
1.239554584026336670e-01
4.581328108906745911e-02
-2.725228434428572655e-03
6.446734815835952759e-02
-4.867829009890556335e-02
-1.944702491164207458e-02
-3.018765710294246674e-02
3.034725552424788475e-03
3.860973194241523743e-02
-2.551306784152984619e-02
6.460081040859222412e-02
-1.008232757449150085e-01
-9.750543162226676941e-03
1.901293545961380005e-02
-2.506331205368041992e-01
1.397611200809478760e-01
-1.321827024221420288e-01
2.489700680598616600e-03
3.385995328426361084e-02
1.956874690949916840e-02
9.825284779071807861e-02
4.248729906976222992e-03
-2.129331976175308228e-02
9.679526090621948242e-02
-4.416323825716972351e-02
-5.309690907597541809e-02
-2.138967625796794891e-02
-7.520050555467605591e-02
-1.056997664272785187e-02
-3.228146582841873169e-03
6.396392732858657837e-02
-1.277391314506530762e-01
-1.304511562921106815e-03
7.475545257329940796e-02
-4.272925853729248047e-01
1.994091318920254707e-03
1.491499692201614380e-02
1.031130403280258179e-01
8.810933679342269897e-02
7.067614048719406128e-02
-4.906506836414337158e-02
4.512321949005126953e-02
-4.398565366864204407e-02
-6.602520495653152466e-02
-1.461828034371137619e-02
8.139624260365962982e-03
-1.680416427552700043e-02
1.213904563337564468e-02
-6.831456720829010010e-02
7.716136518865823746e-03
3.303884342312812805e-02
1.813697442412376404e-02
-6.980524864047765732e-03
-1.180799007415771484e-01
6.113854795694351196e-02
2.468301355838775635e-02
-1.844024844467639923e-02
-1.420168019831180573e-02
6.031317636370658875e-03
4.729491099715232849e-02
-5.987159907817840576e-03
-3.066298784688115120e-03
-1.222086604684591293e-02
-8.611737575847655535e-05
4.673950001597404480e-02
-1.222722884267568588e-02
-6.876238435506820679e-02
7.372395694255828857e-02
1.686557009816169739e-02
-3.572502732276916504e-01
3.752357885241508484e-02
6.045657768845558167e-02
-2.979781106114387512e-02
-2.972742542624473572e-02
9.348427504301071167e-02
-4.058888927102088928e-02
-1.862979680299758911e-02
2.473923936486244202e-02
-4.123521503061056137e-03
-1.218442060053348541e-02
-1.989055983722209930e-02
9.712323546409606934e-02
2.117166481912136078e-02
-7.902451604604721069e-02
-7.907925173640251160e-04
-6.480614840984344482e-02
-5.340100824832916260e-02
-4.822294414043426514e-02
-1.029670122079551220e-03
6.546590477228164673e-02
-2.835535630583763123e-02
-2.131357043981552124e-02
-6.836974620819091797e-02
-1.159211993217468262e-01
-7.334897667169570923e-02
1.317617204040288925e-02
-4.577093571424484253e-02
8.413194119930267334e-02
8.618241548538208008e-02
8.914849907159805298e-02
2.087356150150299072e-02
-4.946325719356536865e-02
5.120112374424934387e-02
-3.551558032631874084e-02
-4.162488132715225220e-02
3.977311402559280396e-02
-4.047768563032150269e-02
8.551941066980361938e-02
-9.956395626068115234e-02
-2.680044434964656830e-02
-2.087353356182575226e-02
-3.409708663821220398e-02
-4.702920466661453247e-02
-5.346324760466814041e-03
-1.631405763328075409e-02
-2.736609429121017456e-02
9.331380575895309448e-02
3.207329660654067993e-02
-2.378642931580543518e-02
4.767619073390960693e-03
-2.680469863116741180e-02
2.254943549633026123e-02
4.414559900760650635e-02
-8.737746626138687134e-03
2.500915154814720154e-02
-7.476443052291870117e-02
-8.061149716377258301e-02
-7.472825795412063599e-02
1.017098799347877502e-01
-6.828853487968444824e-02
-3.826305642724037170e-02
1.921618590131402016e-03
2.302034571766853333e-02
1.096937060356140137e-01
-5.035815760493278503e-02
6.018213555216789246e-02
1.711660809814929962e-02
-2.978608384728431702e-02
-4.497700184583663940e-02
7.559160236269235611e-03
-5.653028562664985657e-02
-2.425826340913772583e-02
-1.146842092275619507e-01
3.555434569716453552e-02
-2.357105910778045654e-02
-1.255481597036123276e-02
6.670892983675003052e-02
-8.121436089277267456e-02
6.620553135871887207e-02
2.989302203059196472e-02
1.518454588949680328e-02
-7.155855000019073486e-02
5.418484099209308624e-03
4.322450142353773117e-03
6.736533343791961670e-02
5.373495072126388550e-02
-8.475569076836109161e-03
1.081459373235702515e-01
5.630995333194732666e-02
-1.492641866207122803e-01
-9.942045435309410095e-03
5.306575819849967957e-02
8.575575053691864014e-02
-6.741619855165481567e-02
-2.916923351585865021e-02
-7.820342481136322021e-02
-3.428201749920845032e-02
1.130984909832477570e-02
4.901957139372825623e-02
-3.297987161204218864e-03
2.559437416493892670e-02
3.258187556639313698e-03
3.076916746795177460e-02
1.770718768239021301e-02
-8.522086590528488159e-02
-8.469819277524948120e-02
-8.435427397489547729e-02
-8.115825057029724121e-02
-1.248955074697732925e-02
4.971427470445632935e-02
4.721763730049133301e-02
4.142694175243377686e-03
-3.293332457542419434e-02
4.264088347554206848e-02
6.596808135509490967e-02
3.129852935671806335e-02
-9.787779301404953003e-02
1.181522291153669357e-02
-7.546338252723217010e-03
3.650568891316652298e-03
8.093589544296264648e-02
8.543286472558975220e-03
1.307525932788848877e-01
-2.750468626618385315e-02
-8.673676289618015289e-03
1.787807047367095947e-02
-2.982659637928009033e-02
3.106584250926971436e-01
-4.461443796753883362e-02
1.050280220806598663e-02
-4.707602318376302719e-03
1.065068691968917847e-02
-3.854000568389892578e-02
-7.954195886850357056e-02
-1.363842189311981201e-02
-1.456718705594539642e-02
3.811673074960708618e-02
-9.900598973035812378e-02
1.832296103239059448e-01
2.103060781955718994e-01
2.204521559178829193e-02
6.260651350021362305e-02
-9.799420088529586792e-02
8.379113860428333282e-03
-2.067575976252555847e-02
9.979804605245590210e-02
-8.963672071695327759e-02
1.297243684530258179e-01
2.013561688363552094e-02
-3.964676335453987122e-02
-3.901455784216523170e-03
-3.129557892680168152e-02
-1.958397589623928070e-02
-4.126819968223571777e-02
4.734214767813682556e-02
-5.124550312757492065e-02
-5.006113648414611816e-02
-3.055174276232719421e-02
1.750992424786090851e-02
