-6.039607651724033383e-02
1.636888237031874915e-01
-7.034035331575970440e-02
-5.833240225932210393e-02
-1.631266202068625427e-03
-3.571133975553468509e-02
9.865964005625581235e-03
-6.141519225573667529e-02
3.484594591438411326e-02
1.727996732719266459e+00
-2.069654909253423880e-01
9.294069942279724328e-02
6.352131717620086715e-02
-3.378085642396880944e-02
-5.062820273678948074e-02
-3.577448314345735986e-02
-1.876308237890356861e-02
1.134138791257625289e+00
-1.868931764584090827e-01
-3.993362231345695679e-02
-2.416051447678059169e-02
-2.317924137352038103e-02
-6.748031488607442174e-02
-3.543689385503777378e-02
8.667847710378540071e-02
4.285858737451016254e-02
-2.356638076382155597e-02
5.433390886331959831e-03
6.053443963862965849e-02
-9.579654801943199294e-03
2.194486408528764296e-02
2.814091110799701173e-02
-1.764390774603078263e-02
2.391512913207489988e-02
8.084254465367833598e-02
-7.845281695653051612e-02
-1.112277978300610023e-02
6.142368731978194683e-03
-4.701385627499696934e-02
2.000410663803692778e-03
5.032097987491415160e-03
3.563194991516179660e-02
1.366906994227972370e-02
-2.406793179109602970e-02
-7.082484714605300283e-03
7.690996320995182114e-03
-9.743444134296852521e-02
5.601441854901426098e-02
3.236065491114713255e-02
-1.309393349259433282e-03
-2.938774940158768792e-02
-2.022890651827556271e-02
1.991523517982668814e-02
-5.148938701874520435e-02
-1.960209052943077609e-02
3.571981016189956781e-02
2.196067754887033856e-03
1.001664610413384275e-02
-8.038486654395427672e-03
-3.194101669810225225e-02
1.382689980917716985e-02
-2.859482546938755046e-02
-2.509865833813073113e-02
1.461224239233628319e-01
2.875189686603643949e-02
-4.791351837403547143e-02
2.693460017788247909e-02
4.727636785818890852e-02
1.294286821373293126e-03
7.132277053538964295e-02
5.145802442191350912e-03
4.201201227502726621e-02
9.733124993687633508e-02
-1.713574846041389030e-02
9.647977486314790463e-02
1.502169165732436529e-02
3.517128921241869516e-02
-2.628067454891831398e-02
3.631043853901547158e-02
1.168653957348604194e-01
3.653539105029566993e-03
9.243807726588695872e-02
-5.165692116233385617e-02
-6.261792289065972079e-03
1.236764053063012583e-02
-1.744971569102735098e-01
-8.248157420312689225e-02
-3.845367228214761901e-02
1.236152088888215622e-01
4.816810004721649996e-02
-1.392538652985244284e-02
-2.944276167282753459e-02
-3.420523532264397454e-03
-2.658546912242960511e-02
7.240118306366905010e-02
-1.056157886796549872e-01
5.148412211082999818e-03
1.311927172495505611e-02
-4.734883776713933595e-02
-3.342489025951399934e-02
6.678167797842686276e-04
2.589806625396416651e-02
-6.925123343635114503e-02
-3.091499828855971861e-03
4.578221894820829613e-02
-5.781955091302064531e-01
3.423162249272815316e-02
1.983891670012220831e-02
7.372641699995960418e-02
3.072028595650022273e-02
4.758567774613178120e-02
-6.652068530834646942e-02
1.972236083126287579e-02
-8.896110761826848956e-02
-1.363422765359249486e-03
-3.302854862289419241e-02
2.367672092461014718e-02
-1.067498052635034063e-02
1.734844955661939830e-02
-3.148444917030258916e-02
7.295981957994990275e-02
2.006548330316022463e-02
-2.296733326831596270e-02
-4.455959646936735047e-02
-2.720133315595584314e-02
5.400423370399547868e-02
3.746328964544701906e-02
-4.452799913141841648e-02
1.225465312127570379e-02
-2.847082298105280129e-02
7.706734726598796215e-02
-1.621386190089332477e-02
-4.602806193946188534e-02
-2.181322955172100217e-02
4.179588080232699010e-02
6.604904503368277946e-02
3.108533403779339954e-02
-3.121159516965115246e-02
6.819539550761523350e-02
5.180227522926513645e-02
-4.545042835716882612e-01
4.520573027133074906e-02
1.119535226790692034e-01
-8.575007203987900298e-03
-9.564045503954066163e-03
1.084352563483466717e-02
-4.906018336161273308e-02
7.367184264912333969e-03
1.498709989066981767e-02
-6.451560558947400104e-02
-4.120936335368440007e-02
-2.299889707181957885e-02
9.310070212448996740e-02
1.227888373063366120e-03
-5.017845059184745243e-02
4.648721556478002670e-02
-4.469007702349209882e-02
-3.780504213662232941e-03
-2.629847739415424462e-02
-5.433335653127903397e-02
1.924172148956692155e-02
3.836244280996242706e-02
-4.812368860592655673e-02
-1.060597610643154304e-01
-1.200923877913788185e-01
-1.150831228159212988e-01
6.283631497949743183e-02
-6.499804001030178024e-02
9.166177458287884383e-02
-1.660802873010342254e-02
4.619125633130327646e-02
-1.204871316103098625e-02
4.490422799130408538e-02
4.449276429245949821e-02
-4.516024572779057250e-02
4.340998045060194543e-02
2.919633873293136020e-02
4.359112563376156546e-02
9.072393055892215286e-02
-2.625526530243808832e-02
-8.803846258849936865e-03
-1.808437084961923846e-02
-7.038334841988849733e-02
-5.137937036672322877e-02
-1.992788161094109778e-02
-1.560047349847745735e-02
-5.515773182796025048e-02
3.340773640442572939e-02
2.633987270797984170e-02
-3.430028920105644002e-02
-6.440427517624126852e-02
1.707846965519330823e-02
-1.758134233413626707e-02
2.296517720074334537e-02
-2.803421239344726021e-02
7.052133674453602008e-02
-4.561780153541995092e-02
-9.471795401062498010e-02
-4.607764952101765787e-02
1.399436274138488312e-01
3.400956923150728894e-02
-7.015395703298589469e-02
-6.518528846250959408e-02
1.998366714703773278e-02
1.319165227447178235e-01
-5.229051209544045495e-03
4.512973431408566841e-03
1.361716947030410484e-02
-1.973396572195794396e-02
-1.920764506843236153e-03
-5.354874125106047489e-02
-4.615771794075465562e-02
-2.489159300135337233e-02
-1.329599726548297278e-01
3.202942927688057911e-02
4.622864526522037915e-02
-3.664109211509716107e-02
3.366575437194481435e-02
-1.314558304801438093e-01
3.450421808088918740e-02
-7.394307220179119865e-03
-7.215509818057091627e-04
-7.924452970347029002e-02
-1.246790359060012850e-02
1.451582257706136685e-02
2.354014893712378168e-02
6.159690752446673329e-03
1.502319183059881713e-02
5.541729237996404628e-02
2.772691654483799839e-02
-1.232134425625176777e-01
1.169473440561497567e-02
5.839487495833838027e-02
4.239964284632165986e-02
-4.551026248712277539e-02
-2.942667500214620618e-02
-2.428821167194380320e-02
-8.580261262523734833e-02
-1.007471790035551276e-02
3.032280217612511736e-02
-3.646940759074657895e-02
1.783220168388680027e-02
3.805987926337211363e-02
5.362012622207409235e-02
6.744780620025855877e-02
-1.034436245732840431e-01
-6.045703424837393231e-02
-9.211442647103380843e-02
-1.583450743344241018e-01
-7.096688524812649369e-03
8.183589804771139453e-02
5.580223625040399427e-02
-1.621759901893204958e-02
-2.745082942913485216e-02
1.105876154058346543e-02
1.846829645649012142e-01
9.014960781268936685e-02
-1.201128477482527324e-01
-3.851314907299746397e-03
3.098915922123076164e-02
1.379901591789379003e-02
1.099237497727548196e-01
-4.266253119886983386e-03
1.064120305493273522e-01
1.358063665104987210e-02
-1.330750470902516969e-01
-1.004523027354007648e-02
-8.517242149310185265e-03
3.331903266775744221e-01
-5.604831201016038239e-02
-1.641175458056851749e-02
-2.033042120210176718e-02
-5.857044947834606080e-02
-9.271653940936451510e-02
-7.565030785409848635e-02
-1.839121447637028775e-03
4.258053158960529994e-02
9.963752815315315980e-02
-6.408072301210963884e-02
1.524181096735749141e-01
1.478195824748515241e-01
4.563616657576859137e-02
5.383261624853553223e-02
-5.987065488274148639e-02
-4.419101740824344510e-02
-5.529738898441603073e-02
4.999068531465882675e-02
-8.418027928432916807e-02
1.062539294479457053e-01
-1.327839168169009897e-02
-1.297803627969336959e-01
3.435118265336525173e-02
6.919069883101290792e-03
-4.916102834283975556e-03
-3.014392155433179982e-02
-1.019637199121066137e-02
-5.873855173489071768e-02
-6.272399825904940995e-02
-1.355012326473053856e-02
3.589898667585747494e-02
