-3.005494922399520874e-02
1.436682641506195068e-01
-7.669036090373992920e-02
-3.408070281147956848e-02
3.706394881010055542e-02
3.757881000638008118e-02
-3.956198692321777344e-03
-2.781652286648750305e-02
1.843859441578388214e-02
1.225920557975769043e+00
-1.286378353834152222e-01
1.071322485804557800e-01
7.744447886943817139e-02
-4.070149362087249756e-02
-2.771529927849769592e-02
-3.548154234886169434e-02
-2.135062217712402344e-02
1.188523292541503906e+00
-1.757661402225494385e-01
-7.224914431571960449e-02
-1.318439375609159470e-02
-4.709353670477867126e-02
-8.764381706714630127e-02
-2.413278445601463318e-03
5.076355487108230591e-02
1.769952103495597839e-02
-8.226715028285980225e-02
-5.245849024504423141e-03
3.506424650549888611e-02
5.735857039690017700e-02
-2.395633608102798462e-02
-9.192715398967266083e-03
-1.622792216949164867e-03
5.838043987751007080e-02
6.528344750404357910e-02
-7.531442493200302124e-02
-9.363185614347457886e-03
4.203206300735473633e-02
-2.315496094524860382e-02
-2.230295166373252869e-02
1.331170275807380676e-02
2.759768441319465637e-02
4.211056977510452271e-02
-2.480282634496688843e-02
-2.621025033295154572e-02
-8.371885865926742554e-03
-6.403449922800064087e-02
2.596730925142765045e-02
-5.708879232406616211e-02
-3.889428218826651573e-03
5.332925356924533844e-04
2.134454436600208282e-02
-2.380700409412384033e-02
-1.228976715356111526e-02
-4.287737607955932617e-02
7.842786610126495361e-03
-2.520495909266173840e-04
2.382609434425830841e-02
1.739988569170236588e-03
-6.477738916873931885e-02
3.270964138209819794e-03
2.266548015177249908e-02
-1.606897078454494476e-02
1.625790894031524658e-01
-4.932906106114387512e-02
-4.957719892263412476e-02
2.302552573382854462e-02
5.811489373445510864e-02
-1.669705659151077271e-02
7.789666205644607544e-02
2.118559367954730988e-02
6.319248676300048828e-02
8.720812946557998657e-02
2.159759029746055603e-02
8.170315623283386230e-02
4.618624225258827209e-03
1.002900674939155579e-02
-2.831909805536270142e-02
1.680776663124561310e-02
1.243368908762931824e-01
-2.530205808579921722e-02
6.153551116585731506e-02
-4.506079107522964478e-02
3.801042214035987854e-02
1.967750117182731628e-02
-1.656222641468048096e-01
9.304139018058776855e-02
-8.841135352849960327e-02
8.226662874221801758e-02
5.513608455657958984e-02
-4.190769419074058533e-02
5.864705517888069153e-02
-1.250131800770759583e-02
-6.461825221776962280e-02
5.815007165074348450e-02
-6.825813651084899902e-02
-5.200250446796417236e-02
1.059043500572443008e-02
-2.456700615584850311e-02
-2.213199622929096222e-02
3.469496965408325195e-03
6.491825729608535767e-02
-1.008928492665290833e-01
-7.260318379849195480e-03
6.415930390357971191e-02
-4.523987770080566406e-01
8.560615032911300659e-02
1.813794299960136414e-02
5.467555299401283264e-02
4.335774108767509460e-02
1.545416470617055893e-02
-1.310926973819732666e-01
4.440220072865486145e-02
-4.977975413203239441e-02
-3.077528439462184906e-02
1.115049421787261963e-02
-2.154836431145668030e-02
1.548443175852298737e-02
-2.084111794829368591e-02
-2.556798048317432404e-02
-1.624822989106178284e-02
8.454002672806382179e-04
-6.438099313527345657e-03
-3.099590167403221130e-02
-9.331628680229187012e-02
3.311871364712715149e-02
-1.216528750956058502e-02
-9.003560245037078857e-02
5.871418863534927368e-02
-4.114666581153869629e-02
9.585356339812278748e-03
6.263286620378494263e-02
-5.127603933215141296e-02
5.276865325868129730e-03
5.593188107013702393e-02
6.228279694914817810e-02
7.572642993181943893e-03
-2.052113786339759827e-02
4.144155234098434448e-02
-1.328979036770761013e-03
-5.171554684638977051e-01
5.449966713786125183e-02
7.396621257066726685e-02
-1.689784042537212372e-02
3.081741370260715485e-02
-2.166114374995231628e-02
-4.602726921439170837e-02
2.195425145328044891e-02
3.282812982797622681e-02
-2.677466347813606262e-02
2.565105631947517395e-02
-1.442163367755711079e-03
4.621281847357749939e-02
2.573344483971595764e-02
-8.131761848926544189e-02
-1.208510808646678925e-02
-5.938001722097396851e-02
8.635209500789642334e-02
1.754246652126312256e-02
-2.180054411292076111e-02
6.998264044523239136e-02
2.339316718280315399e-02
-3.908458352088928223e-02
-8.511668443679809570e-02
-1.235225722193717957e-01
-4.336003586649894714e-02
8.981296792626380920e-03
-2.763404138386249542e-02
9.054411202669143677e-02
5.697982385754585266e-02
6.352102011442184448e-02
9.413940832018852234e-03
-3.427657485008239746e-02
-5.996274575591087341e-02
-7.498762756586074829e-02
4.511356819421052933e-03
3.628393635153770447e-02
-4.496265202760696411e-02
5.083483085036277771e-02
-8.611311763525009155e-02
-1.510337833315134048e-02
-3.102895058691501617e-02
-6.795106083154678345e-02
-8.323122560977935791e-02
-5.653074011206626892e-02
-1.975082233548164368e-02
-5.501595139503479004e-02
3.376969695091247559e-02
6.348913162946701050e-02
1.101414207369089127e-02
-1.811190880835056305e-02
4.869523923844099045e-03
-2.886606752872467041e-02
6.328181177377700806e-02
3.638211265206336975e-02
3.713860735297203064e-02
-5.472512170672416687e-02
-1.101026907563209534e-01
-1.081316620111465454e-01
1.087730154395103455e-01
3.119714790955185890e-03
-1.155592650175094604e-01
-3.043252974748611450e-02
6.924945116043090820e-02
1.435027718544006348e-01
-5.458506569266319275e-02
1.720499992370605469e-02
2.465717121958732605e-02
-6.378506869077682495e-02
9.004349820315837860e-03
-2.580294944345951080e-02
-6.634833663702011108e-02
-7.974437437951564789e-03
-1.162790805101394653e-01
2.366701140999794006e-02
5.485139414668083191e-02
-6.264108419418334961e-02
5.139763280749320984e-02
-1.076960116624832153e-01
6.214753910899162292e-02
6.776002049446105957e-02
3.457720205187797546e-02
-5.314370244741439819e-02
-1.353741623461246490e-02
-2.275224309414625168e-03
4.009160399436950684e-02
-2.988544292747974396e-03
-3.098275326192378998e-02
9.058865159749984741e-02
5.927300825715065002e-02
-3.234828636050224304e-02
-7.300052046775817871e-02
7.609047740697860718e-02
1.492343749850988388e-02
-8.133709430694580078e-02
2.154493471607565880e-03
-8.656973391771316528e-02
-1.666412129998207092e-02
-6.234651431441307068e-02
1.596357487142086029e-02
-2.387111075222492218e-03
1.306725945323705673e-02
2.157546766102313995e-02
5.730729550123214722e-02
5.138310790061950684e-02
-1.128825098276138306e-01
-2.686142548918724060e-02
-4.789935052394866943e-02
-9.280998259782791138e-02
-2.606019377708435059e-02
6.729834526777267456e-02
6.792607158422470093e-02
9.772637858986854553e-03
-8.147107064723968506e-02
3.743956610560417175e-02
1.823027580976486206e-01
1.145658791065216064e-01
-4.899314418435096741e-02
-1.080872770398855209e-02
-1.864839531481266022e-02
3.459423780441284180e-02
1.169701814651489258e-01
1.074962317943572998e-02
3.166904672980308533e-02
-1.226314110681414604e-03
-1.135462224483489990e-01
2.433398552238941193e-02
4.407723993062973022e-02
3.393005132675170898e-01
-6.884777545928955078e-02
2.849415875971317291e-02
7.118716370314359665e-03
-1.861897669732570648e-02
-1.075576245784759521e-01
-6.401454657316207886e-02
-4.206527397036552429e-02
1.306487526744604111e-02
2.597919292747974396e-02
-6.412150710821151733e-02
1.351346522569656372e-01
1.491614282131195068e-01
2.849795669317245483e-02
1.782974414527416229e-02
-8.743140846490859985e-02
1.736146025359630585e-02
-8.505570143461227417e-02
3.000880964100360870e-02
-9.288362413644790649e-02
1.411179155111312866e-01
2.065041847527027130e-02
-1.011714860796928406e-01
6.226664409041404724e-03
1.379759702831506729e-02
-3.355553373694419861e-02
-1.824694871902465820e-02
-2.108790539205074310e-02
-4.434166103601455688e-02
-3.023743815720081329e-02
-3.257827460765838623e-02
4.925188049674034119e-02
