-1.368375040553506949e-01
2.151347683846739633e-01
-8.755893567556193025e-02
2.435930939413373866e-02
-5.027217822749546761e-02
-5.377167479250383186e-02
-9.728698213641510939e-02
-1.290820079591346037e-01
9.374970641766292023e-02
1.230328417642873706e+00
-1.098379010569590503e-01
9.922994918755198568e-02
-8.543777393189265490e-02
-1.664439616298062780e-02
-7.931193381667685227e-02
-1.502432686854588556e-02
-5.823736061493521576e-02
1.233135456228517501e+00
-2.568033792188173514e-01
-4.232796740500145011e-02
-3.710343485071299074e-02
-3.203717253434678648e-03
-8.123341553377809443e-02
-9.491415427383857045e-03
8.197599780416069126e-02
-6.229933157956378531e-02
-3.225526017345001217e-02
5.592511102109658933e-02
3.420166703096972488e-02
9.203874770144601647e-02
4.524494768284464258e-02
-6.570035084263610436e-02
1.082666948727527972e-02
-1.713654903005093141e-02
1.882256376764938621e-01
-3.417054898522090705e-04
4.709125764253539737e-02
1.085612778363028719e-01
-2.288702333188864790e-02
-2.621902811544095987e-03
6.027676579402513639e-04
-1.068283787334278617e-01
1.450700812354069891e-01
-1.719083362743759405e-02
-4.953108344095409621e-02
-5.216938068531981609e-02
-8.419777021474882106e-02
2.356198869700173448e-01
-5.918899308147779204e-02
-1.918971343467221549e-02
-3.829083350609022857e-02
3.501565831180918076e-02
-4.335680713315830104e-02
-1.541350034854095108e-01
5.411764200460211782e-02
6.951723927226653721e-02
-6.647300573041406424e-02
5.874735717180156608e-02
5.856659852685863754e-02
-7.709174675070898375e-02
4.602572501528193888e-02
-8.347610568588349766e-02
-1.321170915181479368e-02
9.391397552133959326e-02
-8.120714480764798515e-02
-6.729991952712419123e-02
1.660068371020432809e-01
2.763869994147142434e-02
2.992558402138594670e-02
-6.418531429907256558e-02
1.001213825958753856e-01
9.706341918672525826e-02
4.166501934355302389e-02
9.604138200597059707e-03
7.605450078163361605e-02
6.466175928784910487e-02
8.109482999155735727e-02
-4.119849254473098576e-02
5.198377793181499507e-02
1.967487830816406214e-01
-4.435466413867483054e-02
1.103127411289595294e-01
-2.606011505452646149e-02
-8.586237227994007737e-02
-5.781317572867919127e-03
-9.827673626942810825e-02
2.235901549864216242e-01
-2.052171068783757990e-01
9.467944253489793405e-02
3.915042790995681282e-02
-1.310655285171007448e-02
1.280131529584331226e-02
3.428941145196585938e-02
-7.817913658295838619e-02
-1.785352358108133544e-02
-1.625910115031039757e-02
2.346836039666653356e-02
1.065450522059855076e-01
2.643655611321411858e-02
-3.539789272861530722e-02
1.792021937176824578e-02
-3.118345711678031928e-02
-6.796207491626249375e-02
1.124658250587477898e-01
1.149877951950827176e-01
-2.579972954020778517e-02
-1.242262099271853118e-02
2.493439070861224946e-02
-1.700426602781453765e-03
6.787905472437394394e-02
1.065428111941457701e-01
-2.484099580623503056e-01
1.174587578468687041e-02
-5.260946550164844610e-02
1.740687964603834445e-02
6.450020092775149427e-02
4.588799086183874276e-02
-3.824182972099187533e-02
-2.173546374031100001e-02
-1.566705371257177404e-01
-5.625167244071359318e-02
-6.633061707366834370e-03
-1.047577033656592327e-01
-1.077808968400206374e-01
-4.701394273406419438e-02
3.447679527164899949e-02
-5.311057140674008831e-02
-1.608635852642961370e-02
-6.787068762776703179e-02
-1.866277473043661261e-01
1.197685486886342493e-01
1.105952358397801344e-01
-4.943250338520006892e-02
3.402114814493541195e-02
-1.702403115284381943e-02
-4.247510108627030462e-03
-3.430325630567886835e-02
-1.008032263504944105e-02
2.834604988488440697e-02
-2.667096448373976539e-02
-3.842406019205138468e-01
1.460915814051367279e-01
1.150685107656251593e-01
4.037395187191229751e-02
3.437606227875635023e-02
4.467948852946408006e-02
-1.252161842469511344e-01
-3.832044128478519912e-02
7.714080802901501256e-03
-2.947688500998336611e-02
1.191038782774749283e-01
-7.370066035670802540e-02
-5.026915861083257504e-03
5.122872330514525313e-02
-7.600097093550520211e-02
-8.541759503925704100e-02
-3.277499632434913851e-02
1.820497809171167658e-01
6.748780732981932151e-02
-6.206752385924080989e-02
1.038514146910793495e-01
9.676388202123688623e-03
-7.293624534652423663e-02
-1.897557692452225275e-01
-2.052217650514575331e-01
-1.084866687783717920e-01
2.604631668468348690e-02
-9.163520899304546108e-02
-4.252888781694366162e-03
-8.167533401645376070e-03
1.131619674964425698e-01
3.234372142465252384e-03
-4.569201486575693444e-02
-9.561918002374963921e-02
-5.095837801004098749e-02
-1.320096526153723832e-02
7.598275904452805873e-02
-5.989067443926556801e-03
1.088337516033510005e-01
-1.303523289456213485e-01
8.694049469641550176e-02
4.840877688274744517e-02
-4.363327361999078113e-02
-3.904436395112660663e-02
-2.330304711847761834e-01
-5.375997064333206538e-02
-2.748451294455411809e-02
4.822935893047719524e-02
7.595499594151777778e-02
-4.510517374378858121e-03
-1.166638078271086537e-01
7.897404990492629118e-02
-9.376973974238972734e-03
3.262234329514310076e-03
-5.771590456084466775e-02
-9.911718421187781791e-02
1.721429207943038497e-02
-2.123641340088284479e-01
-7.313698716254471432e-02
2.243051454101572251e-01
2.349176967361785995e-01
-1.247872898107043743e-01
-1.027724506719042835e-01
6.766260136028048877e-02
1.829206439896884362e-01
-1.025183943034692485e-01
4.067106453660024323e-02
-3.445463469823806940e-02
-1.362481742114456801e-02
8.696913732317731321e-03
-1.736216460958089902e-02
-1.401913691020482688e-01
1.022587109402400968e-01
-1.264009161960998606e-01
1.341802322175612589e-03
3.097386134677726499e-02
-1.211394485372866738e-02
5.586636397218624171e-03
-2.707940650647353009e-01
2.732089216853849506e-02
1.201474215876807521e-02
4.698819067006293482e-02
-1.626106179101822757e-01
-8.183222931043067708e-03
-6.022115518308264470e-02
1.090964441855352650e-02
4.608052215849876149e-02
-1.065408160575133378e-03
6.230442034007325353e-02
7.570067534897936823e-02
-1.060239505914039974e-03
-1.076767142546672523e-01
9.441275233989036841e-02
6.622683204772975007e-02
-8.632364884796725479e-02
-3.729979984339144156e-02
-1.451939044791113465e-01
-4.253031413779799486e-02
-7.449721773976360206e-02
2.740363345720681076e-02
-2.917329885476270535e-02
2.559311821815015223e-03
6.922588326790491721e-03
1.975425514324939125e-01
4.938992416024490933e-02
-1.579415235655018956e-01
1.387495324211977972e-02
-9.064043460206831770e-02
-1.331506481358539218e-01
6.519708343758767906e-03
5.856452877138219187e-02
1.206953098381868122e-01
8.608639517529136087e-02
-1.122696924854195283e-01
4.549272689393488514e-03
3.460730191725706617e-01
-1.985948269823384089e-03
-1.097613249973694999e-01
-1.559749622805413349e-02
-7.846745401013117960e-02
4.863564263372949226e-02
1.413260354766461835e-01
-3.899133074845176350e-02
1.952010952891543305e-01
1.119545220604814123e-01
-2.398052946282731024e-01
9.072411535421530393e-02
-1.104113847942199134e-01
3.792292297151045877e-01
-2.252797604806545673e-01
-3.683761317011929881e-02
2.404286188602930072e-02
9.527507094319315542e-03
-8.850280288928860650e-02
1.635629402952170144e-02
-5.661979410992411255e-03
-1.991132658662855479e-02
2.809302594766812516e-02
-8.885723505877284045e-02
5.870422503344489840e-02
4.739769888598420466e-02
4.932681374384964568e-02
-7.977455352389618837e-03
1.594340839346421526e-02
3.873596304557775510e-02
-1.314714060981200805e-01
5.081533980237445958e-02
-8.585396603902155366e-02
1.857035501072240857e-01
1.436645264383812071e-01
-3.141919700553062245e-04
1.939686366380735660e-01
-3.361099160135307823e-02
-8.368567576743205644e-03
-6.161659117555691456e-02
-1.506108606832028962e-01
-1.773961681476786401e-01
-1.651405734860859065e-01
-3.206909472046577669e-02
5.718983437102293649e-02
