-5.047918428636249955e-02
1.625644060149984971e-01
-6.888559412314208819e-02
-3.982370793456752045e-02
9.669400815833900306e-03
3.065785429971500803e-02
-5.524420908584738200e-03
-2.468218219702682584e-02
-7.069571568766706664e-03
1.447953829191932940e+00
-1.471638844611672103e-01
7.415912100822472097e-02
8.764596380846759183e-02
-3.562364002628246734e-02
-6.587071654495127437e-02
-2.342268289894349972e-02
-3.374304898936349856e-02
1.075600115192993700e+00
-1.647198358662357032e-01
-4.144125289363890380e-02
2.597813678524538996e-04
-3.227030532481563879e-02
-6.125200141325941317e-02
-2.897100542941243723e-02
5.460403667908739905e-02
2.325818895340144368e-02
-4.109723205683851049e-02
1.242804475454206171e-02
4.586392266922709182e-02
5.078977205503780804e-03
5.343086000882149751e-03
1.035101857145736062e-02
-1.327684245204734104e-02
4.197753545662450542e-02
6.698311897707061313e-02
-6.111561298176934609e-02
-2.368420282807900783e-03
4.351093654926775633e-02
-3.243741479976441217e-02
-1.975383917055843763e-02
-8.957079157357075022e-03
2.250308815303116161e-02
1.502983755317599882e-02
-1.518647348342768051e-02
-3.002339796741572420e-02
-1.247122130454440293e-02
-9.292639772266311771e-02
2.434748331017988834e-02
-1.589143134740129970e-03
-7.746947341988301081e-03
1.355684122340874986e-02
1.414669135225328500e-02
-2.627891973089564390e-02
9.075556925946247008e-03
-3.016983968135355729e-02
4.522936476297026442e-02
3.045737651003908083e-03
-1.349879424602220060e-02
9.912222883897554154e-03
-1.674448213696004897e-02
1.835633387571117964e-02
9.699118181624636834e-03
-1.538585808338555593e-02
1.419658778135173549e-01
2.358926609382475971e-04
-5.623338453202521292e-02
2.037273564223669384e-02
2.347465321432007368e-02
-3.095852845013417551e-02
7.318739342860375308e-02
1.941147271959152085e-02
4.448695054989702802e-02
9.035255426812144330e-02
-1.610435543848096063e-02
6.454193618977720204e-02
-2.160912559530464919e-02
2.740721848737037378e-02
-2.409051897304016060e-02
1.918965678078487364e-02
1.101968856774544203e-01
-1.379603900569984290e-02
6.704037621693727245e-02
-3.080656619160391380e-02
1.043795381720620530e-02
2.211296797560014654e-02
-1.837390617036601670e-01
-1.919886446003609207e-02
-5.783011698719615901e-02
1.029523263036570546e-01
4.604428246693727245e-02
-1.334407552421913203e-02
-1.064530387865641895e-03
-2.179465296810480235e-02
-3.722177928076537273e-02
8.588647940112645318e-02
-7.984351963026428689e-02
-1.834703351022370227e-02
1.600299478624938807e-02
-2.551204143014832240e-02
-1.051469357696673164e-02
2.626191656782166355e-03
3.167383511328827894e-02
-1.108291632483644207e-01
1.471394127554463173e-02
5.462943524717087801e-02
-5.389478839463091031e-01
3.435383858955540215e-02
2.866971167785226093e-02
6.227311425103751463e-02
1.601062045111188714e-02
3.572300855927173797e-03
-8.184339404422319442e-02
2.615362317556920585e-02
-5.532141799032430640e-02
-3.967264968425938260e-02
-2.288167714693217433e-02
8.820578359676471691e-03
-5.594829436604198923e-03
-2.652651640980102643e-02
-1.231065700148476806e-02
2.793028373913077414e-02
1.742307870218385776e-02
-2.092765448708239218e-02
-1.713743368845755885e-02
-6.800041263404511815e-02
5.451071052689743235e-02
9.785318285855769058e-03
-4.110212792159205486e-02
3.887405491526944173e-02
-1.135573229379023899e-02
3.689748156717077843e-02
9.417661823972493448e-03
-1.384710785220322898e-02
-9.360765171655112057e-03
3.079741183868040313e-02
5.946602143909333199e-02
-1.212846760286435260e-02
-3.162919081959945228e-02
6.188476653916561571e-02
2.114026401631229068e-02
-4.307924621397293818e-01
5.596324351324329094e-02
7.281522644816836032e-02
-2.249059709560238471e-02
3.683921747544998283e-03
2.634545575178380214e-02
-2.631379768856676946e-02
-8.085075619576763753e-03
2.830358072984382606e-02
-1.541096462634110147e-02
-2.441516965613721099e-02
-1.948451074343686071e-02
8.519493850468833063e-02
3.292442891464407440e-02
-7.436861729565595602e-02
2.239585906540257632e-02
-5.262486811637352713e-02
2.304893898281726305e-02
-2.570600041351900900e-05
-1.380122943493026014e-02
4.321406126486067312e-02
3.086492804825884465e-02
-4.658391950987071650e-02
-6.348990931802107884e-02
-1.217633763150983428e-01
-8.261841857636541275e-02
3.827938256279058565e-02
-1.645026809024057943e-02
1.073896455832717978e-01
3.872926885683955489e-02
5.748331302395909975e-02
1.216264819183322625e-03
-1.055568374753297102e-02
-5.195623786089633399e-03
-5.247887586719782171e-02
1.034967081200821939e-02
3.408080779168139868e-02
-8.182112395403201566e-03
5.589165418796740448e-02
-7.262728415452762709e-02
4.945174783489015083e-03
-2.036286519291250971e-02
-6.097666996524708088e-02
-5.096444878982349380e-02
-4.921906792648710754e-02
-2.346523730845589267e-02
-2.503225684169674281e-02
4.372325151402078197e-02
4.729469343516948948e-02
-1.309253142738875907e-02
-1.469462825719241097e-02
1.498744058329779666e-02
-1.336141419877162097e-02
4.455499494405468913e-02
-2.216656601364633966e-02
4.249832799108489712e-02
-4.158779364218533753e-02
-7.030857416654098802e-02
-9.408212652637217011e-02
1.525014029395015680e-01
1.554222484264975064e-02
-5.497617318733553221e-02
-2.803643868215834750e-02
5.738700567611526582e-02
1.460164847219766471e-01
-5.643929525875518438e-02
2.844343283328609404e-02
8.459375653120547109e-03
-2.012009454666486424e-02
2.014744365215177715e-03
-3.218724576038427265e-02
-7.343846393685707352e-02
-1.398813948322745818e-02
-1.117327448598701978e-01
2.101227829045991535e-02
6.871598085013989887e-02
-6.177115098895655243e-02
4.919387758501658769e-02
-1.111469983189103672e-01
3.952049189586085559e-02
3.867700905568398351e-02
1.812023663847407012e-02
-3.314615978526127410e-02
-1.120375860818975319e-02
1.044621177995440353e-03
1.404156103652241978e-02
1.136204384557703076e-02
-8.727010651918724405e-04
6.023590632898390834e-02
4.001778529524380179e-02
-6.635097345230542287e-02
5.628772913865934084e-03
5.071814210017890068e-02
3.582646036535420964e-02
-6.167935352482759731e-02
-2.311479445818988288e-02
-4.998051709920379310e-02
-6.225759882902291709e-02
-1.648234895505587896e-02
2.915562117594364816e-02
1.026698516670805465e-02
4.356618452928677672e-03
1.000616990690299940e-02
3.119177780753669069e-02
5.342073054590557729e-02
-1.001695756906379048e-01
-1.874995835467740610e-02
-6.252620608104594857e-02
-8.974754930481158854e-02
-1.711252648439369126e-02
4.534293968359631027e-02
5.279906237486088616e-02
-8.579018982872518503e-03
-3.610910513830960233e-02
-2.882284521108043583e-03
1.359110034174354775e-01
8.510090641349343787e-02
-8.558877628896539858e-02
-7.505328925321526345e-03
3.217612849073125253e-02
4.505533302281497510e-02
9.028190958065070160e-02
-1.647570855758154554e-03
7.784745931841111077e-02
1.193289266115155241e-03
-1.139376107562432988e-01
1.844108718588456652e-02
-3.692295568088518019e-03
3.279790991673861011e-01
-5.994468871401194277e-02
2.371059682094640159e-02
-6.505569472767778159e-03
-3.790218005341002699e-02
-7.199316809498611247e-02
-7.076364073242462360e-02
-3.078262520981116593e-02
2.834821740548583782e-02
7.569842354780119409e-02
-5.436497221261558238e-02
1.396114544220588005e-01
1.617355726788481662e-01
6.967848424474155922e-03
4.521335162856369994e-02
-7.573980477810396406e-02
-6.083958194312443293e-03
-8.144809359495751300e-02
6.389639813871005047e-02
-8.095569859967703674e-02
1.209275750054606136e-01
-1.729324559997867661e-02
-1.218157580050029665e-01
4.714603486960829148e-02
7.912351009287598227e-03
-1.645586735465010345e-02
-3.270904641637326776e-02
-4.384910926546264735e-03
-4.424469158246049916e-02
-4.816227215742435730e-02
-2.153994357282251401e-02
3.566980031128761525e-02
