-2.068206109106540680e-02
1.839563250541687012e-01
-9.494715183973312378e-02
-4.074808582663536072e-02
3.082794509828090668e-02
2.095747739076614380e-02
-1.129242777824401855e-02
-2.514393441379070282e-02
7.562459795735776424e-04
1.410752654075622559e+00
-1.085395365953445435e-01
1.141138672828674316e-01
8.749247342348098755e-02
-1.525251008570194244e-02
-4.412583261728286743e-02
-4.979930818080902100e-02
-6.166047416627407074e-03
1.214666366577148438e+00
-1.830008476972579956e-01
-6.666763871908187866e-02
-1.143199298530817032e-02
-3.202461078763008118e-02
-7.920915633440017700e-02
-1.229937747120857239e-02
3.993296250700950623e-02
1.389541663229465485e-02
-7.125549018383026123e-02
-1.488493289798498154e-02
4.049284849315881729e-03
5.314709246158599854e-02
-2.546688355505466461e-02
7.349054329097270966e-03
-6.557653192430734634e-03
5.587347224354743958e-02
7.238012552261352539e-02
-1.055251508951187134e-01
1.230966765433549881e-02
3.469541668891906738e-02
-4.660452250391244888e-03
-5.200779810547828674e-02
1.338848564773797989e-02
3.154699504375457764e-02
3.221449255943298340e-02
-5.453523620963096619e-02
-2.423324622213840485e-02
-1.225103158503770828e-02
-9.602556377649307251e-02
-1.338050235062837601e-02
-7.447546720504760742e-02
2.329645358258858323e-04
2.159586735069751740e-02
2.962002344429492950e-02
-1.727641932666301727e-02
-3.159567422699183226e-04
-2.113102003931999207e-02
3.857601666823029518e-03
7.442900910973548889e-03
1.324858330190181732e-02
4.821897484362125397e-03
-5.489945784211158752e-02
-1.587577722966670990e-02
6.031451746821403503e-03
3.729047952219843864e-03
1.767008006572723389e-01
-5.340733379125595093e-02
-3.880545869469642639e-02
2.354081254452466965e-03
5.053238198161125183e-02
-7.870203815400600433e-03
8.348053693771362305e-02
3.169899433851242065e-02
2.397170849144458771e-02
9.336254000663757324e-02
2.190000563859939575e-02
6.927642226219177246e-02
-8.913754485547542572e-03
3.615385852754116058e-03
-4.613313078880310059e-02
-5.643358454108238220e-03
1.364103108644485474e-01
-6.001129373908042908e-02
6.517419219017028809e-02
-7.070489972829818726e-02
4.355427622795104980e-02
3.817489370703697205e-02
-1.956929862499237061e-01
6.127094849944114685e-02
-6.445896625518798828e-02
1.325758397579193115e-01
5.723267048597335815e-02
-4.553397372364997864e-02
4.441897943615913391e-02
-1.250935904681682587e-02
-1.752603799104690552e-02
5.463422462344169617e-02
-3.942273557186126709e-02
-2.305227331817150116e-02
-3.727154433727264404e-02
-2.937665209174156189e-02
-1.665694080293178558e-02
1.731380820274353027e-02
3.718428313732147217e-02
-1.077872291207313538e-01
-2.960466593503952026e-02
6.120456382632255554e-02
-5.746800303459167480e-01
1.157708391547203064e-01
1.615994237363338470e-02
3.275350853800773621e-02
3.166317194700241089e-02
1.455923262983560562e-02
-1.125808730721473694e-01
6.063664704561233521e-02
-6.689496338367462158e-02
-2.027542330324649811e-02
-1.391802541911602020e-02
-3.351677581667900085e-02
5.480257794260978699e-03
-1.540617644786834717e-02
-1.330784801393747330e-02
1.402459200471639633e-02
-4.913047887384891510e-03
-7.272069808095693588e-03
-3.448841720819473267e-02
-7.481788098812103271e-02
4.255810752511024475e-02
-1.409552432596683502e-02
-1.041190251708030701e-01
5.132432654500007629e-02
-3.011510707437992096e-02
-6.849984638392925262e-03
5.608892813324928284e-02
-6.172195822000503540e-02
2.328674867749214172e-02
5.490093678236007690e-02
5.861656367778778076e-02
-1.189305563457310200e-03
5.591776221990585327e-03
2.137202396988868713e-02
-2.116609364748001099e-02
-6.253194808959960938e-01
7.011882960796356201e-02
6.474836915731430054e-02
-1.407652348279953003e-02
3.848911449313163757e-02
-5.365088582038879395e-03
-1.824712567031383514e-02
6.546974647790193558e-03
5.096464604139328003e-02
-3.718755766749382019e-02
-1.701891422271728516e-02
-5.986880045384168625e-03
6.454611569643020630e-02
-8.046466391533613205e-04
-8.342406898736953735e-02
-1.076499186456203461e-02
-9.845656156539916992e-02
6.451984494924545288e-02
-3.199255093932151794e-03
-3.770425170660018921e-02
6.642387062311172485e-02
2.534787915647029877e-02
-4.274507239460945129e-02
-7.675723731517791748e-02
-8.866913616657257080e-02
-8.096591383218765259e-02
4.628877341747283936e-02
-1.847820542752742767e-02
1.024578735232353210e-01
7.241260260343551636e-02
6.451211869716644287e-02
-9.020859375596046448e-03
-1.328138820827007294e-02
-7.532339543104171753e-02
-7.848434895277023315e-02
1.794429030269384384e-03
7.712211459875106812e-03
-4.288339614868164062e-02
3.794977813959121704e-02
-9.401696920394897461e-02
-7.953234016895294189e-03
-2.986183576285839081e-02
-7.188288122415542603e-02
-8.695015311241149902e-02
-6.364190578460693359e-02
-2.263010293245315552e-02
-4.406180605292320251e-02
-1.938114990480244160e-03
4.567896947264671326e-02
2.131453342735767365e-02
-2.475819736719131470e-02
1.309875026345252991e-02
-2.760889753699302673e-02
6.409689038991928101e-02
4.081520810723304749e-02
6.526277959346771240e-02
-3.270727768540382385e-02
-1.050567552447319031e-01
-1.351538747549057007e-01
1.396172940731048584e-01
1.842657662928104401e-02
-8.551240712404251099e-02
-4.163831844925880432e-02
7.101383805274963379e-02
1.479887962341308594e-01
-5.852976441383361816e-02
1.193135883659124374e-02
-3.696333151310682297e-03
-7.614449411630630493e-02
1.017881091684103012e-02
-4.423272609710693359e-02
-6.300272792577743530e-02
-2.582098171114921570e-02
-1.523709744215011597e-01
3.149421885609626770e-02
6.082873046398162842e-02
-8.120921254158020020e-02
6.743872165679931641e-02
-8.929988741874694824e-02
6.699740886688232422e-02
6.256588548421859741e-02
-1.131645310670137405e-02
-5.185137689113616943e-02
1.940236240625381470e-02
4.807370714843273163e-03
1.437069661915302277e-02
1.394253340549767017e-03
3.039015224203467369e-03
7.821848243474960327e-02
6.612442433834075928e-02
-4.175733402371406555e-02
-6.072376295924186707e-02
7.312816381454467773e-02
5.049908533692359924e-02
-7.577025890350341797e-02
-3.848355263471603394e-02
-4.890408366918563843e-02
-1.853284798562526703e-02
-5.599208176136016846e-02
2.430733293294906616e-02
3.086960501968860626e-02
2.979124709963798523e-02
1.938928291201591492e-02
9.354978799819946289e-02
6.544190645217895508e-02
-1.455374360084533691e-01
-4.672062769532203674e-02
-5.964882299304008484e-02
-9.498827904462814331e-02
-1.039692573249340057e-02
6.031611561775207520e-02
3.669393062591552734e-02
1.535960193723440170e-02
-6.933402270078659058e-02
4.010942950844764709e-02
1.964065432548522949e-01
1.210393980145454407e-01
-1.651355810463428497e-02
-8.510357700288295746e-03
-3.700740402564406395e-03
5.887636914849281311e-02
1.172049418091773987e-01
1.034140121191740036e-03
3.779212757945060730e-02
2.962885610759258270e-02
-8.809217810630798340e-02
2.963034668937325478e-03
1.055174693465232849e-02
3.305949866771697998e-01
-5.064665898680686951e-02
3.071638755500316620e-02
-9.460910223424434662e-05
-5.709957703948020935e-02
-1.117336153984069824e-01
-1.013847514986991882e-01
-2.697919681668281555e-02
2.268370427191257477e-02
6.057446077466011047e-02
-4.576183110475540161e-02
1.406855136156082153e-01
1.784913241863250732e-01
4.167176038026809692e-02
-1.141009386628866196e-02
-7.609390467405319214e-02
-8.800691924989223480e-03
-1.118647605180740356e-01
2.507853694260120392e-02
-9.312315285205841064e-02
1.611502766609191895e-01
8.145306259393692017e-03
-1.044425740838050842e-01
1.420456077903509140e-02
1.613504439592361450e-02
-4.602793976664543152e-02
-1.559895463287830353e-02
-2.033168822526931763e-02
-2.827134914696216583e-02
-1.477917842566967010e-02
-4.237688705325126648e-02
6.496631354093551636e-02
