-4.488459229469299316e-02
1.686507910490036011e-01
-1.111459061503410339e-01
-5.728042125701904297e-02
2.463205344974994659e-02
5.072565004229545593e-02
1.428527571260929108e-02
-4.741679131984710693e-02
2.376210410147905350e-03
1.438598036766052246e+00
-1.511417776346206665e-01
1.195157393813133240e-01
9.105645120143890381e-02
-5.161010101437568665e-02
-3.640876337885856628e-02
-1.914992113597691059e-03
-5.547577142715454102e-02
1.200760602951049805e+00
-1.812531650066375732e-01
-3.728785365819931030e-02
-1.699342764914035797e-02
-4.604180157184600830e-02
-8.130571246147155762e-02
9.068731218576431274e-03
4.901823401451110840e-02
2.300684154033660889e-02
-4.912092536687850952e-02
-6.524817552417516708e-03
5.008783191442489624e-02
3.107919543981552124e-02
-2.114093862473964691e-02
-1.099652051925659180e-02
1.981133408844470978e-02
5.510708689689636230e-02
7.202756404876708984e-02
-6.424232572317123413e-02
3.869745507836341858e-02
4.192767292261123657e-02
-4.353395104408264160e-02
-2.233649604022502899e-02
-7.869416847825050354e-03
4.118712153285741806e-03
4.544709250330924988e-02
-2.359096519649028778e-02
-4.236261546611785889e-02
-2.303511463105678558e-02
-8.588958531618118286e-02
3.800842538475990295e-02
1.624798285774886608e-03
-4.640569444745779037e-03
1.191929914057254791e-02
2.533550933003425598e-02
-1.576030626893043518e-02
-1.324675604701042175e-02
-3.618500754237174988e-02
2.507922984659671783e-02
1.238188985735177994e-02
-1.100858300924301147e-02
2.946694148704409599e-03
-3.551796078681945801e-02
-6.611875258386135101e-03
1.453544013202190399e-02
8.289349265396595001e-03
1.569390594959259033e-01
-3.704527392983436584e-02
-4.763453826308250427e-02
3.215930238366127014e-02
3.673949092626571655e-02
-1.507070567458868027e-02
7.971063256263732910e-02
1.736092567443847656e-02
7.122123986482620239e-02
8.058628439903259277e-02
-2.900519175454974174e-03
1.016666218638420105e-01
4.214351996779441833e-03
7.706642150878906250e-03
-2.841487899422645569e-02
9.668830782175064087e-03
1.244099065661430359e-01
-3.809272870421409607e-02
7.516609877347946167e-02
-5.409579351544380188e-02
3.302828967571258545e-02
1.951668784022331238e-02
-2.015707492828369141e-01
6.370322406291961670e-02
-1.237463653087615967e-01
1.141546964645385742e-01
4.691503569483757019e-02
-5.078520625829696655e-02
3.354326263070106506e-02
-4.256828222423791885e-03
-5.453743785619735718e-02
7.416664063930511475e-02
-6.157768145203590393e-02
-7.063789665699005127e-02
9.672742336988449097e-03
-3.591802343726158142e-02
6.355440709739923477e-03
1.608586870133876801e-02
3.072517551481723785e-02
-1.083539128303527832e-01
2.063950709998607635e-02
6.075956672430038452e-02
-4.647098481655120850e-01
8.505514264106750488e-02
2.255319245159626007e-02
5.780147016048431396e-02
5.986975878477096558e-02
1.541043911129236221e-02
-1.040402725338935852e-01
3.970775753259658813e-02
-6.016556173563003540e-02
-4.088966548442840576e-02
-1.664774306118488312e-02
7.410491234622895718e-04
-4.795443732291460037e-03
-2.035811915993690491e-02
-4.173848405480384827e-02
4.294158890843391418e-03
-1.637543365359306335e-02
-1.126897614449262619e-02
-5.751166492700576782e-03
-9.975855052471160889e-02
5.339157581329345703e-02
-7.119691465049982071e-03
-6.449456512928009033e-02
4.975853487849235535e-02
-2.593016624450683594e-02
5.535935983061790466e-02
3.993206098675727844e-02
-3.528636321425437927e-02
2.515371423214673996e-03
2.153131365776062012e-02
8.796080946922302246e-02
-1.338301342912018299e-03
-2.730106376111507416e-02
7.220026105642318726e-02
1.199918892234563828e-02
-5.488751530647277832e-01
5.476177111268043518e-02
5.839359760284423828e-02
-2.138319541700184345e-04
1.095527037978172302e-02
-1.862565986812114716e-02
-1.942276209592819214e-02
-1.789725013077259064e-02
2.042443118989467621e-02
-2.038253098726272583e-02
-1.757422648370265961e-02
-1.276806928217411041e-03
7.363736629486083984e-02
5.836714059114456177e-03
-7.539510726928710938e-02
4.906693007797002792e-03
-6.868366897106170654e-02
3.918782249093055725e-02
1.373199094086885452e-02
-1.245303358882665634e-02
3.744612261652946472e-02
3.511192277073860168e-02
-3.644831106066703796e-02
-9.806829690933227539e-02
-1.422687023878097534e-01
-8.257999271154403687e-02
3.557609021663665771e-02
-2.806777879595756531e-02
1.018216088414192200e-01
4.721216857433319092e-02
7.426374405622482300e-02
4.373853560537099838e-03
-2.697586454451084137e-02
-4.213090986013412476e-02
-6.386565417051315308e-02
1.787566021084785461e-02
5.472663417458534241e-02
-3.398219868540763855e-02
2.868633903563022614e-02
-9.321093559265136719e-02
1.928115822374820709e-02
-2.159135974943637848e-02
-5.886727944016456604e-02
-8.475323021411895752e-02
-6.496280431747436523e-02
-2.909522270783782005e-03
-6.212100014090538025e-02
4.383886605501174927e-02
4.809148609638214111e-02
1.402823021635413170e-03
-4.214391857385635376e-02
-5.276730516925454140e-04
-3.523650765419006348e-02
5.921141430735588074e-02
3.850023448467254639e-02
4.427575692534446716e-02
-5.594839528203010559e-02
-1.114933565258979797e-01
-1.067569553852081299e-01
1.830551475286483765e-01
-2.255603903904557228e-03
-9.136079251766204834e-02
-4.492213577032089233e-02
6.649079173803329468e-02
1.201033890247344971e-01
-7.754046469926834106e-02
1.681306585669517517e-02
2.884568087756633759e-02
-4.992194101214408875e-02
1.235086005181074142e-02
-4.299326986074447632e-02
-6.003090366721153259e-02
-1.409932505339384079e-02
-1.351250410079956055e-01
2.173402532935142517e-02
5.878461524844169617e-02
-3.496405854821205139e-02
6.449605524539947510e-02
-1.267939358949661255e-01
7.118584215641021729e-02
7.586420327425003052e-02
2.673724666237831116e-02
-5.367257818579673767e-02
-1.606365782208740711e-03
-1.444311812520027161e-03
3.235120698809623718e-02
5.347146186977624893e-03
-8.172577247023582458e-03
7.315879315137863159e-02
4.904533177614212036e-02
-6.902835518121719360e-02
-5.318457260727882385e-02
4.956009984016418457e-02
3.450696915388107300e-02
-9.057384729385375977e-02
-2.222599647939205170e-02
-6.362315267324447632e-02
-4.079340770840644836e-02
-5.320301279425621033e-02
3.877986595034599304e-02
2.849821699783205986e-03
2.681110613048076630e-02
1.986349374055862427e-02
5.655410140752792358e-02
3.417159616947174072e-02
-1.236902549862861633e-01
-1.135424338281154633e-02
-7.906669378280639648e-02
-1.006029397249221802e-01
-2.156435512006282806e-02
7.969444245100021362e-02
5.637454614043235779e-02
2.785921096801757812e-04
-6.502017378807067871e-02
8.579887449741363525e-03
1.808666288852691650e-01
1.195387020707130432e-01
-7.904459536075592041e-02
9.042662568390369415e-03
4.325995687395334244e-03
3.905831649899482727e-02
1.274551600217819214e-01
-3.103310940787196159e-03
7.367436587810516357e-02
3.105923300608992577e-03
-1.071501895785331726e-01
3.339153900742530823e-02
2.026326768100261688e-02
3.768503963947296143e-01
-6.443999707698822021e-02
-1.626911386847496033e-02
6.395322736352682114e-03
-3.324368968605995178e-02
-1.021045073866844177e-01
-8.062248677015304565e-02
-4.151990637183189392e-02
1.115146186202764511e-02
6.899948418140411377e-02
-7.161287218332290649e-02
1.660664379596710205e-01
2.056172788143157959e-01
2.775610052049160004e-02
5.406120419502258301e-02
-1.130936592817306519e-01
4.020951746497303247e-04
-9.439293295145034790e-02
6.576505303382873535e-02
-9.966300427913665771e-02
1.542462855577468872e-01
-1.670521683990955353e-02
-9.069057554006576538e-02
2.218498475849628448e-02
-2.439035847783088684e-02
-2.260783314704895020e-02
-3.579947352409362793e-02
-2.719048596918582916e-02
-5.532594025135040283e-02
-4.020254313945770264e-02
-4.927087947726249695e-02
3.172654658555984497e-02
