-4.462137073278427124e-02
1.519161164760589600e-01
-1.127671599388122559e-01
-7.485576719045639038e-02
2.936618030071258545e-02
3.396425023674964905e-02
-1.129568554461002350e-02
1.982145942747592926e-02
6.469173356890678406e-03
1.479516744613647461e+00
-1.315405815839767456e-01
1.014749109745025635e-01
7.734992355108261108e-02
-2.344331890344619751e-02
-2.145856805145740509e-02
-7.782332133501768112e-03
-3.096383810043334961e-02
1.263028025627136230e+00
-1.668570339679718018e-01
-7.340843975543975830e-02
-4.132213816046714783e-02
-2.629975415766239166e-02
-6.413669139146804810e-02
-8.245524950325489044e-04
4.024929180741310120e-02
5.775894504040479660e-03
-4.963584244251251221e-02
5.364029202610254288e-03
2.055587619543075562e-02
4.556906968355178833e-02
-1.315469201654195786e-02
3.622252121567726135e-02
2.181271463632583618e-02
2.540441974997520447e-02
6.176612153649330139e-02
-7.463976740837097168e-02
2.247247286140918732e-02
2.499723434448242188e-02
-2.012798748910427094e-02
-5.052869766950607300e-02
5.266434978693723679e-03
4.159738123416900635e-02
1.694802939891815186e-02
-2.484775148332118988e-02
-8.911520242691040039e-03
-3.030908852815628052e-02
-6.697193533182144165e-02
6.548312027007341385e-03
-2.326096594333648682e-02
1.472922693938016891e-02
2.731056697666645050e-02
2.041568234562873840e-02
-1.819539256393909454e-02
-1.001739315688610077e-02
-2.398944832384586334e-02
2.141790091991424561e-02
-1.958876848220825195e-03
6.330972071737051010e-03
-5.844860570505261421e-04
-4.267539456486701965e-02
3.329849988222122192e-02
1.695163175463676453e-02
-3.017662465572357178e-02
1.583949178457260132e-01
-3.888954594731330872e-02
-4.165748879313468933e-02
5.198685918003320694e-03
6.981531530618667603e-02
-1.998539082705974579e-03
7.225909084081649780e-02
4.667726531624794006e-02
7.431136816740036011e-02
1.362946182489395142e-01
7.950073108077049255e-03
7.244019210338592529e-02
-1.298284344375133514e-02
9.938813745975494385e-03
-3.117619082331657410e-02
2.020974643528461456e-02
1.101084202527999878e-01
-3.852409124374389648e-02
8.840221166610717773e-02
-4.321765154600143433e-02
2.660674788057804108e-02
3.055571205914020538e-02
-1.925277858972549438e-01
1.608260348439216614e-02
-2.076862566173076630e-02
1.153390333056449890e-01
3.450554981827735901e-02
-6.671430915594100952e-02
2.632383257150650024e-02
-1.070641912519931793e-03
-1.271888427436351776e-02
7.584258168935775757e-02
-4.840100929141044617e-02
-4.564964398741722107e-02
7.883762940764427185e-03
-4.451945424079895020e-02
-1.222966983914375305e-02
2.236770279705524445e-02
2.462474629282951355e-02
-1.086226552724838257e-01
-6.449526175856590271e-03
6.803414225578308105e-02
-6.998786926269531250e-01
6.741791218519210815e-02
9.966421872377395630e-03
4.772043228149414062e-02
6.211923062801361084e-02
2.178318053483963013e-02
-1.037421226501464844e-01
6.681816279888153076e-02
-4.425647854804992676e-02
-2.915163151919841766e-02
-2.053630910813808441e-02
-3.538054227828979492e-02
2.098288387060165405e-02
-2.877064235508441925e-02
-3.565561771392822266e-02
1.587293110787868500e-02
-7.704666350036859512e-03
-3.461746126413345337e-02
-2.733505330979824066e-02
-9.613493084907531738e-02
4.355548694729804993e-02
8.163928985595703125e-03
-7.350329309701919556e-02
1.930129528045654297e-02
-2.943288162350654602e-02
2.790513262152671814e-02
4.668547958135604858e-02
-7.466932293027639389e-03
1.099439244717359543e-02
2.902757935225963593e-02
9.131802618503570557e-02
-2.142620971426367760e-03
-1.835568808019161224e-02
6.831097602844238281e-02
3.895810106769204140e-03
-5.136504173278808594e-01
7.334075123071670532e-02
3.506053239107131958e-02
-3.315011505037546158e-03
3.906073514372110367e-03
9.950349107384681702e-03
-1.309809181839227676e-02
2.515711821615695953e-03
5.811543762683868408e-02
-1.206319686025381088e-02
-1.116244960576295853e-02
-9.299011901021003723e-03
8.552373200654983521e-02
1.264519523829221725e-02
-1.012016683816909790e-01
-1.213810406625270844e-02
-7.117933034896850586e-02
8.418700844049453735e-02
-1.904135197401046753e-02
-3.971828520298004150e-02
4.641854390501976013e-02
4.566689953207969666e-02
-2.476123720407485962e-02
-9.426134824752807617e-02
-1.284290850162506104e-01
-8.395209163427352905e-02
4.105116799473762512e-02
-4.022996500134468079e-02
1.126344278454780579e-01
5.014410242438316345e-02
7.193691283464431763e-02
-6.213553715497255325e-03
-2.431862521916627884e-03
-2.073220722377300262e-02
-7.541180402040481567e-02
1.867404021322727203e-02
5.175292119383811951e-02
-6.136161088943481445e-02
4.412367939949035645e-02
-1.141157075762748718e-01
1.350982207804918289e-02
-1.876999251544475555e-02
-8.849374949932098389e-02
-8.635902404785156250e-02
-5.151080712676048279e-02
-1.626234687864780426e-02
-4.797220230102539062e-02
-1.035156380385160446e-02
5.433765426278114319e-02
3.453205339610576630e-03
-2.699532918632030487e-02
1.849893829785287380e-03
-1.677318476140499115e-02
3.428675606846809387e-02
2.799554169178009033e-02
5.113705620169639587e-02
-4.225587844848632812e-02
-7.252471148967742920e-02
-1.389814615249633789e-01
1.738970279693603516e-01
2.012253738939762115e-03
-1.160213276743888855e-01
-4.030787944793701172e-02
7.949048280715942383e-02
1.257735043764114380e-01
-5.467068776488304138e-02
7.137223146855831146e-03
4.124590381979942322e-02
-6.257005780935287476e-02
-7.306364364922046661e-03
-4.992388561367988586e-02
-5.174955725669860840e-02
-4.782965779304504395e-02
-1.723238825798034668e-01
1.024658046662807465e-02
5.384176224470138550e-02
-6.698039174079895020e-02
7.364560663700103760e-02
-8.560162037611007690e-02
6.128668040037155151e-02
7.044258713722229004e-02
3.750685229897499084e-02
-3.062659129500389099e-02
-1.938029308803379536e-03
3.133520483970642090e-02
4.564578831195831299e-02
1.961011439561843872e-02
-6.274190265685319901e-03
5.228599905967712402e-02
8.081414550542831421e-02
-6.496659666299819946e-02
-4.255245625972747803e-02
6.724185496568679810e-02
8.085152506828308105e-02
-5.796613171696662903e-02
-1.170769520103931427e-02
-4.898128658533096313e-02
-4.752139374613761902e-02
-5.323358997702598572e-02
3.024344518780708313e-02
-8.012625388801097870e-03
6.082968041300773621e-02
3.329269355162978172e-03
8.176106959581375122e-02
4.442721232771873474e-02
-1.364383250474929810e-01
-1.044343411922454834e-02
-7.155945897102355957e-02
-8.559983223676681519e-02
-1.940449699759483337e-02
5.918382853269577026e-02
3.401236236095428467e-02
3.647208446636795998e-03
-5.538425967097282410e-02
2.880487823858857155e-03
2.297140657901763916e-01
1.320255547761917114e-01
-3.219951316714286804e-02
1.841120235621929169e-02
-2.694880776107311249e-02
4.747711122035980225e-02
1.310324966907501221e-01
1.146998070180416107e-02
6.355988979339599609e-02
-1.463117892853915691e-03
-1.024901568889617920e-01
3.050353005528450012e-02
1.319632306694984436e-02
3.893574774265289307e-01
-6.515728682279586792e-02
-1.213111914694309235e-02
-1.205519959330558777e-02
-1.654068753123283386e-02
-1.451692730188369751e-01
-8.208414167165756226e-02
-3.958130627870559692e-02
3.306743456050753593e-03
8.043415844440460205e-02
-7.719659805297851562e-02
1.636434644460678101e-01
1.952339112758636475e-01
4.063936322927474976e-02
1.313497405499219894e-02
-1.038270592689514160e-01
-3.177808225154876709e-02
-1.206618547439575195e-01
6.439504027366638184e-02
-1.032103672623634338e-01
1.648896485567092896e-01
-2.781325206160545349e-02
-1.402190029621124268e-01
3.316488489508628845e-02
5.840302910655736923e-03
-3.956972435116767883e-02
-6.386613100767135620e-02
1.548877800814807415e-03
-5.698562040925025940e-02
-3.448456898331642151e-02
-2.414108812808990479e-02
3.717513382434844971e-02
