-2.567175493681389878e-02
1.679801521236067297e-01
-6.045299555651014595e-02
-3.537054821128186866e-02
2.637931548044458382e-02
4.066790431036947095e-02
-1.746599628135607485e-02
-1.781001568885189068e-02
8.279063584024576664e-03
1.257771781488480789e+00
-1.020249795373022877e-01
1.223007294349888058e-01
8.349596444756735014e-02
-2.255750731569654277e-02
-1.023660911094092379e-02
-4.226836280268993912e-02
-5.829826088110533384e-03
1.136427325826331991e+00
-1.734675122700955752e-01
-7.531350080082874210e-02
-1.380206050949484183e-02
-4.428432878495961594e-02
-7.562704744524723077e-02
2.357280507768772133e-03
4.940641837527684488e-02
1.627998000326124142e-02
-6.467211630184886706e-02
9.231755826414634117e-03
3.633125793916936602e-03
6.557671612069380929e-02
-1.401615742039860092e-02
-1.246575513231917669e-02
-1.476487305492701517e-03
4.230598099451719774e-02
6.908386240754170460e-02
-6.341677775704759878e-02
-2.564283821096589866e-02
4.254933111146302210e-02
-1.522437257522674461e-02
-3.561304316895718552e-02
-5.231441245350754339e-03
2.490394827564156727e-02
3.278905159157659288e-02
-4.654455881727864036e-02
-1.638711000740644338e-02
-1.533099565506211050e-02
-7.562664190579937440e-02
1.337977492725210028e-02
-5.729158046504490009e-02
-1.257503038136976656e-02
2.744422680624683877e-02
1.705393734605957501e-02
-1.427131960843650016e-02
2.121459869838058804e-03
-4.423830593500987368e-02
3.678294219269090653e-03
2.023169744048890911e-02
2.248390778329175527e-02
-9.522994862508727537e-03
-6.381387140511025902e-02
1.597261342738525922e-02
2.915246181487577901e-02
-1.984443518534539930e-02
1.594309691457124756e-01
-8.255289127762464874e-02
-4.318106753310894247e-02
8.353644639440872127e-03
5.329109250117359392e-02
-1.193319147249986487e-02
9.227100938839102873e-02
3.202043385150852434e-02
6.044206362356761147e-02
9.223857798732817970e-02
2.816436495014474489e-02
7.126708696383218800e-02
-2.785264213123228236e-03
4.457746915455204975e-03
-4.126077653492801756e-02
2.998055573527287632e-02
1.127012110418823265e-01
-3.815576375232462153e-02
7.037672216734575104e-02
-3.927602239668594869e-02
2.021394186553224226e-02
4.636782296268265879e-02
-1.671471740976853138e-01
6.685713346004658331e-02
-7.083127899195634791e-02
7.840526890016008554e-02
6.314379093479922933e-02
-2.418417159081676093e-02
3.571550946945190042e-02
-1.461078404387292605e-02
-4.044206585697326939e-02
4.368968159064372941e-02
-6.323380893745937648e-02
-4.750834094728748763e-02
3.926262490144803892e-03
-3.012884799337670755e-02
-2.559527548659091406e-02
2.273322638298120452e-02
3.001205557108229532e-02
-8.758465430265834073e-02
-1.695236440782683235e-02
6.020793805971496465e-02
-4.935184216940706192e-01
7.984385837894809879e-02
1.484691820346917962e-02
5.158081510184706064e-02
4.402002285784895053e-02
1.799943787530618872e-02
-9.635070096964599984e-02
3.780615348396235836e-02
-3.797121097793639682e-02
-2.878718244262921597e-02
7.262216029523835790e-03
-2.498237901712095990e-02
-5.191598096607066490e-03
-1.775068497375959994e-02
-3.918212238235453670e-02
-4.731565020104412135e-03
-1.863423788299850906e-02
-1.258232421404809412e-02
-5.564935361361273390e-03
-8.419240498198982126e-02
3.842471868962751835e-02
-2.342571143844113246e-02
-7.654463040380726779e-02
3.420868357052258418e-02
-4.742410041241363478e-02
1.546885776182285125e-03
7.652181440182720396e-02
-2.826100382509509276e-02
7.454298466595398430e-03
5.350594024779423835e-02
6.695057797717204884e-02
1.527964201845705312e-02
-3.262471187303836364e-03
4.313107451073840137e-02
-1.484232962012402941e-03
-4.871449872409061577e-01
6.142424490200474457e-02
5.121559450343352027e-02
-2.710949292969596323e-03
4.235822505469257621e-02
-1.761970271149081993e-03
-3.648523803496413198e-02
1.064168277618247373e-02
5.330085483483894965e-02
-2.002774636251098209e-02
6.192298642493725483e-03
-4.452635428664365215e-03
7.596245207816750000e-02
2.321258282643645296e-02
-8.258384157809528503e-02
-4.520211745193522881e-03
-7.756248152150689579e-02
7.609475785368870204e-02
-6.403987295589310715e-03
-2.181787536073027597e-02
5.108251291331639826e-02
3.176878780803130825e-02
-3.812266526825693752e-02
-8.175286186249669518e-02
-1.268739448921495372e-01
-6.271423062137389259e-02
3.774620711296913789e-02
-1.082651399160465197e-02
1.082283930462938498e-01
6.202687064415368656e-02
8.001704135533775630e-02
-4.172023803590451524e-03
-9.487910557557731328e-03
-4.789112904439201540e-02
-7.606356070311935669e-02
-6.338558060647824649e-03
3.261461673254351101e-02
-4.598282790814806759e-02
3.688479136793886698e-02
-1.259184821982053115e-01
-8.608594507006970056e-03
-1.946687795938004117e-02
-5.862844419363429788e-02
-6.134788006075615752e-02
-6.660128508750812193e-02
-2.747051487241282397e-03
-5.766893198259467196e-02
-3.688949042772327741e-04
5.487723368776932509e-02
1.456604246348311253e-02
-2.713231995176972403e-02
1.453025654590038920e-02
-2.433804589371208263e-02
5.608608213064830705e-02
2.738067172190591925e-02
3.852310902480199362e-02
-4.060724677599665544e-02
-9.561736222285081854e-02
-1.297731052632766779e-01
1.202165622968776326e-01
2.456074288573313613e-02
-8.524284619010147335e-02
-4.779078154057782996e-02
6.464956478211740520e-02
1.466851699231445094e-01
-6.613600791575387217e-02
1.822630927881779828e-02
2.807171975714840145e-02
-5.555597742106815201e-02
4.052396094857298983e-04
-2.048686256721845775e-02
-5.121462473518861858e-02
-1.275974625314463436e-02
-1.261827293514829473e-01
1.828819077826334891e-02
6.082143696097342539e-02
-6.761590364439142020e-02
6.490400846004658331e-02
-8.401851084222056176e-02
7.093720119383289946e-02
7.439250308256999122e-02
1.473516416801078435e-02
-4.861970417202057110e-02
-7.763930039061560026e-03
1.131734786264019296e-03
1.395349129028217519e-02
1.057556331603940782e-03
-1.674315160244739878e-02
8.038483037025445643e-02
6.362421412332386339e-02
-3.855432086882959464e-02
-5.401569157899804852e-02
7.113910106503827657e-02
3.548012614557253391e-02
-8.827013939460506831e-02
-1.781152323766896708e-02
-8.057585120496701947e-02
-2.623091449074965720e-02
-5.259433458805279349e-02
1.394793422436971936e-02
-6.692877582381165716e-03
2.188995852824303714e-02
3.200452304023590922e-03
6.683989509482053670e-02
3.934657450584842092e-02
-1.174825328870158225e-01
-2.228664663685783406e-02
-6.043370598451154596e-02
-7.960581847781603160e-02
-4.055187007052107884e-02
6.976717874504982653e-02
6.978402920297792356e-02
2.863753838636582533e-02
-7.927168923707239578e-02
2.885408175806922562e-02
2.037881098937143476e-01
1.150386463812621829e-01
-3.052788411662082577e-02
1.103311393276969416e-03
-1.709535379684603770e-02
3.298090701471809855e-02
1.072894340446628458e-01
-7.402040447634677944e-03
3.955969724046980163e-02
1.020674686105414557e-02
-9.107439765754772598e-02
2.842969354195003587e-02
1.163550053888551955e-02
3.372600758097811791e-01
-6.736965891616913948e-02
8.811757280949454596e-03
-1.029152884986473532e-02
-2.644213001448939698e-02
-1.125042599274176103e-01
-6.167526206546859735e-02
-4.368763038387118297e-02
1.941380078012154217e-02
5.612319780620320803e-02
-7.233286814236319917e-02
1.162391019207852927e-01
1.717475783300031200e-01
3.245716457256283410e-02
-3.611316293827412319e-03
-8.461034570862623061e-02
2.354958390359624277e-03
-8.338713294095609352e-02
1.848047818907758502e-02
-9.619814173126459145e-02
1.487544555267339141e-01
1.829496740121105969e-02
-8.973181523500504964e-02
1.575990210959504756e-02
2.198987257503867004e-02
-3.627923868890530618e-02
-2.401119432284268967e-02
-2.361375390916518185e-02
-3.745524431389025966e-02
-3.161335159052336419e-02
-2.938486236672915863e-02
3.013707045261681747e-02
