-6.190440058708190918e-02
1.988445669412612915e-01
-7.752375304698944092e-02
-2.946759806945919991e-03
-1.193906180560588837e-02
6.649304181337356567e-03
-4.220272973179817200e-02
-1.522686332464218140e-02
2.251183800399303436e-02
1.155199766159057617e+00
-8.896719664335250854e-02
1.006229370832443237e-01
2.496046014130115509e-02
-1.656103506684303284e-02
-1.407597586512565613e-02
-4.256445914506912231e-02
1.602225191891193390e-02
1.198614001274108887e+00
-1.896238923072814941e-01
-6.148955971002578735e-02
-2.219079062342643738e-02
-5.707878619432449341e-02
-1.034900844097137451e-01
1.197285670787096024e-02
5.920245870947837830e-02
-3.135884553194046021e-02
-4.710133001208305359e-02
-1.891319453716278076e-02
2.644130587577819824e-02
6.335976719856262207e-02
-8.165552862919867039e-04
2.309912256896495819e-02
2.912323223426938057e-03
1.764375902712345123e-02
1.110111400485038757e-01
-6.860423833131790161e-02
1.016915123909711838e-02
3.183023259043693542e-02
-2.392731606960296631e-02
-3.639034181833267212e-02
-2.354281255975365639e-03
-5.435571540147066116e-03
3.377991914749145508e-02
-5.906879436224699020e-03
-2.910512126982212067e-02
-2.912587486207485199e-02
-7.139720767736434937e-02
4.501141607761383057e-02
-4.728618264198303223e-02
-1.467310171574354172e-02
2.318570949137210846e-02
4.945262894034385681e-02
-1.770371384918689728e-02
-4.328731819987297058e-02
-1.448714523576200008e-03
1.028227806091308594e-02
-2.040439285337924957e-02
2.520777098834514618e-02
1.087899692356586456e-02
-4.572488740086555481e-02
6.146492809057235718e-02
1.341331517323851585e-04
-5.880436673760414124e-02
1.420492231845855713e-01
-7.509350031614303589e-02
-7.882365584373474121e-02
3.867898508906364441e-02
3.728380054235458374e-02
1.678654516581445932e-04
1.451462414115667343e-02
1.367499586194753647e-02
6.707643717527389526e-02
6.546216458082199097e-02
3.697026520967483521e-03
6.598728150129318237e-02
1.931328885257244110e-02
-2.236167900264263153e-02
-4.285899922251701355e-02
7.030606269836425781e-02
1.369953155517578125e-01
-2.631367556750774384e-02
8.542072027921676636e-02
-2.012195251882076263e-02
-4.826118797063827515e-02
2.375970967113971710e-02
-1.671047508716583252e-01
1.033197790384292603e-01
-9.338917583227157593e-02
5.881845951080322266e-02
2.280058525502681732e-02
-1.238669455051422119e-02
4.855913668870925903e-02
2.219403861090540886e-03
-5.557032302021980286e-02
4.890330508351325989e-02
-4.585633054375648499e-02
1.202623173594474792e-02
2.248879894614219666e-02
-2.935463003814220428e-02
-2.535780332982540131e-02
4.815870895981788635e-02
1.601839438080787659e-02
-9.959828853607177734e-02
2.271282300353050232e-02
5.270637571811676025e-02
-4.195100367069244385e-01
4.423204064369201660e-02
4.916230216622352600e-02
3.054947592318058014e-02
2.458359673619270325e-02
2.954718843102455139e-02
-9.640209376811981201e-02
1.971824467182159424e-02
-1.556304469704627991e-02
-1.910177990794181824e-02
2.312723780050873756e-03
-1.299302000552415848e-02
-9.859300218522548676e-03
5.420082248747348785e-03
-2.829625084996223450e-02
-1.215999945998191833e-02
-1.196878217160701752e-02
-4.850197955965995789e-02
-4.536138102412223816e-02
-6.862160563468933105e-02
3.591730818152427673e-02
-1.485352590680122375e-02
-7.007690519094467163e-02
3.217741474509239197e-02
-5.609180405735969543e-02
3.483215719461441040e-02
9.203529357910156250e-02
-1.066735293716192245e-02
1.130445580929517746e-02
1.453715469688177109e-02
4.743759334087371826e-02
-1.857132650911808014e-02
-1.083101052790880203e-02
6.071062013506889343e-02
-1.950458809733390808e-02
-3.764017224311828613e-01
9.432631731033325195e-02
5.665267631411552429e-02
-1.288126455619931221e-03
2.168602682650089264e-02
-3.281129058450460434e-03
-3.798897564411163330e-02
1.177959609776735306e-02
6.374330818653106689e-02
-4.851771518588066101e-02
7.410960644483566284e-02
-4.165341705083847046e-02
4.633598402142524719e-02
3.146915510296821594e-02
-9.475170075893402100e-02
-3.049607761204242706e-02
-5.234524235129356384e-02
8.252625912427902222e-02
-1.159177627414464951e-02
-3.481490164995193481e-02
9.002333134412765503e-02
-1.908678933978080750e-02
-3.014951385557651520e-02
-8.373626321554183960e-02
-1.465466916561126709e-01
-5.152486264705657959e-02
1.035987120121717453e-02
-4.439732432365417480e-02
3.740559890866279602e-02
5.724943801760673523e-02
9.956119954586029053e-02
1.931618340313434601e-02
-2.077203802764415741e-02
-4.796136915683746338e-02
-6.907685846090316772e-02
-2.680737152695655823e-02
2.150581963360309601e-02
-4.247999191284179688e-02
8.411580324172973633e-02
-1.578312069177627563e-01
3.032742999494075775e-02
-4.724619793705642223e-04
-7.303920388221740723e-02
-4.118970036506652832e-02
-9.794522821903228760e-02
-1.078756540664471686e-04
-7.410678267478942871e-02
7.133024930953979492e-02
4.611774906516075134e-02
1.452912390232086182e-02
-5.275827646255493164e-02
4.000448063015937805e-02
-1.807017996907234192e-02
4.040003195405006409e-02
4.646867513656616211e-02
-5.193502642214298248e-03
-5.038580670952796936e-02
-1.097743213176727295e-01
-1.332796961069107056e-01
1.216903477907180786e-01
5.605623498558998108e-02
-9.216345846652984619e-02
-3.827676549553871155e-02
7.206660509109497070e-02
1.571177840232849121e-01
-3.110857307910919189e-02
6.044995039701461792e-03
-2.259244397282600403e-02
-2.502536587417125702e-02
-2.880100533366203308e-02
-3.830515965819358826e-02
-9.380064159631729126e-02
3.308700025081634521e-02
-1.657453775405883789e-01
3.630818566307425499e-03
6.111954897642135620e-02
-4.997735843062400818e-02
5.641330033540725708e-02
-1.083983331918716431e-01
5.001333355903625488e-02
3.843064233660697937e-02
2.164509519934654236e-02
-8.086069673299789429e-02
-8.939909748733043671e-03
-3.396053239703178406e-02
5.128332972526550293e-02
3.368477895855903625e-02
-3.922999836504459381e-03
7.700555026531219482e-02
6.262373924255371094e-02
-6.517192721366882324e-02
-5.675782635807991028e-02
9.192167222499847412e-02
9.830140322446823120e-02
-7.252625375986099243e-02
-2.166453748941421509e-02
-7.695396989583969116e-02
2.016254584304988384e-04
-4.197333380579948425e-02
4.554935544729232788e-02
1.938242278993129730e-02
1.873929426074028015e-02
-4.353333264589309692e-03
8.880011737346649170e-02
3.415004163980484009e-02
-1.214668974280357361e-01
-3.444511070847511292e-02
-6.665433198213577271e-02
-8.774831146001815796e-02
-5.475506559014320374e-02
5.054544657468795776e-02
1.047590300440788269e-01
4.820392280817031860e-02
-7.937922328710556030e-02
2.865281328558921814e-02
2.132982760667800903e-01
7.649848610162734985e-02
-6.125329807400703430e-02
2.733916044235229492e-02
-3.460335358977317810e-02
4.625651985406875610e-02
1.070035398006439209e-01
-1.537488307803869247e-03
1.053114533424377441e-01
2.699048817157745361e-02
-7.909975200891494751e-02
6.534603238105773926e-02
-2.704582549631595612e-02
3.009338974952697754e-01
-1.383916437625885010e-01
1.505810208618640900e-02
9.016402182169258595e-04
-2.254621312022209167e-02
-9.049891680479049683e-02
-7.618398219347000122e-02
-5.213223397731781006e-02
-1.915051252581179142e-03
3.611283749341964722e-02
-8.496613055467605591e-02
1.094685345888137817e-01
1.230151802301406860e-01
6.748987734317779541e-02
2.351664565503597260e-02
-5.888845026493072510e-02
5.735423415899276733e-03
-1.218294873833656311e-01
4.028591513633728027e-02
-7.912681251764297485e-02
1.352092176675796509e-01
6.149185076355934143e-02
-7.745140790939331055e-02
1.543774642050266266e-02
1.567029580473899841e-02
-3.705411404371261597e-02
-2.737120911478996277e-02
-1.490459870547056198e-02
-7.055269181728363037e-02
-7.394364476203918457e-02
-1.012644078582525253e-02
3.176058828830718994e-02
