-7.654016464948654175e-02
1.390036791563034058e-01
-5.574949830770492554e-02
-3.475391119718551636e-02
5.894301459193229675e-03
-1.713546179234981537e-02
-1.487890258431434631e-03
-2.915532141923904419e-02
1.190457772463560104e-02
1.921482086181640625e+00
-2.653548419475555420e-01
5.400776118040084839e-02
7.231517136096954346e-02
-3.445559367537498474e-02
-4.905814304947853088e-02
-1.407907530665397644e-02
-4.587947577238082886e-02
1.092548489570617676e+00
-1.915958076715469360e-01
-1.733197830617427826e-02
-8.609562180936336517e-03
3.029006766155362129e-03
-3.663570433855056763e-02
-4.448468983173370361e-02
7.155921310186386108e-02
1.833604089915752411e-02
-2.680044062435626984e-02
1.960359700024127960e-02
5.445574969053268433e-02
-6.440434604883193970e-03
-2.452031522989273071e-02
1.724218390882015228e-02
5.665151984430849552e-04
2.306455001235008240e-02
8.006463199853897095e-02
-8.349059522151947021e-02
-2.235583774745464325e-02
-3.837151918560266495e-03
-4.655984044075012207e-02
1.640184409916400909e-02
1.857585273683071136e-02
6.090732663869857788e-02
-1.287896931171417236e-02
-5.017174407839775085e-02
-2.655706554651260376e-02
-2.585008332971483469e-04
-9.205586463212966919e-02
5.924677103757858276e-02
3.300210833549499512e-02
-4.991038236767053604e-03
-2.768049947917461395e-02
-6.760909222066402435e-03
-1.196319237351417542e-02
-5.131424218416213989e-02
2.268013544380664825e-02
2.386763505637645721e-02
1.986319571733474731e-02
8.171291090548038483e-03
1.697826199233531952e-02
-6.614001095294952393e-02
-9.933684021234512329e-03
-2.165689319372177124e-02
-3.205047547817230225e-02
1.016986072063446045e-01
6.182341277599334717e-02
-3.750805184245109558e-02
1.562445610761642456e-02
3.519345447421073914e-02
6.604164838790893555e-03
3.572698682546615601e-02
-7.302748970687389374e-03
2.903189696371555328e-02
1.061021089553833008e-01
-2.019092813134193420e-02
1.107037886977195740e-01
1.108821760863065720e-02
3.295056521892547607e-02
-2.506294846534729004e-02
5.508488044142723083e-02
1.012640297412872314e-01
1.174998097121715546e-02
1.148020103573799133e-01
-7.383447140455245972e-02
3.300070762634277344e-02
-1.840615831315517426e-02
-1.882727295160293579e-01
-1.416675001382827759e-01
-6.307016313076019287e-02
1.142749637365341187e-01
6.025595217943191528e-02
-3.808340430259704590e-02
-2.011435106396675110e-02
-1.110778562724590302e-02
-3.560525178909301758e-02
5.783279240131378174e-02
-8.566281199455261230e-02
6.949475500732660294e-03
1.056844834238290787e-02
-1.398850139230489731e-02
-3.981285169720649719e-02
1.048610545694828033e-03
1.641398295760154724e-02
-9.357866644859313965e-02
-3.072826564311981201e-02
-9.889800101518630981e-03
-7.207958102226257324e-01
3.633854165673255920e-02
2.860399708151817322e-02
4.257376119494438171e-02
-3.871842985972762108e-03
3.482832014560699463e-02
-7.204183191061019897e-02
-1.703097950667142868e-03
-1.072601228952407837e-01
-1.325274351984262466e-02
-5.802460759878158569e-02
4.910091310739517212e-02
2.930642478168010712e-02
6.269196979701519012e-03
-7.262102793902158737e-03
6.188251823186874390e-02
4.907054826617240906e-02
-9.503608453087508678e-04
-5.161869898438453674e-02
-3.512451052665710449e-02
8.084055036306381226e-02
5.689641088247299194e-02
-3.108196891844272614e-02
2.117301709949970245e-02
-2.052174322307109833e-02
7.236979901790618896e-02
-3.631018474698066711e-02
-2.616606280207633972e-02
-2.836139500141143799e-02
5.222608894109725952e-02
6.991999596357345581e-02
-5.849285516887903214e-03
-2.840819954872131348e-02
4.246028512716293335e-02
3.113658539950847626e-02
-5.173212289810180664e-01
9.125259704887866974e-03
1.450879126787185669e-01
-2.012906409800052643e-02
-5.946152377873659134e-04
-9.326955303549766541e-03
-1.741201616823673248e-02
2.739284932613372803e-02
-3.221042826771736145e-02
-4.511848464608192444e-02
-6.102298572659492493e-02
-2.195964753627777100e-02
1.060941666364669800e-01
2.446385798975825310e-03
-5.728976428508758545e-02
2.544045448303222656e-02
-2.199993468821048737e-02
1.918382756412029266e-02
-6.176032498478889465e-02
-2.058417722582817078e-02
4.340136423707008362e-02
5.777094140648841858e-02
-4.360657930374145508e-02
-9.110757708549499512e-02
-1.134575158357620239e-01
-8.921678364276885986e-02
9.719342738389968872e-02
-8.130895346403121948e-02
1.154326200485229492e-01
5.264577339403331280e-04
3.642443940043449402e-02
-6.809338461607694626e-03
7.213348895311355591e-02
3.106172941625118256e-02
-3.092166781425476074e-02
2.627271041274070740e-02
1.374219451099634171e-02
6.263350695371627808e-02
1.114643737673759460e-01
8.481257595121860504e-03
-1.332014892250299454e-02
6.535817403346300125e-03
-4.674905166029930115e-02
-5.223282799124717712e-02
1.240408327430486679e-02
4.283538437448441982e-04
-4.976848885416984558e-02
2.310676127672195435e-02
-3.163162618875503540e-04
-1.768209971487522125e-02
-5.185095965862274170e-02
-1.411931496113538742e-02
-2.069950103759765625e-02
3.986561298370361328e-02
-6.045634299516677856e-02
9.351720660924911499e-02
-2.727506868541240692e-02
-4.510705918073654175e-02
-6.422253325581550598e-03
1.239621564745903015e-01
3.245655819773674011e-02
-7.726542651653289795e-02
-4.745606705546379089e-02
4.819186776876449585e-02
1.448146998882293701e-01
5.496235098689794540e-04
2.072103135287761688e-02
3.072359226644039154e-02
-2.610688842833042145e-02
-3.343775495886802673e-02
-4.480655118823051453e-02
-4.022496566176414490e-02
-2.702248282730579376e-02
-9.026373177766799927e-02
2.268658950924873352e-02
3.381031751632690430e-02
-5.328766629099845886e-02
3.474581241607666016e-02
-1.306140869855880737e-01
3.551701456308364868e-02
-5.663260444998741150e-02
-9.077377617359161377e-03
-1.083732768893241882e-01
-2.105494641000404954e-04
-1.174063608050346375e-02
1.213723048567771912e-02
1.390419341623783112e-02
3.059151023626327515e-02
4.989729821681976318e-02
4.315880313515663147e-02
-1.233186572790145874e-01
1.004431024193763733e-02
4.715226218104362488e-02
2.291557379066944122e-02
-6.398195028305053711e-02
-3.736037015914916992e-02
-5.381251871585845947e-02
-7.329731434583663940e-02
-2.209002384915947914e-03
2.190934121608734131e-02
-5.346243828535079956e-02
1.756612095050513744e-03
3.170929476618766785e-02
3.154849633574485779e-02
9.603495150804519653e-02
-9.910701215267181396e-02
-3.000381775200366974e-02
-8.987192809581756592e-02
-1.443368643522262573e-01
-3.856515884399414062e-02
7.498773187398910522e-02
4.090150073170661926e-02
-3.205787762999534607e-02
-3.372997418045997620e-02
2.997382730245590210e-02
1.563878208398818970e-01
6.362623721361160278e-02
-8.136355876922607422e-02
-6.246858462691307068e-02
4.328329116106033325e-02
1.409201044589281082e-02
1.099429801106452942e-01
-2.293207868933677673e-02
1.507627964019775391e-01
1.280569750815629959e-02
-1.979501545429229736e-01
-3.584687411785125732e-02
-1.778992265462875366e-02
3.227334916591644287e-01
-5.395830422639846802e-02
2.655457006767392159e-03
-3.559383004903793335e-02
-5.843871831893920898e-02
-5.732165649533271790e-02
-4.527607187628746033e-02
-5.499972030520439148e-03
4.885158315300941467e-02
9.834672510623931885e-02
-3.434566780924797058e-02
1.777380406856536865e-01
8.960806578397750854e-02
2.313127182424068451e-02
2.198946103453636169e-02
-2.624930068850517273e-02
-2.079237811267375946e-02
-7.415340840816497803e-02
8.080929517745971680e-02
-6.865230202674865723e-02
7.975815981626510620e-02
-2.204807475209236145e-02
-1.496979296207427979e-01
5.937429144978523254e-02
3.954458981752395630e-02
-1.722373068332672119e-02
-2.607543580234050751e-02
1.619975431822240353e-03
-2.758000977337360382e-02
-5.918192863464355469e-02
-2.836898341774940491e-02
6.692341715097427368e-02
