2.755594209118815419e-02
1.081783798907980515e-01
-2.844045907737132589e-02
-6.390020119552841660e-02
5.404369629462206504e-02
1.331260877790294180e-02
1.414006759063907159e-02
-9.403954898702741524e-03
-1.932433001707089051e-02
1.520967841062001780e+00
-1.157660461116214734e-01
6.862615820858347648e-02
1.030857065254308508e-01
-5.784005647909442466e-02
-2.591827332560115923e-02
-2.265558222067947346e-03
-4.455845963817960109e-02
8.759915227784390579e-01
-1.208890570010868470e-01
-5.549647958366758088e-02
-1.931695885792021269e-02
-4.065891586096806454e-02
-4.343516258284759596e-02
3.067850536002516421e-02
6.372566882552918588e-02
-1.388761940709232375e-03
-6.989236130204559694e-02
2.260062773767409648e-04
-2.655528709886237348e-02
7.508846780871544779e-02
3.670203593216282006e-02
6.541139148380084589e-02
-5.900913779872037079e-02
7.059609456877199984e-02
5.441948484281194931e-02
-5.594991880005628637e-02
-4.282601138052640616e-02
9.539774863224643672e-03
-2.989498288867611930e-02
2.544491326336337147e-03
-1.456709730367262631e-02
5.902903850694803806e-02
2.430394840664948028e-02
-5.547970612958997433e-02
2.554960322915588583e-02
-1.511225351425027168e-02
-6.666778952990762286e-02
4.274800376311652800e-02
9.673570799366088338e-03
3.372945450882575830e-02
1.019690019745545830e-02
2.840622670037716221e-02
-2.615465425381365699e-02
-3.580594652620313137e-03
2.502001734848977900e-03
3.357989594823096446e-02
2.381707915928087116e-02
-3.132066844154028553e-03
-1.301034702892913536e-02
-2.895820285207600236e-02
-2.066966685532116779e-02
-8.863086027211128370e-03
-5.907420995578226662e-03
1.508569586117831929e-01
-5.498184726890009005e-02
-3.913895662570515688e-02
-6.781268201250922195e-03
-2.731690931463325381e-02
-2.075264964978796797e-02
9.193791732101037895e-02
-1.062161526859158218e-02
4.487493775816588787e-02
2.963692756212963145e-02
-8.206368183672594838e-03
9.206089106248706300e-02
-1.525508216073727559e-02
8.870420859672184521e-03
-2.107492582532217301e-02
-3.135716373438470622e-02
7.300287358645585201e-02
-4.754916492079543436e-03
9.096623207394743948e-02
-3.951996674067287385e-02
2.614834446576845550e-02
1.825911933844435661e-02
-1.830650608357700937e-01
2.985523833138714958e-02
-1.547774107680040812e-01
5.902814139565650681e-02
1.568662585981167937e-02
-2.391227561856707970e-02
-2.868834608966624664e-02
1.744629386394071571e-02
-2.980834531334909665e-02
1.377465489265798093e-01
-5.888386441984849035e-02
-9.261650620083324709e-03
-2.043409617022937108e-02
-1.172710671803433267e-02
-3.036403942275967688e-02
7.024872612723676198e-03
9.521674695265193444e-03
-8.108314235392298508e-02
-3.109285074069551534e-03
1.194326947434029215e-02
-3.994645534397319175e-01
2.151573598909274285e-02
4.251096105738439573e-02
9.746363009741162986e-02
-5.229263297766955677e-03
1.679371015562328498e-02
-7.253408871283381631e-02
4.084202132971806454e-02
-7.358153564023522941e-02
-3.894775820227590335e-02
-2.596699847233318800e-02
-2.073424465351995233e-02
1.023873038055511490e-02
-3.031231337558061914e-02
-4.433717639805823812e-02
3.588560148001630062e-02
2.890611679555712878e-04
-2.468064354265862848e-02
5.690930983181412273e-02
-1.015440965831532760e-01
5.356971828380537731e-02
2.399160205275236921e-02
-4.317651023505427593e-02
3.853598411946226876e-02
-1.349139768827308308e-02
1.426388948134736309e-02
-1.139076184737806974e-02
-3.584417957731957094e-02
-3.179432543498020292e-02
1.172194043100157831e-02
1.690115344757595062e-02
-1.955625539783019395e-02
9.968941533260743115e-03
9.887311513127038445e-03
-1.195469105938381377e-02
-6.232835607565210267e-01
3.565798476053042010e-02
6.637228612462478528e-02
1.032516894879986248e-02
9.534042353660173580e-03
5.741833204216695991e-02
-2.520862196730896260e-02
-1.377275421708010900e-02
4.996932953389433135e-02
-3.429788191265947112e-02
-2.593048067273541826e-02
-4.978932604855378780e-02
9.200401926075199577e-02
7.833625549436442834e-03
-7.625002476532578843e-02
2.223363508535040889e-02
-7.094311869646646729e-02
-5.230120923526291460e-03
-7.141108542986136266e-03
5.065256822998880776e-02
1.396776062523451267e-02
2.238930363719747983e-03
-4.165982040185733926e-02
-3.667749804303385014e-02
-8.896729753891290116e-02
-1.119438845009897987e-01
2.659472208957891146e-02
4.551752372973084763e-03
1.187990277638507897e-01
4.156642606226063769e-02
4.132402280067733885e-02
-9.287394397365617005e-03
3.089581161734357082e-02
8.574926930917073538e-04
-5.202747973185520292e-02
2.468713654357322651e-02
1.728780683480536998e-02
-2.178348422408313625e-02
1.225992291008953447e-02
-1.056287327410949939e-01
2.054202750335999694e-02
-2.961914643727034044e-02
-5.261841388904163475e-02
-8.830843247213344960e-02
-5.046435175395112827e-02
-2.030393448247140575e-02
-5.250313824692222353e-02
2.321920660437664860e-02
5.754879855823349238e-02
-3.998399123853314807e-02
-7.204349519006832125e-02
1.273522131710291307e-02
-2.945278915185733926e-02
7.035260466534261348e-02
-5.700176441574451858e-03
7.519869877924127699e-02
-4.074401507996066457e-02
-8.074260648887925107e-02
-7.335574789060074485e-02
1.200628048662146785e-01
1.702314478901155448e-02
9.149212408307644956e-03
-4.456799618391599910e-02
5.873124809964030968e-02
1.560809766514530128e-01
-2.816816052965046349e-02
4.205024386770100236e-02
-1.540332980166309734e-02
-6.777054779081163882e-02
-2.788859664400521535e-02
-6.112065822142101652e-03
-4.535976718294115750e-03
-1.834904211005023572e-02
-1.157579468392570671e-01
1.409993765455585038e-02
1.004866487601568104e-01
-4.897082255452010757e-02
4.934856958510699942e-02
-6.316768455525113846e-02
5.640025603303552848e-02
4.545230468648916999e-02
-1.641171290235062322e-02
-2.268042493811700880e-02
-1.317634578570978099e-02
2.077266881461222944e-02
1.934003262351529501e-02
2.216846974243252485e-02
7.591808095208829599e-02
6.268368669578394670e-02
4.577293668446266034e-02
-7.148331236535748756e-02
1.149963056704307249e-02
7.203835259435488296e-03
3.062237588629541582e-02
-8.261454291699552033e-02
-4.776881977756896464e-02
-4.254625796432660867e-02
-6.162896436164744685e-04
-3.331396878598553296e-02
4.983140183166371445e-02
1.555274897832922745e-03
3.544892940002005582e-02
4.460546321570780549e-03
4.071534858358509534e-02
7.745456093402273978e-02
-1.207663296493310667e-01
-2.823472997809330087e-02
-7.209596988293784370e-02
-1.025838927938360484e-01
-6.835799142695178632e-02
6.788602244001332164e-02
3.418160175860094491e-02
1.658028137756669892e-02
-3.945646768721373238e-02
1.529993614589263487e-02
1.861118403123706022e-01
8.902080201446213592e-02
-3.830462101268146402e-02
-1.097626563197472496e-02
1.928219579537331085e-02
8.835771041631625133e-02
1.100153984730811996e-01
-1.020363011156324475e-02
1.190942531909869595e-01
1.375095504446437363e-02
-1.126301367329016201e-01
1.641886610136356756e-02
-5.809474132061251406e-02
1.844567710624547274e-01
-6.209355172576919851e-02
1.686710270402989528e-02
-1.118773118937043884e-02
-6.221430795975765871e-02
-5.615467497582095346e-02
-2.315085240987847445e-02
-8.207613557358111808e-03
3.847791511639096773e-02
3.956597528278969766e-02
-2.847980246165316906e-02
9.303703027758189470e-02
2.110688446743026192e-01
1.576653036218834264e-02
4.026076270734137152e-02
-8.956369333491291662e-02
-2.435377283059789524e-02
-3.223523352287062382e-02
4.301579780132426534e-02
-4.747190436965473270e-02
1.068098176625090628e-01
-3.287410943383028278e-02
-1.319910619412133779e-01
2.290454955713532373e-02
-9.643775016769664046e-03
-3.728596061767350950e-02
-5.418274854480967240e-02
4.479742923788298387e-02
-2.087494739895342719e-02
-1.527512343745956666e-02
-1.622868324582244295e-02
9.465890325086850476e-04
