1.455227562345003459e-02
1.218409367250173764e-01
-8.092916563433501242e-02
-5.261597181940087103e-02
7.090784131966623716e-02
4.276670169652942513e-03
-1.882787707298677659e-03
-7.012703807219550223e-02
-3.192742177665940095e-02
1.965694102617092875e+00
-1.332384193671679873e-01
5.681771146457624544e-02
7.256491250035226881e-02
-7.762604989596445793e-02
-9.533403585703684180e-02
-3.553278348952364218e-02
-4.841250754433840120e-02
8.633006979540458481e-01
-1.415044236389661203e-01
-4.757508047783549909e-02
1.093649274275743447e-02
-3.898501549818466499e-02
-3.348345991872075933e-02
-1.190811986574013236e-02
2.648469167140267075e-02
-1.257171822930855040e-02
-6.530705071997060240e-02
-1.491589158925157865e-02
1.284345522589275604e-02
-1.224583312906865791e-02
-2.326916511474439592e-02
6.761974270430186340e-02
-6.563614771403611381e-02
5.918428437253414609e-02
6.352196705120287390e-02
-7.579080059667790692e-02
-1.173699851065366194e-02
2.608610722926686665e-02
-4.390612762466652302e-02
-3.049966444940420407e-02
2.399427107306911777e-02
5.220456044247984845e-02
1.748273370276128696e-02
-9.137000158225618007e-02
5.486332509963223747e-02
1.247432136180885720e-02
-9.390661107144869513e-02
-1.768557035932186508e-02
1.498876752223965263e-02
1.461252299995772878e-02
-2.511475531318104609e-02
2.840682149464205178e-02
-4.958799417618173222e-02
5.099215136533444097e-03
1.709938425575835419e-02
1.096267294551813397e-02
3.905387398382605298e-03
-4.818023292337535179e-02
9.441612453354265855e-03
-6.014439867366420944e-02
-3.199133857845876810e-02
-3.301231144474667430e-03
1.010144965599871734e-02
1.414735821193895959e-01
-1.870271096957077869e-02
-1.632173786073386201e-02
-7.079211796622543289e-03
2.487448593186376150e-02
3.096030001991764008e-03
1.303170981568330111e-01
2.371611946239690280e-02
2.628065327805906640e-02
1.175113726498064892e-01
6.183937960439485348e-03
6.222028429679720557e-02
-2.159210473978197264e-02
5.620577516902840881e-02
-4.853042452608638535e-02
-5.396249495087079850e-02
1.311274907324994909e-01
-4.432968021252137181e-02
8.602395165987186676e-02
-9.146437002719484677e-02
-1.544515229289176485e-02
2.286396653352034541e-02
-1.837086213587559025e-01
3.113641294009619059e-02
-1.361422007246087529e-01
1.271788588703806344e-01
6.455845126621592711e-02
-7.396337176004424974e-02
-1.656760082223014338e-02
-1.384836976974796602e-02
1.385326501242614174e-02
1.038730820647885411e-01
-5.445794534053440689e-02
-1.115833472893808589e-02
-5.508373371655832240e-02
-3.071628209132582984e-02
-5.376809797248106870e-02
1.771539189333685158e-03
4.370072237040176916e-02
-7.670136848280713349e-02
-6.019711914154235455e-02
4.104315486325079559e-02
-6.079839575661788453e-01
6.962815676988418079e-02
3.882573491983627029e-02
4.629582708552520270e-02
-3.768904271354147056e-03
3.513835467153066106e-02
-7.708323181256693246e-02
7.083451702877534284e-02
-9.964605090579028990e-02
-1.645238545485315160e-02
-2.351076924951152683e-02
6.074165956143615965e-03
1.775823386698641582e-03
-1.804241050198325189e-02
-4.088797945444746368e-02
5.637172492784442435e-02
-1.195890241838611090e-02
-4.655167088381484408e-03
1.951928767354913982e-02
-5.228489792245946677e-02
6.228662750607069643e-02
-1.236738054846459565e-02
-9.257907721586318417e-02
3.347927218710664010e-02
-2.769541854639092845e-02
-1.720769078332836169e-02
-2.947685113699344273e-02
-6.865857535150159119e-02
9.932497848615952016e-03
5.611051230167490161e-02
4.399492312994345011e-02
1.024770836134327942e-02
3.907009112357215375e-02
5.438989584850029493e-03
-2.202004229086037060e-02
-1.020027062745411106e+00
5.963033512420858051e-02
8.389806094357657451e-02
2.352747488149958040e-03
2.782044503964153578e-02
1.263128446874647696e-02
-3.718283230755772134e-02
4.081496591801094670e-03
2.659649217986759587e-02
-3.507178212317644400e-02
-3.343055597957803049e-02
-5.951388562590341014e-04
9.301253725200556155e-02
1.063743802157211121e-02
-6.125229907841649862e-02
1.109468969394938193e-02
-7.426487008913473797e-02
-6.497474871225188825e-03
-9.596536162516497784e-03
-3.101928947156753005e-02
-1.171655407830201300e-02
-8.746956991473429574e-03
-2.826068433901027591e-02
-1.502616928622045600e-02
-6.067847893808593629e-02
-1.387713255989676264e-01
3.838408518512103490e-02
-4.499931363399919254e-02
1.272456699313788131e-01
1.578112831268376620e-02
-3.678412516901373094e-04
-1.951297167526584372e-02
2.000486730917814399e-02
-5.233273805469968593e-02
-7.146879553756786685e-02
3.894678926020863491e-02
-1.485225572782610318e-02
-3.935255946909139990e-03
-1.370124874945986143e-02
-1.039534883464923870e-01
-9.479014790682771877e-03
-5.044579572661665734e-02
-7.781475009158884959e-02
-7.556587399986144926e-02
-3.881341023763785342e-02
7.228517845002301045e-03
-3.387077922521112422e-02
-3.455164108808147366e-02
6.841933340926596718e-02
-1.142576129749997733e-02
-2.767829379723284189e-02
2.521371741990672058e-02
-5.145846537148674599e-02
5.236950569612226769e-02
1.190056185299775840e-03
1.123633157425977386e-01
-6.575646673598088210e-04
-9.507547897742217591e-02
-6.476735164807100043e-02
1.036073514587286526e-01
-1.107152988688189267e-02
-7.662036935957960981e-03
-7.276895089369586622e-02
-3.302061065273058024e-03
1.641609139863227373e-01
1.347041896470541240e-02
6.873097311250633834e-02
-4.421739121181449128e-02
-2.272527372444905699e-02
-2.265079041117891781e-03
-4.803072218986604441e-02
-2.965063511880718441e-02
-4.211127411105970719e-02
-1.163385692852076936e-01
6.155541195463533344e-02
9.661057387463130308e-02
-6.929315200109906203e-02
3.789395431543495472e-03
-8.132870183365585592e-02
2.458913536744744208e-02
3.451032106590640192e-02
-2.303497063900179255e-03
-2.095846838041548477e-02
4.581314170909500660e-02
-2.264014076429138322e-02
-4.663746090043880202e-03
-1.208504120617825625e-02
1.033820579193830136e-01
2.076600243708550189e-02
3.601228563951330841e-02
-8.319271484044751808e-02
2.556090009387857603e-02
3.936277365839940118e-02
5.168263973611841866e-02
-7.787511213763691209e-02
-7.026483416546114302e-02
-3.070218003125176065e-02
-2.995047761973481520e-02
-4.407303602083998545e-02
4.575701784925883392e-02
1.200873679727019767e-03
7.471429671207752143e-02
-1.855439308595511301e-03
6.108210195982537172e-02
9.832979135941345705e-02
-9.560372944241174453e-02
-4.731441367867811332e-02
-7.899748842516486624e-02
-1.092767970056315457e-01
3.935970968828085559e-02
4.779185636372283025e-02
-1.718949387396786349e-02
-7.819557910209455967e-03
-2.310475422116007801e-02
6.969914180215162902e-02
1.851976374478647991e-01
7.642170782098371695e-02
-3.534735366919045108e-02
-4.652395984269026841e-02
4.118096471686127219e-02
7.672270619087821764e-02
1.330415455267063840e-01
-1.492022839126817650e-02
9.103974413244218800e-02
5.586809630656199011e-02
-5.312562747172487609e-02
-8.288120012700614381e-03
2.911992269878597734e-03
1.829475275118830624e-01
-1.734424385877644456e-02
5.317871488213218867e-02
-2.619414657680782174e-02
-6.116232018348300575e-02
-1.119175080903488800e-01
-6.343135518040655951e-02
2.639433092689976411e-03
1.684679936580588816e-02
6.594813142589757426e-02
9.675067023887665152e-03
1.334065707811590007e-01
1.858500612647246697e-01
2.813052523713294173e-02
-5.969640083319438170e-03
-6.425537967103162051e-02
-3.322946688681261557e-02
-4.688027021207517159e-02
8.399565848277190661e-02
-5.337639599615796177e-02
1.078243100453012554e-01
-4.065801657141816794e-02
-1.417623567162812070e-01
2.547767982165418874e-02
2.402382600040275581e-02
-3.891704398143799176e-02
-1.550821480661541615e-02
1.267349088646856775e-02
2.459385860581507228e-03
7.167278003622750554e-03
-1.636691995302842068e-02
3.914205772710513398e-02
