-3.684097632100044595e-02
1.533304710689082084e-01
-1.169544988356774617e-01
-4.857003969731713694e-02
4.881557492354008515e-02
2.126564280819016189e-02
-3.656674767507030969e-03
-4.667553866145272151e-02
-1.656980929851873405e-03
2.033680625782364526e+00
-1.902722270128294202e-01
5.407663530432275240e-02
7.755405426296470284e-02
-3.589574897575147777e-02
-5.390261042444476070e-02
-4.113722621936137525e-02
-7.920841164097049136e-02
1.018724820841919954e+00
-2.006924738232416239e-01
-2.827349393530767183e-02
1.090401529100034662e-02
-3.275356962395935267e-02
-4.889111560069203666e-02
-3.027714487052378042e-02
4.700983191459994631e-02
4.172205124129491072e-02
-2.708049733278579049e-02
1.975064112420584893e-03
2.827062199097103365e-02
-4.069935346447449420e-02
-1.617749562994700435e-02
7.176520204480728304e-02
-2.444406844631270490e-02
3.267891241667304075e-02
7.669098694612684619e-02
-5.533975699379301005e-02
1.098846873778622918e-02
1.730373420665495127e-02
-6.966934995237483719e-02
-6.207967119504315817e-02
-1.616190278718247775e-02
3.775589878149273465e-02
-1.136235665474557080e-02
-2.443966177335751139e-02
1.710033729011104647e-02
1.561755456438006576e-02
-1.023644344050475830e-01
9.605121746524798027e-03
1.447481298410945721e-02
1.832117987523334234e-03
-3.496446230454550164e-02
1.747192044504930486e-02
-2.404148110418636783e-02
-1.909059871904022695e-02
4.139839966293409196e-02
2.176825441984759843e-02
-1.476141487907171174e-02
-4.280771559696811696e-02
1.732111534189675200e-02
-5.342020384868726574e-02
-1.464124162459891007e-02
-3.717709790302368283e-02
-2.481458396395109720e-02
1.528143965508994839e-01
3.468159980922602692e-02
-7.388087482371172299e-02
-3.449728957851045871e-03
6.724856778591498108e-02
3.578576098111938691e-02
7.708899145514351570e-02
2.084632025138843936e-02
4.707766958863336682e-02
1.383156257857810489e-01
-1.212643797932644145e-02
6.844812768873777264e-02
3.109336159355030951e-02
4.190578628241517500e-02
-6.069749727026495234e-02
-4.740818407301238685e-03
1.645732470078823950e-01
-1.006562907944212257e-02
5.254510425947993280e-02
-9.804436818761991246e-02
-1.878697067823837524e-02
2.603635606079758927e-02
-1.892551530154860384e-01
-1.305855046798386210e-01
-1.298838747991133691e-01
1.671069104660569959e-01
4.021137649110495538e-02
-7.934408165085082842e-02
-2.319062221987247194e-02
-2.034159738697052106e-02
4.603645097375354961e-02
1.107315719823274425e-01
-4.310638980069859266e-02
-9.237281994869192200e-03
-3.719459647836847321e-02
-2.965949533980589276e-02
-4.022047809908630561e-02
3.565252651882936177e-03
2.025836304852642045e-02
-5.476154598493213760e-02
-3.398504120567511638e-02
9.712460933015923392e-02
-7.153963804191560971e-01
4.138218759053564205e-02
1.806819187338402563e-02
2.430566261585145882e-02
2.952051031610946827e-02
2.898595766553331912e-02
-1.063909964523693658e-01
4.916802334897151655e-02
-8.393020842159135131e-02
-1.743602781357447146e-02
-4.590961566252958759e-02
1.885226337185824316e-02
-2.027641679526713883e-02
-2.376429043202242172e-02
-7.163670789212865653e-03
6.009009171943926336e-02
-4.180476911019519876e-02
-1.108187899424466563e-02
1.971377193823829407e-02
2.213954931271489360e-02
7.055070055797287021e-02
8.174910815985793333e-03
-8.350200579154799796e-02
1.716645072990518814e-02
-3.529121803835567894e-02
3.480143141976287102e-02
-5.100922459446010672e-03
-9.316736897271768458e-02
8.248859379014315471e-03
4.833832503594093916e-02
5.208969823103602736e-02
-7.365480929819844154e-03
-2.475356315407731614e-02
4.034062466262661184e-02
1.070625883576629446e-02
-8.129996542563368012e-01
4.912523778417942494e-02
8.804721536277120009e-02
1.292625312433379366e-02
-1.522645766869352643e-02
-3.657271376575661759e-02
-2.213831352254029897e-02
1.257622156283993639e-02
-1.965143526539242513e-02
-4.559909869205035216e-02
-2.910185236352691440e-02
1.113700644622319519e-02
7.336542487352341879e-02
6.250731465005069862e-03
-4.678065289181092962e-02
2.797507863362240846e-02
-6.087278196215678561e-02
-4.271910170107932198e-02
-2.149190851569717300e-02
-5.498685482250914580e-02
-2.133512864730524941e-02
1.722801069661540271e-02
-3.974405563039455636e-02
-5.435653777522835711e-02
-9.106455054690361373e-02
-1.142222975452199946e-01
5.538622590726963862e-02
-5.859062716089789152e-02
1.167809010107194179e-01
5.460864030539210219e-03
5.911685224053509977e-03
-7.654078639259534120e-04
8.019433198190380196e-02
-3.499244774726821550e-02
-3.591893005062479771e-02
5.126335763731353079e-02
-4.696050707134618446e-03
2.311100583732829047e-02
4.346048772575831359e-02
-5.490301326535074189e-02
3.269453995764981524e-02
-2.521763305920962650e-02
-6.877433358933852936e-02
-8.422700091458081018e-02
-4.644229727873772084e-02
4.204776402691778707e-03
-7.267597139620310398e-02
-6.777378261375718513e-03
5.748551579180765508e-02
7.682696657082415531e-03
-2.979418045427710895e-02
5.813277757758391999e-03
-7.067292367606141379e-02
3.423484965019077397e-02
5.278521588821956899e-03
9.567785402511219672e-02
-3.672109666678510104e-02
-8.667025684620283110e-02
-1.407258063138532543e-02
1.798010111977216552e-01
-4.997603194298201428e-03
-5.543028196044856581e-02
-6.225435801004706310e-02
3.745078472302413534e-03
1.299388687964294076e-01
4.714270604930127263e-03
3.052428422178977627e-02
9.813012748827820361e-03
1.315376129474852239e-02
-6.217228339261994356e-03
-7.021167767158724426e-02
-3.651850715094922400e-02
-4.148679202408316752e-02
-1.301637986227649757e-01
5.956979469590956838e-02
1.008824470691049996e-01
-5.274332180057286767e-02
2.759580849012512396e-02
-1.642977859081442560e-01
1.193781449391942071e-02
2.274303129646357627e-02
5.122501411096219356e-03
-3.508617562582336258e-02
1.820700073692596913e-02
7.402694095179950320e-03
2.524621104063376476e-02
6.935750911164377530e-03
5.991395291770754139e-02
3.259961365622557339e-02
4.929406527222701152e-03
-1.568443109793428436e-01
1.967701185145731557e-02
5.052408820358152142e-02
8.181614777500970104e-02
-4.518317922914195234e-02
-4.858688701390900810e-02
-4.164390286003804426e-02
-6.846046957592422100e-02
-4.996043442930430539e-02
7.642485699638951191e-02
1.809927212972971960e-02
2.783647795935393840e-02
3.708966374635123964e-02
6.265037671368597905e-02
1.100599533861013751e-01
-1.355697800906313089e-01
-7.726469252558229583e-02
-1.161746111408720888e-01
-1.439275544887913538e-01
3.828086671820934983e-02
6.520286795564368687e-02
5.009943288187613983e-05
-5.843833403825865469e-02
-2.683414002584194602e-02
8.400660721222306601e-03
1.448382384292031810e-01
9.487806557103733995e-02
-8.834167506826046123e-02
-2.237295751375800029e-02
4.268796405922876264e-02
6.885599182821869335e-02
1.191980852394787377e-01
-9.075548289405894337e-03
1.115120895831397396e-01
4.033187003676771964e-02
-8.406094060895981379e-02
-1.689769172331692659e-02
2.966985675980108109e-02
3.766184527356113421e-01
2.103455805282088489e-02
8.540938253324878091e-03
-2.464291589341255709e-02
-6.741685945349269737e-02
-1.233107735877806282e-01
-7.308658470173118316e-02
5.945717497533331043e-03
3.134106412349198234e-02
7.729177848387987215e-02
-9.459325196855236303e-03
1.741484375427054809e-01
1.413519328847320788e-01
4.266884534428142667e-02
3.899285001165005843e-02
-6.974497604051077548e-02
-3.583248078936147885e-02
-8.481399857841957768e-02
1.023742353154603463e-01
-5.851330352945517677e-02
1.231443823145966648e-01
-4.490193687342502321e-02
-1.658364220792176713e-01
5.171607855794827652e-02
-1.485825625490259060e-02
-4.004620499353609558e-02
1.581393543568057483e-03
2.502087284303100914e-02
-4.935776384990352150e-02
-3.337700041065601309e-02
1.406348436159047567e-02
4.977815671309835516e-02
