-3.535344158430692163e-02
1.296952829735371071e-01
-5.362881000832579043e-02
-3.809783088274917850e-02
3.636900315293226105e-02
6.149474866103665609e-03
-5.096860498493139928e-03
-2.056190283290132773e-02
-1.606674970563351512e-02
1.927852593119503410e+00
-1.756058173418908464e-01
3.608774745533532835e-02
9.182790304632264256e-02
-4.283780350509426571e-02
-8.829490177904236736e-02
-3.088594671158281443e-02
-5.887629327030163146e-02
9.622034330631717980e-01
-1.579167997041515670e-01
-2.430676769825167519e-02
2.805849406310400272e-03
-3.946855903226849371e-02
-2.253215570740914331e-02
-2.526537083946316098e-02
5.261140303576945787e-02
2.174970268648150629e-02
-3.550844498939292881e-02
1.457410385781761873e-02
1.111214801060123568e-02
-3.767433787047290775e-03
-2.581291639469763047e-03
6.935153572410113210e-02
-5.716724223622427631e-02
3.715064047725541441e-02
8.734616768965194900e-02
-7.131334745439228684e-02
-9.679002406069921530e-03
2.367414016315784638e-03
-4.282392789188688847e-02
-3.212951390011568181e-02
3.965598506174286379e-03
5.784343191691634911e-02
2.576471925049038728e-02
-3.315288861428155459e-02
1.376288591009820761e-03
1.225636883454054920e-03
-8.302576133367103872e-02
1.822856498078422385e-02
4.218623207418125548e-03
4.469644079785610891e-04
-2.138143935107346058e-02
5.729728006265447787e-02
-5.983530689109473055e-02
5.844031571451121197e-03
1.153817582200325487e-02
2.050477951198033388e-02
1.560964209941458937e-02
-4.295727411357741499e-02
8.104500965447975630e-03
-5.042212597493461734e-02
-1.745445486964347301e-02
9.965329456104590061e-03
-1.349346811911042443e-02
1.227757900742584979e-01
-4.308957220898583691e-03
-4.206220759820299138e-02
2.702785043968046735e-03
2.311648917950562612e-02
-4.429503584097204197e-03
5.160460538163009342e-02
2.275752127701615238e-02
4.020384373922227667e-02
9.429201548309334990e-02
-1.359190252612923512e-02
8.006717186107878415e-02
-2.364821986863755235e-02
9.549654851927595611e-03
-2.141490922465080077e-02
-4.928993645663808446e-03
1.559712527887351374e-01
-3.121885266901261793e-02
6.115931755250546276e-02
-7.779531122014571309e-02
-1.451864438255114076e-02
1.895404378662179576e-02
-1.667911998566563303e-01
-8.459585625844254220e-02
-1.208448379884103641e-01
1.440520484180102812e-01
5.091270170054463390e-02
-5.612739220483416863e-02
-1.327274938886957925e-02
1.002480601787484986e-02
1.213980030792845104e-02
1.024682845933386488e-01
-4.078240243019629757e-02
-3.263059720134038610e-02
-5.386641102699998851e-03
-2.295423572266410903e-02
-5.929091273145154634e-02
1.587592757158651571e-02
4.028368728040394864e-02
-8.454711093103337016e-02
-2.729762367265638548e-02
5.280916999316512955e-02
-6.833225668398287267e-01
1.682373895901143057e-02
2.056799336754810623e-02
3.462668573088212298e-02
4.430237360203986147e-02
1.621515210787510125e-02
-6.664954159885684570e-02
2.885628305728897211e-02
-1.005314594919382715e-01
-5.278474470387315570e-02
-3.313468016104608588e-02
1.702351972221773091e-02
-2.919383585408493603e-02
-2.291675928770046597e-02
-4.500847917497449030e-02
2.419763100094484559e-02
1.020984196858878285e-02
-2.725756156716585554e-02
1.680392542536069539e-02
-5.026759970850757514e-02
7.669966754100922268e-02
2.851592356249910143e-02
-4.807332321687108473e-02
3.278119409057596301e-02
-6.684704279703621889e-03
2.052519999407225251e-02
-2.309470569470041534e-02
-5.862183803017402550e-02
-3.128865524812108473e-02
1.732505732119312900e-02
6.093429054084396890e-02
-2.727985727435495306e-02
-9.402583877046868238e-03
3.992368967058795848e-02
-2.445063248663008457e-05
-6.668198562431740806e-01
5.603712178060513138e-02
1.070264673866183763e-01
-1.121256004333934632e-03
2.227817936012674652e-02
3.121487592879250081e-03
-9.493243730622557414e-03
-7.065971836301247755e-03
9.750789846915955059e-03
-1.118391703249168277e-02
-2.704877656595785357e-02
-1.305556271263543996e-02
9.563208045702922822e-02
2.857039104544335795e-02
-4.972507200303033503e-02
4.566362212908475771e-02
-6.606843582945334803e-02
-1.288590922111436214e-02
-3.381746909039633209e-02
-2.570527514116568296e-03
1.629262398925191910e-02
2.688299719476149041e-02
-1.926057029128136477e-02
-3.848746371500833680e-02
-1.308830214305986561e-01
-1.068134039251559114e-01
6.057846438592142529e-02
-5.497531986253018088e-02
1.190946232198798610e-01
1.377860407668392816e-02
4.227454131818704497e-02
2.710748830252477249e-03
4.783242783642653595e-02
1.141770795863915160e-02
-2.671323932915876248e-02
2.391847155591211860e-02
4.775485684352680747e-03
-7.078949306150575556e-03
4.060703643116449907e-02
-8.535620477848192278e-02
7.395029109106904079e-03
-4.042247235655078465e-03
-6.148636101950048782e-02
-8.188420709209921766e-02
-4.157856090826543560e-02
1.103604702577581573e-02
-3.670233713180613006e-02
-5.000548218285660006e-03
3.801966434361887109e-02
-5.354066741201338360e-03
-3.501705532136467625e-02
-1.821420806272554607e-03
-2.009010216268429863e-02
4.500524796390900639e-02
-3.586315592040945424e-03
7.366487621788239681e-02
-3.985315384162858854e-02
-5.737585357299390676e-02
-7.064087664854212800e-02
1.534045274733071840e-01
1.237895992108238932e-02
-2.538723591217235606e-02
-5.213587822815176492e-02
1.605520540594732731e-02
1.551721157024199549e-01
-1.100875101069194797e-02
3.532793571628729118e-02
-1.177192640186706073e-02
2.454237026024489593e-03
-1.094366543839949031e-02
-5.218103449050123799e-02
-1.986171939273384188e-02
-2.593689789311285840e-02
-9.625631114110909381e-02
5.230502739112706523e-02
8.284849730512085231e-02
-7.184159608382550966e-02
4.743633258203641678e-02
-1.194595641265376179e-01
3.411017962418089189e-02
2.700212924529911754e-02
1.064784999495916977e-02
-3.803035084623067330e-02
-1.551619835226619596e-03
5.173455396383501740e-04
1.003289457065604032e-02
1.506327974280317721e-02
6.979215222541960972e-02
6.160246709876343596e-02
3.032044618302544986e-02
-1.023214381542974366e-01
2.900134198054531501e-02
4.475424496231390770e-02
5.473912219285293618e-02
-5.735642069775859220e-02
-2.754741102318287657e-02
-5.098370765141799210e-02
-5.744195832749540015e-02
-1.963761683722408877e-02
5.122221032182272538e-02
2.019590766030960813e-02
3.087838967723422270e-02
3.212367245991586129e-02
4.499581395027698466e-02
8.535659771620106306e-02
-9.619684422736320129e-02
-4.306960518403855215e-02
-7.895449152511926916e-02
-1.299804715566980073e-01
-1.458451604955517253e-03
6.107340452691197019e-02
4.343968585639765290e-02
-1.720746720036590502e-02
-4.550879063425087440e-02
9.326906528199905080e-03
1.737315605555196374e-01
7.370652059936698419e-02
-6.306134661552638410e-02
-1.091079111105273253e-02
4.106736647751767222e-02
5.817464333043233238e-02
1.186153514704403056e-01
-2.334135480603246812e-02
1.480924024481591605e-01
2.478877773242153804e-02
-1.051322830444904322e-01
-1.020509075514097232e-02
-2.631067463589268143e-02
2.965728870279358276e-01
-3.688309900773122096e-02
3.380587742768149939e-02
-2.753156195044853191e-02
-4.969779791527454554e-02
-9.000310027860407291e-02
-3.859202023202635418e-02
-1.137153163698751898e-02
2.004305313337518754e-02
7.259495592586005797e-02
-1.075859791233312567e-02
1.521044228620595518e-01
1.801380732624518477e-01
1.085284858515476840e-02
3.730507903437015049e-02
-5.760788329615020020e-02
-3.861163554263127157e-02
-4.410139999218615214e-02
6.627977317164956972e-02
-6.132460399736664597e-02
1.253670880306231028e-01
-5.337081131198087580e-02
-1.721852944967163790e-01
4.065364165135332275e-02
3.075468095478027866e-02
-2.834035232367649454e-02
-3.812256140044799346e-02
2.000608365823669174e-02
-2.371823645846805537e-02
-4.549017520980629115e-02
-2.266629832965543628e-02
4.805085559942985640e-02
