-1.318409352694583161e-02
1.066870624564359715e-01
-4.491393391606565526e-03
-2.795634931963984771e-02
4.773121621144372356e-02
3.530603604193735621e-03
-2.416065906691138628e-03
-3.884204054145645908e-03
-2.124657865094047374e-02
1.790656023509348937e+00
-1.831754639568995147e-01
2.635411399595911919e-02
9.045264849200790325e-02
-5.793625831946051796e-02
-5.982656177040826528e-02
-3.339388944718517382e-02
-4.361426025108106758e-02
8.949009362459481309e-01
-1.145099908600131222e-01
-3.270268719209114272e-02
1.601320360134938364e-02
-2.756433419626060088e-02
-3.150382597177917975e-03
-2.492967370119983025e-02
3.760502155784964384e-02
1.488933824866685643e-02
-4.957634313079866545e-02
3.884257831797172794e-02
-1.097649036690428147e-02
2.420359444998511356e-02
1.515883677112464176e-03
6.727361825899533243e-02
-2.503731987278880883e-02
2.447345252271673766e-02
8.003600165120354493e-02
-5.715938190468698027e-02
-2.444535597150743547e-02
-4.804715537073622755e-03
-4.873187704708636936e-02
-3.385165208646317286e-02
8.657756639972067486e-03
6.713243168483667977e-02
2.252871386247555507e-02
-2.153073117040048626e-02
2.113901673926633223e-02
-4.908088822295138785e-03
-5.228105335388032876e-02
3.370921978728911445e-02
-1.213757464569333554e-02
-2.447736978267894131e-02
1.313663123864374643e-02
7.467103739696895337e-02
-5.400478321397635811e-02
-8.653283429787475903e-03
4.209326718077506524e-03
3.563560630764832371e-02
1.736849459266787826e-02
-2.381298365851976934e-02
1.837045732660248093e-02
-3.607622288033511537e-02
-1.097061530303856947e-02
1.349652020429837306e-02
1.867506187519455806e-03
1.264589191214784969e-01
-8.507479907942441799e-03
7.964111673425434620e-03
4.355269847036335323e-03
2.559602423788327752e-02
-2.353661774648357907e-02
5.817736063106089539e-02
5.263769087811546316e-02
4.157607238882291001e-02
5.577650818242415459e-02
1.768206869180184368e-02
6.036903040642277452e-02
-1.904868851127758389e-02
-1.996514395320715674e-02
-2.093605484333127976e-03
-4.090416152383798652e-03
1.206603698670578179e-01
-2.337188630867186381e-02
7.313770520560529398e-02
-7.392748825674523572e-02
-9.413475555346193652e-03
1.693658983431288803e-02
-1.438353357982960212e-01
-9.338327441615743019e-02
-1.260653096683381769e-01
1.123477690988082950e-01
4.712712549104695892e-02
-3.040820049476893397e-02
-2.519457861266334239e-02
1.407541721015963948e-02
8.763952219301740162e-03
1.156217591323737415e-01
-4.176271636095715833e-02
-3.236277278271785379e-02
-1.323415300321104972e-02
-2.296235668809340144e-02
-6.057050742787827013e-02
1.795900624953475355e-02
4.439088553826529143e-02
-7.992567072742622070e-02
-1.748042645482706520e-02
4.096666833732599822e-02
-6.212797694574713203e-01
1.013374582890291462e-02
-3.219594062957845310e-04
5.267619270272922566e-02
3.749951162292499557e-02
1.513920689572040464e-02
-2.693517532512299320e-02
1.043406840427396924e-03
-8.649779208623478710e-02
-4.383457514604523209e-02
-5.262023751065838389e-02
2.082332457717515559e-02
-2.621916761196378329e-02
-3.139770267423919181e-02
-4.124648394940481910e-02
3.705148017773277763e-02
3.759457332841017324e-02
-3.511462560207178479e-02
4.442807885596632839e-02
-8.421187016143222293e-02
7.635389624190470903e-02
4.851690522201582145e-02
-1.679167765019438929e-02
2.925528034086525772e-02
8.819879324734301168e-03
-3.988098181291702821e-03
-1.367005432497749896e-02
-3.048789054833999854e-02
-5.024785830461490910e-02
3.433793422867984640e-02
6.427742159955268653e-02
-7.368786462404243801e-03
3.458818617573813231e-02
3.765171807221985578e-02
-7.889671342979593521e-03
-5.327950426673704332e-01
4.927285543911694154e-02
7.595792090252823092e-02
-1.234308209974174482e-03
3.665669108578475943e-02
2.899097185742635641e-02
-3.975403175679529917e-04
1.389574863724952862e-02
1.529230550881939023e-02
-2.023519615417394227e-03
-5.029379813190679865e-02
-3.632551327307117356e-02
7.053942682004588072e-02
1.996742392737326649e-02
-3.853000707703981009e-02
2.702608516460858201e-02
-7.485395741129856340e-02
-2.535357862085142440e-04
-3.966841469972964829e-02
3.481437613456801056e-02
1.754859768239370316e-02
2.667882692540315612e-02
-1.803376296770002260e-02
-4.718680794523282679e-02
-1.633116549424447339e-01
-1.046726028470572750e-01
5.849730378846323270e-02
-6.831686835119880896e-02
1.345665997768506761e-01
1.921243361243918021e-02
4.478513272331005601e-02
2.080204481829147842e-02
5.766681245944950233e-03
4.335439441295568623e-03
-3.458976563610248467e-02
5.135109815187012192e-03
2.677930935207601532e-02
1.230945041559765611e-03
4.943024965571729545e-02
-8.502849743014528894e-02
-1.467883385123772665e-02
-1.009105992126330641e-02
-8.368788583771510914e-02
-9.234582008437040856e-02
-3.818546002450582538e-02
2.154191460890076543e-02
-3.157419580486868493e-02
7.343411836875131035e-03
1.091774881510072966e-02
-2.097094794796509551e-02
-3.322153661746891917e-02
2.252978776335089629e-03
-9.997608241013543600e-04
3.502891509497804007e-02
-2.965925871999580514e-03
7.479206767777507592e-02
-2.479086292620845747e-02
-5.002646290015463210e-02
-7.528121135278573184e-02
1.446669249844353689e-01
1.824234425648469521e-02
-8.232338242904138279e-03
-4.667777232170047114e-02
3.116699572311211128e-02
1.724314590861873997e-01
-1.817228461553264951e-02
3.240780722896407368e-02
3.609505579737820515e-03
-1.722816713920948678e-02
-5.746517104855231733e-03
-3.534875251444802996e-02
-1.212952699774905163e-02
-1.117486133659725128e-02
-9.263051285857847039e-02
4.686327630675166112e-02
1.077965639718720114e-01
-9.740798394348350320e-02
3.822723311640138788e-02
-9.382141275605497543e-02
3.110493086113818098e-02
1.705487753749889909e-02
5.437765233690347241e-03
-3.866642222700157616e-02
-1.526133585972975007e-02
-6.406205325723586010e-03
2.276005358904149151e-02
5.363064606193874290e-02
7.561388932241441818e-02
7.850506838917988006e-02
4.736884570868946098e-02
-1.054071973061358469e-01
2.353839546547106809e-02
5.163412885795420210e-02
1.539969063988790021e-02
-6.441410109434531073e-02
-2.140858733699440436e-02
-6.286217885275188766e-02
-4.882136768526131737e-02
-5.462974643700176276e-03
3.531419603643475708e-02
9.460693324679740612e-03
1.769196675356209808e-02
5.887201919481833273e-02
4.222738170463081336e-02
6.004652971278193890e-02
-9.200198015425894993e-02
-6.151531798330482463e-03
-6.090485076994132940e-02
-1.069306099577217450e-01
-6.200057991968992849e-02
6.245794273741126640e-02
5.789231759995195487e-02
-9.632613083216070475e-04
-3.653081007733249147e-02
3.133994002438739851e-02
2.070603940176015678e-01
3.025206852473590752e-02
-5.063956777928348835e-02
-4.119898779192128491e-02
2.388766437754617084e-02
5.444535352631774822e-02
8.730791647210886519e-02
-2.207809183794097116e-02
1.347979015038471562e-01
-4.474553799803623541e-03
-1.326221849390272767e-01
-1.184387266921875688e-02
-4.436465922673427098e-02
2.557207922224252195e-01
-6.068398405514275479e-02
4.604741894235844790e-02
-1.059715140424203651e-02
-5.583662019696015999e-02
-9.565722152012234858e-02
-2.082098347326691301e-02
-6.409260160675132878e-03
2.788150008078377901e-02
6.319648254309032098e-02
-1.203192097326691301e-02
1.052788314562735639e-01
1.739778499121952260e-01
9.489483781070033250e-03
1.597793174013761169e-02
-4.466604868132109663e-02
-5.462083884227960512e-02
-4.644329184811295946e-02
3.626505100163428252e-02
-3.687929256353580931e-02
1.092819440109189244e-01
-3.547152086251700170e-02
-1.271930311512407819e-01
5.216444424037023492e-02
5.920479629375858394e-02
-2.761091175545692458e-02
-5.578135230144953827e-02
-4.995238769600640096e-03
-2.183232218792083637e-02
-4.518752833776586847e-02
-2.712823957233658975e-02
1.924625157708126019e-02
