-1.529040168282701749e-02
1.123788224314907352e-01
-8.157308058287418562e-02
-5.087905497103916569e-02
1.151698568053678012e-01
2.198696856124125049e-02
2.839439103446745466e-02
-2.421961600762414374e-02
-2.201850702992655048e-02
1.992366098928834317e+00
-1.781983345115158990e-01
2.639602100034650276e-02
7.889958596062696117e-02
-8.773180262732926948e-02
-2.840361925849895636e-02
-2.322835059477721190e-02
-4.754082325684236970e-02
9.001650034864222549e-01
-1.632510679841635282e-01
-1.581749687861275233e-03
-8.076491332805201678e-03
-4.283660133056201719e-02
-1.142794292701453107e-02
9.444135857571632833e-03
4.710970770066177926e-02
2.011485475201485115e-02
-4.276036091020216784e-02
1.921567732306941889e-02
-5.015142893179659785e-03
2.399044565913699412e-02
1.713354622109531517e-02
4.532370170209056720e-02
-2.172108792815617348e-02
4.956187638260435742e-03
6.901566089357215328e-02
-5.366068984103625900e-02
1.089613675210361794e-02
-2.624504616902623849e-02
-3.785703242640012928e-02
-3.023122119490704446e-02
-9.409367092719580355e-03
4.173426093597602804e-02
2.338920952662193464e-02
-1.205754467346073326e-02
2.419814545198362490e-02
-4.056194802353415424e-03
-2.753256514516242912e-02
-8.191381990924874457e-03
4.891455030500847095e-02
1.166415977024370769e-02
-7.708542322598860297e-02
2.808818235217997589e-02
-7.586654569351995725e-02
-4.648242240972733086e-02
2.954773731466350806e-02
3.892549283144539074e-02
1.919062451206130990e-02
-2.249399242197793608e-02
2.256809811056770948e-02
-3.038435373456242067e-02
2.503050024126228729e-04
-3.111704297322834267e-02
-4.744893370691167372e-02
1.380242282948828669e-01
-1.719392863402031610e-02
-3.366333515385709629e-02
-8.781184671359255553e-03
8.619328347713933747e-02
4.528391882411320762e-02
7.120966384633647950e-02
-4.505143567270302428e-03
9.081343624071713805e-02
1.039165451721608124e-01
-4.500848411752878669e-02
9.349430007400626186e-02
1.737217873682164390e-02
-2.779085515666976283e-03
-2.587285714705857276e-02
4.579711137036845937e-04
1.430277304247018488e-01
-8.665407848901563598e-03
7.832552274943960224e-02
-1.092364554903663548e-01
-2.862920944039715199e-02
1.691475396928098299e-02
-1.803386307878886430e-01
-1.252162888506142824e-01
-1.075669364989904342e-01
1.174630516781882544e-01
4.129777721869064278e-02
-1.126032240983427662e-01
-1.961375675627983692e-02
-1.161779410638239841e-02
2.474709527758230457e-02
1.080021126408471782e-01
-6.777379635217035264e-03
-9.320345435861595793e-03
-2.287147440901935239e-02
-4.688600368587549777e-02
-7.260050634667869485e-02
-1.868389725789150468e-02
2.234887243718558167e-02
-5.951445438160923168e-02
-2.400181488127449067e-02
6.729450729421553035e-02
-8.091413107878030475e-01
5.905627869814748972e-03
8.497391194852233279e-03
5.987966061658338973e-02
1.123370113494539385e-02
1.275636749964708001e-02
-9.404471831098885903e-02
9.965241219509847481e-03
-9.215479975263513035e-02
-3.848139342723858047e-02
-4.162746168411303460e-02
3.579754264049425649e-02
1.608148168398470385e-02
-3.753959655892267350e-02
-1.503601977615511877e-02
-7.647744451602363734e-03
6.926015948301157644e-04
5.839236824034469819e-04
-8.028058822479616774e-03
2.789961994923298785e-02
7.730926510016512820e-02
4.390712544890359309e-02
-7.555154116437945433e-02
4.268704477993831570e-02
-6.477795514386304118e-03
3.603547959293346842e-02
-5.015455374464203309e-02
-8.156860224147002847e-02
-2.810713592955929943e-02
2.285275686362634937e-02
2.582090922228187299e-02
-8.597667191022517058e-03
-3.221181154524434959e-02
2.398401848726172680e-02
2.582369147543034718e-02
-7.994934260621823219e-01
1.551514799815465612e-02
1.178976429620258032e-01
-9.852383465201550172e-03
4.526050674872681388e-03
1.148333472557392385e-03
-2.003780179676404455e-02
2.263029567213086651e-02
-3.357812551801710177e-02
-5.058086510995063456e-02
-5.915384763720033662e-02
4.701846567210947458e-02
9.442504312575930592e-02
-1.138395011568825790e-02
-6.645690705957718603e-02
1.556537059177471802e-02
-4.201396928365788014e-02
-2.354643607241170555e-02
-4.095180445743356462e-02
-3.425705324985214763e-03
2.459953351055979565e-02
4.057403213016119031e-02
-3.317310507338597919e-02
-1.831315367074271352e-02
-8.287640325820057330e-02
-9.378982047599287997e-02
5.440879008850806747e-02
-4.393531560542898035e-02
1.304085747939160989e-01
-1.447626730962503884e-03
3.822494571849172768e-02
2.926788693003413641e-02
5.021515339054559435e-02
3.905280388955313653e-02
-5.425210244760741291e-02
1.922003451531245286e-02
-1.423616481593080983e-02
1.433635203900889346e-02
6.606841094276706683e-02
-8.473251702304461508e-02
2.500663437871635322e-02
-1.612430164610461833e-02
-8.567062093072499995e-02
-6.884126876491888924e-02
-1.452737502319379793e-02
3.841090132569600218e-02
-6.681662398428543648e-02
-4.660694703712933012e-02
6.873877239705429576e-02
-1.795122055189742744e-02
-3.997043776656157565e-02
-2.320119438367862497e-02
-3.781714928704804635e-02
3.044927088591485587e-02
-7.432121399179567739e-03
8.966817562263650065e-02
-1.258948870776188840e-02
-7.075202080142793670e-02
-3.553840040730180810e-02
1.265844305046970319e-01
1.180198678441451640e-02
-1.103022798567679374e-02
-5.115474033106038459e-02
2.153267800604990664e-02
1.566786842178436445e-01
-2.334897965001561312e-02
1.974033047552766970e-02
-2.276266627429934710e-03
-2.614777488092959266e-03
1.170043454449519633e-02
-4.317373438061463536e-02
-1.223348145391826847e-02
-2.322746704141249313e-02
-1.086229227179976442e-01
3.071470922012291358e-03
5.286002756786759016e-02
-3.138244109844758045e-02
4.416960137280547677e-02
-8.019080207495593582e-02
2.206672230727357506e-02
3.867414905330536241e-03
-1.506612847586133799e-02
-2.091343033532216261e-02
-3.171252034303292944e-02
-2.105250539473036905e-02
4.015646387004494743e-03
2.810706282230689829e-02
6.894907898564364701e-02
1.825959738641321981e-02
3.400580503333490434e-02
-1.117704781852637691e-01
1.711437854390539248e-02
5.202979654427114520e-02
5.517009559454193190e-02
-4.322034756474478490e-02
-4.363034556887501747e-02
-4.267807556445817052e-02
-5.064629818962714664e-02
-3.037823831289917370e-03
2.760429798121716641e-02
-5.757786415332343671e-02
6.039452366355597956e-02
5.146574276032665762e-02
4.224223519099391116e-02
1.142500422434592211e-01
-9.776612811157833760e-02
-9.231516782149945533e-02
-1.155020895807309933e-01
-1.305167568172387604e-01
-1.310284887850299805e-02
9.569394272909857724e-02
2.678502260158749718e-02
-4.260022260698824448e-02
-3.544516881709491168e-03
1.536497943538943194e-02
1.984832659755137729e-01
7.340331588428927745e-02
-3.821542924300790761e-02
-2.829995526337460154e-02
4.413662791319450385e-02
3.929541135103137989e-02
1.046659153970457418e-01
-3.117418569048270929e-02
1.508278648551530654e-01
-1.726289906032365878e-03
-9.035443966724987508e-02
-2.353404125996197069e-02
-7.441875995428348829e-03
2.558314020764531627e-01
4.142937862812494376e-02
-3.536628922492342925e-02
-1.917509653165157951e-02
-7.590380114934293376e-02
-1.080944867874223531e-01
-6.303689548406726795e-02
-8.511484184336285536e-03
-9.140273918086189511e-03
1.059683440751142125e-01
-4.090613540124869718e-02
1.439109328746085714e-01
1.167268658240789847e-01
3.147526433243035687e-02
2.253523117866737535e-02
-7.702354524755736231e-02
-3.202577656445175502e-02
-4.591955505205035787e-02
7.686705395184886824e-02
-5.049387165715208542e-02
1.229652622409780766e-01
-6.890546111008324925e-02
-1.854293185381410414e-01
4.127193067179933672e-02
-1.179144471861845629e-02
-4.465711812982323808e-02
-2.215078311486156845e-02
3.831876947744305983e-02
-6.048043512901900981e-02
-2.882505332568316772e-02
-1.288075635643747517e-02
6.637252458007862621e-02
