-5.731443107768351836e-02
1.733189255233631987e-01
-8.716781375068413662e-02
-8.770288875966340478e-03
-5.372883424212816957e-03
-8.188482742429619918e-03
-1.853783299465092127e-02
-2.748917209520592569e-02
2.881322368646097032e-02
1.467429192036669550e+00
-9.605530081625845984e-02
9.338426174360334175e-02
8.418364933596154953e-02
-3.051826292801190429e-02
-2.720618142616473834e-02
-4.740479701503386156e-02
2.069490903410840105e-02
1.248657278340288723e+00
-1.828236706403502665e-01
-9.262344225687556276e-02
-3.352041010280196014e-03
-3.663977718046623755e-02
-1.179507380105356829e-01
-1.642207061982622895e-02
3.234705776557261769e-02
3.840884717388143993e-02
-3.668893935571594656e-02
-5.547476039911789121e-03
2.221428648737343650e-02
5.545035385274851153e-02
-3.128273692447150478e-02
1.356921467725935582e-02
-1.117915946677028489e-02
5.079251751492269013e-02
7.017709607178285180e-02
-9.517712279580282930e-02
-3.247880718405794787e-02
2.921803914106861980e-02
-1.938008892150407114e-02
-2.527400137682150882e-02
1.015458058387707849e-02
5.709973030119039339e-02
-5.263597214769190347e-03
-5.396690016333721002e-02
-1.920801963787883981e-02
1.205479619995125477e-02
-1.055358941001915546e-01
-1.362736865010561252e-02
-4.020320143069713165e-02
-1.720721397548658979e-02
2.190684166980228637e-02
2.323658380706112789e-02
-7.118805405574416684e-03
1.743521934708141662e-03
-1.532139007929551183e-02
8.279680965977115337e-03
1.365435322927712608e-02
-8.286767842024696934e-03
-2.142187920903314627e-02
-4.682221337954094870e-02
2.234301097645693891e-04
1.686474565948467563e-02
1.465569975242867959e-02
1.748485282547718456e-01
-7.510897721296264790e-03
-5.412113784463296051e-02
-1.110478568404939421e-02
2.719927994800574664e-02
-5.202932019170742640e-03
6.910220254027844844e-02
1.435047469876684668e-02
1.621860228297957937e-02
5.579996750359170893e-02
2.614774655046350066e-02
8.039549946124376067e-02
-2.610296544423872794e-02
4.363260806124718075e-03
-5.867546537208387369e-02
5.033183967218178914e-03
1.033621689962885698e-01
-2.729500371731117744e-02
5.102818328508756940e-02
-5.323466201597455011e-02
4.920276903605391022e-02
2.808970091011322306e-02
-2.251072434921666532e-01
3.557338188731443140e-02
-1.284170835168382645e-02
6.541353282992405649e-02
4.496385509488096122e-02
-1.701177286614045242e-02
3.988181836645686429e-02
-2.718895779528972961e-02
-1.137192900924437373e-02
5.572941275035062092e-02
-7.838028120082780881e-02
1.261229433194225973e-02
-9.539314307078231026e-03
-4.203891110842683521e-02
-2.665560648559895870e-02
2.150037600696107221e-02
3.122739816010467254e-02
-9.525106815907846691e-02
-2.576866465684220578e-02
7.626190822330163044e-02
-6.925566121639187278e-01
9.206271886972361429e-02
1.745167528872631352e-02
4.325128302019908000e-02
2.164040486088544130e-02
2.060672811944140245e-02
-7.775000187068140112e-02
8.268381048180201143e-02
-5.746535498050215490e-02
-6.617897473698219728e-03
-7.609610405210969972e-03
-2.255373248374110528e-03
3.609271310802490002e-02
1.007664561671288168e-03
3.268808966550078993e-02
3.760264696073065821e-02
1.234079248611419898e-02
-3.466247362339228491e-03
-9.521666432386092019e-03
-7.026490452042143120e-02
1.935606235729373306e-02
8.120923584802798578e-03
-7.836033171991516055e-02
-1.615057796038003727e-04
1.655608155850208643e-03
-1.408874987740355933e-03
3.633850394125846817e-02
-6.075711954616200283e-02
-1.150847893859942642e-03
7.299278558356707414e-02
3.217108343452829144e-02
-3.314408161836388932e-03
-3.109505079167236823e-03
2.755802987317848909e-02
-1.278248207753600318e-02
-5.767178200041047642e-01
4.434615943764110002e-02
3.539706014401040185e-02
-1.159983145160600748e-02
3.019117762600909832e-02
1.340222128717845698e-02
-3.608786603890162120e-02
6.580021603697749043e-03
5.705119948091263299e-02
-5.449506701315249418e-02
-3.807677784215297151e-02
-1.372733402245672821e-02
8.737843243312581887e-02
2.576735434473771767e-03
-8.549212416407266091e-02
-1.156175890952101937e-02
-7.946877057749537898e-02
5.683943166561195720e-02
-1.904685876515786400e-02
-4.123284451537593404e-02
4.261553194696244412e-02
1.166642687426241651e-02
-5.896504017154682864e-02
-7.635520177704042954e-02
-8.381475764520764093e-02
-7.243386606776355818e-02
5.210013383389204555e-02
-8.997262658633781857e-03
9.777913372485803889e-02
3.720265853223130720e-02
7.748026297504617688e-02
-3.805399227462030742e-02
-2.462244304576862580e-02
-7.154006785763152021e-02
-6.818349086252309399e-02
1.220295249645104996e-02
-4.625485241392727348e-03
7.981293503364019935e-04
6.310382255036943444e-02
-6.757300735017444937e-02
-2.536132044184425532e-02
-3.077588248058767129e-02
-6.708832716186631517e-02
-5.835673466682629595e-02
-4.782180864425839700e-02
-2.071160486558886946e-02
-3.489336247498631832e-02
1.711226520276048352e-02
1.796616278081600293e-02
4.402158452326485928e-03
-4.961557831313710004e-02
-1.004941905989173608e-02
-4.603090846702469902e-02
4.473595265251932573e-02
-1.267478260677849453e-02
8.511333790492235651e-02
-4.904523427879352998e-02
-8.124059982597317542e-02
-1.155118371374084935e-01
1.004771841007046640e-01
-1.457597156176776085e-03
-7.193156138828077362e-02
-3.970455794195115046e-02
6.042115184801943178e-02
1.441290134133201006e-01
-3.035634543147533795e-02
2.280410231077256017e-02
1.054156861178336818e-02
-7.715675535121775674e-02
4.252182751141650452e-02
-4.733330358059108928e-02
-5.634223127394472064e-02
-4.300287657351029719e-02
-1.505825836354929281e-01
2.169035664741289938e-03
3.683242729997605186e-02
-6.023135117713963177e-02
7.553079916578299413e-02
-6.659928427729698563e-02
1.871195835756311182e-02
4.404380721612677352e-02
4.415018969377479917e-03
-8.804931223062187340e-02
-1.310280954298718992e-02
-1.602976200656769379e-02
3.304566039329205618e-02
4.388081157240926282e-03
1.421505740853971390e-02
6.587085430278101505e-02
6.716813844752685114e-02
-5.531443548714681802e-02
-2.854505148649688628e-02
7.523372827871656343e-02
4.636103362629985514e-02
-9.713201158112129419e-02
-4.550255454906957514e-02
-3.213365978505336451e-02
-3.440522820709619040e-02
-3.294204802733974313e-02
3.009622050202674995e-02
2.083222957563325099e-03
3.363297752082335806e-02
1.496178832598600919e-02
6.637156222207019063e-02
4.305235275599473416e-02
-1.044683496741807549e-01
-3.934842028973113692e-02
-6.628709427592871517e-02
-1.215703060862352025e-01
-9.556012643935572412e-03
5.430026561003455099e-02
-3.753664197189060525e-03
2.196126179598241815e-02
-3.465831803828590268e-02
2.355870345210200542e-02
1.555703279999315902e-01
1.166553045041732184e-01
-5.258655442400116120e-02
-2.001999056909334850e-03
2.081737895421961575e-03
4.240162955056612365e-02
8.669425743569131315e-02
-1.382517650547094093e-02
4.950464022520865981e-02
3.932849085183347942e-02
-6.589895460978655028e-02
6.261397794520079212e-03
7.456394917679329097e-03
2.856294522217281417e-01
-4.987072923436751404e-02
4.962312784878052802e-02
-1.094729602357272409e-02
-7.940659046401450649e-02
-8.647970364130806720e-02
-7.288663777621946782e-02
-1.025299178744142059e-02
1.084834449372947679e-02
6.061387879908668175e-02
-6.366758579479372959e-02
1.565974389837175851e-01
1.580950931492440259e-01
5.300663597502052599e-02
-1.672891581719915255e-02
-7.206464032675993781e-02
-2.690907546382208942e-02
-9.171541350610590282e-02
3.478062719671444480e-02
-8.284450201392214164e-02
1.365079108443935096e-01
2.245359173500889247e-02
-7.876706462295614275e-02
-8.933859086113344478e-03
3.365325771148320461e-02
-5.811182238574946757e-02
-4.227743300822672280e-03
-2.556481550271088449e-02
-2.553859756886245336e-02
-2.087288766665098758e-02
-4.562479021644318122e-02
7.281855833532872857e-02
