-3.690707683563232422e-02
1.800184994935989380e-01
-7.334556430578231812e-02
-5.729532614350318909e-02
2.299639210104942322e-02
5.148950219154357910e-02
-8.828855119645595551e-03
-3.168846294283866882e-02
1.949445344507694244e-03
1.342325687408447266e+00
-9.659400582313537598e-02
1.279925554990768433e-01
8.936610817909240723e-02
-8.641804568469524384e-03
-3.494903817772865295e-02
-3.365984186530113220e-02
-6.548990029841661453e-03
1.188506364822387695e+00
-1.834078431129455566e-01
-6.890738010406494141e-02
-1.369381137192249298e-02
-4.559322446584701538e-02
-8.832748234272003174e-02
1.077644294127821922e-03
5.524656176567077637e-02
2.810916490852832794e-02
-6.855508685111999512e-02
-9.486296214163303375e-03
3.409928455948829651e-02
5.956075713038444519e-02
-1.196307595819234848e-02
-1.271392218768596649e-02
-1.575244590640068054e-02
5.539371073246002197e-02
7.909014821052551270e-02
-7.759980857372283936e-02
-1.057728379964828491e-02
5.532578006386756897e-02
-5.819804966449737549e-03
-1.650648377835750580e-02
1.648560725152492523e-02
1.358232460916042328e-02
4.675550386309623718e-02
-3.020329028367996216e-02
-2.101488411426544189e-02
-1.652739755809307098e-02
-9.329219162464141846e-02
6.734220311045646667e-03
-6.379750370979309082e-02
-1.283417339436709881e-03
2.743170596659183502e-02
4.057139158248901367e-02
-1.641995087265968323e-02
-8.493517525494098663e-03
-3.193629160523414612e-02
7.299514021724462509e-03
5.619616713374853134e-03
1.789225824177265167e-02
-3.600464435294270515e-03
-6.726110726594924927e-02
7.263655774295330048e-03
1.995136030018329620e-02
-2.315510762855410576e-03
1.769724488258361816e-01
-9.330648183822631836e-02
-4.708668962121009827e-02
2.223085239529609680e-02
5.514565110206604004e-02
-2.484479174017906189e-02
9.755183011293411255e-02
2.730933763086795807e-02
3.923141211271286011e-02
8.337364345788955688e-02
3.919927403330802917e-02
7.419671118259429932e-02
-7.438347674906253815e-03
-2.306195965502411127e-04
-2.163016982376575470e-02
8.953430689871311188e-03
1.189765930175781250e-01
-3.638522326946258545e-02
6.214449554681777954e-02
-5.091126635670661926e-02
3.155479580163955688e-02
3.620441630482673645e-02
-2.030317038297653198e-01
9.485530853271484375e-02
-9.790587425231933594e-02
8.322200179100036621e-02
6.349264085292816162e-02
-2.784727886319160461e-02
4.421927034854888916e-02
-5.547036882489919662e-03
-5.470120161771774292e-02
4.617909714579582214e-02
-5.856158211827278137e-02
-2.283252030611038208e-02
-1.647265069186687469e-02
-6.201895326375961304e-02
-3.773073479533195496e-02
2.419058233499526978e-02
6.101490557193756104e-02
-1.046740487217903137e-01
-2.566871047019958496e-02
4.879407957196235657e-02
-5.122942328453063965e-01
8.557590842247009277e-02
1.222712267190217972e-02
4.939847812056541443e-02
5.446864292025566101e-02
1.864840090274810791e-02
-1.215675324201583862e-01
4.768889769911766052e-02
-5.602306127548217773e-02
-4.052524268627166748e-02
-1.726449700072407722e-03
-3.106608614325523376e-02
-4.503781441599130630e-03
-1.086795143783092499e-02
-3.820925951004028320e-02
-8.741872385144233704e-03
6.281285081058740616e-03
-1.405349280685186386e-02
-3.287227451801300049e-02
-9.885010123252868652e-02
5.026630312204360962e-02
-1.895481161773204803e-02
-9.094735980033874512e-02
3.605239093303680420e-02
-4.657958820462226868e-02
1.241917535662651062e-02
5.408400669693946838e-02
-4.912326112389564514e-02
1.755003631114959717e-02
5.014707148075103760e-02
7.288757711648941040e-02
6.060595624148845673e-03
-1.177847292274236679e-02
3.608571738004684448e-02
2.095536474371328950e-04
-5.311866402626037598e-01
7.719287276268005371e-02
6.413714587688446045e-02
1.528571243397891521e-03
3.085129149258136749e-02
-6.008951459079980850e-04
-4.478656500577926636e-02
1.514521893113851547e-03
4.464908316731452942e-02
-3.522400557994842529e-02
-2.121064811944961548e-03
7.830446586012840271e-03
7.419162243604660034e-02
8.542338386178016663e-03
-9.370081871747970581e-02
-1.463132817298173904e-02
-8.132802695035934448e-02
8.194614201784133911e-02
3.007927443832159042e-03
-3.750505670905113220e-02
6.854476034641265869e-02
1.467618625611066818e-02
-2.362277172505855560e-02
-9.048102796077728271e-02
-1.378526836633682251e-01
-4.960156604647636414e-02
3.902148827910423279e-02
-1.969570294022560120e-02
9.591637551784515381e-02
4.662250354886054993e-02
8.230950683355331421e-02
5.433909129351377487e-03
-1.612686179578304291e-02
-3.783759847283363342e-02
-7.201412320137023926e-02
1.068359342752955854e-04
3.277787566184997559e-02
-4.013610258698463440e-02
3.124511614441871643e-02
-1.382718980312347412e-01
-1.253832597285509109e-02
-1.470011938363313675e-02
-5.892951413989067078e-02
-7.742084562778472900e-02
-6.146019324660301208e-02
-1.089550927281379700e-02
-4.537169262766838074e-02
2.082362398505210876e-02
7.184568792581558228e-02
1.378428842872381210e-02
-8.298140019178390503e-03
9.286040440201759338e-03
-6.657568272203207016e-03
6.324977427721023560e-02
4.048984870314598083e-02
2.831716462969779968e-02
-4.424418509006500244e-02
-1.048350930213928223e-01
-1.388985067605972290e-01
1.212925016880035400e-01
1.262066606432199478e-02
-9.331063926219940186e-02
-4.482821375131607056e-02
6.593923270702362061e-02
1.602278947830200195e-01
-5.342338606715202332e-02
1.552696921862661839e-03
1.773299463093280792e-02
-6.119602546095848083e-02
-2.167898928746581078e-04
-3.386460989713668823e-02
-6.056492403149604797e-02
-3.577306168153882027e-03
-1.361549049615859985e-01
2.538663707673549652e-02
5.307445675134658813e-02
-6.481479853391647339e-02
7.131687551736831665e-02
-7.712207734584808350e-02
6.627545505762100220e-02
7.717161625623703003e-02
1.632227003574371338e-02
-4.461311176419258118e-02
-4.943612031638622284e-03
1.064915210008621216e-02
2.219226025044918060e-02
1.106916111893951893e-03
-2.981849946081638336e-02
8.685390651226043701e-02
6.775267422199249268e-02
-4.535801336169242859e-02
-7.578208297491073608e-02
8.456979691982269287e-02
4.216170683503150940e-02
-8.254837244749069214e-02
-2.268285118043422699e-02
-7.276937365531921387e-02
-3.994541242718696594e-03
-6.199987977743148804e-02
1.135595235973596573e-02
5.129077937453985214e-03
2.143322117626667023e-02
1.159396581351757050e-02
8.661249279975891113e-02
5.170374363660812378e-02
-1.099466681480407715e-01
-3.020673245191574097e-02
-6.546133011579513550e-02
-8.584369719028472900e-02
-2.721581608057022095e-02
6.925260275602340698e-02
6.199163198471069336e-02
2.601520158350467682e-02
-6.476826220750808716e-02
3.290271013975143433e-02
2.043988704681396484e-01
1.322628706693649292e-01
-4.578526690602302551e-02
5.158768966794013977e-03
-1.444245595484972000e-02
4.204558208584785461e-02
1.272539645433425903e-01
-1.002572383731603622e-02
5.932248756289482117e-02
-2.954808223876170814e-05
-8.197227120399475098e-02
2.909506671130657196e-02
2.019013650715351105e-02
3.339492678642272949e-01
-7.075869292020797729e-02
8.652037009596824646e-03
1.030576601624488831e-02
-2.642924152314662933e-02
-1.271227747201919556e-01
-8.813305944204330444e-02
-2.975151129066944122e-02
6.164999213069677353e-03
4.416013509035110474e-02
-8.696326613426208496e-02
1.511564999818801880e-01
1.845571100711822510e-01
2.057890780270099640e-02
-5.324054509401321411e-04
-9.780283272266387939e-02
-1.112382393330335617e-02
-7.447508722543716431e-02
3.366942703723907471e-02
-1.043721735477447510e-01
1.716306060552597046e-01
2.267104573547840118e-02
-9.155268967151641846e-02
4.995201248675584793e-03
1.620597019791603088e-02
-2.619039081037044525e-02
-3.188720345497131348e-02
-1.069275080226361752e-03
-2.645471692085266113e-02
-3.164628148078918457e-02
-3.434859588742256165e-02
3.395723551511764526e-02
