-3.196836635470390320e-02
1.540992707014083862e-01
-8.720827102661132812e-02
-2.870927378535270691e-02
4.845985397696495056e-02
4.381639882922172546e-02
-4.941301420331001282e-03
-4.691795259714126587e-02
-6.869872100651264191e-03
1.308938026428222656e+00
-9.680962562561035156e-02
1.001001074910163879e-01
7.934553921222686768e-02
-2.960216067731380463e-02
-4.197455570101737976e-02
-1.212059799581766129e-02
-2.623018994927406311e-02
1.128237605094909668e+00
-1.701507419347763062e-01
-5.753206461668014526e-02
-7.316482253372669220e-03
-2.407454885542392731e-02
-8.548379689455032349e-02
4.451032727956771851e-03
4.741713777184486389e-02
8.188517764210700989e-03
-5.823845788836479187e-02
-1.016960293054580688e-02
5.673291534185409546e-02
4.104961454868316650e-02
-2.200248837471008301e-02
1.853090524673461914e-02
-1.373541913926601410e-02
5.266897380352020264e-02
9.666668623685836792e-02
-7.057735323905944824e-02
1.841991581022739410e-02
5.246431380510330200e-02
-2.304171212017536163e-02
-2.203443646430969238e-02
4.859611392021179199e-03
-2.795897191390395164e-03
3.257386758923530579e-02
-2.828971855342388153e-02
-3.798822686076164246e-02
1.225522602908313274e-03
-7.261635363101959229e-02
3.153735026717185974e-02
-3.469903767108917236e-02
-4.617148544639348984e-03
6.656178738921880722e-03
5.867987498641014099e-02
-2.188229374587535858e-02
1.529741939157247543e-02
-1.791706867516040802e-02
1.558583881705999374e-02
8.008688688278198242e-03
1.430032961070537567e-02
6.374413496814668179e-04
-5.218995735049247742e-02
-1.315244706347584724e-03
7.153050974011421204e-03
-3.086777636781334877e-03
1.409397125244140625e-01
-4.330401122570037842e-02
-3.432808071374893188e-02
7.875132374465465546e-03
3.370094299316406250e-02
-2.068986929953098297e-02
8.097176998853683472e-02
2.846562117338180542e-02
6.050483509898185730e-02
5.614806339144706726e-02
1.097870245575904846e-02
8.756389468908309937e-02
2.876964397728443146e-03
6.823047995567321777e-03
-3.425108268857002258e-02
2.223912067711353302e-02
1.175960451364517212e-01
-3.576459735631942749e-02
5.729284882545471191e-02
-7.247938960790634155e-02
3.034608624875545502e-02
3.161328285932540894e-02
-1.766874194145202637e-01
9.298414736986160278e-02
-1.156173869967460632e-01
1.073293536901473999e-01
4.360117763280868530e-02
-3.352364152669906616e-02
5.596102029085159302e-02
-1.080241799354553223e-02
-6.559918075799942017e-02
4.679847881197929382e-02
-3.667075186967849731e-02
-4.742474108934402466e-02
-2.102000638842582703e-02
-2.692577056586742401e-02
-2.512531913816928864e-02
2.973457425832748413e-02
3.240956738591194153e-02
-9.287305176258087158e-02
-7.600648328661918640e-03
4.756064340472221375e-02
-4.545208811759948730e-01
7.559435069561004639e-02
1.659448631107807159e-02
3.769360482692718506e-02
5.776284635066986084e-02
2.021135948598384857e-02
-1.240338012576103210e-01
4.614640027284622192e-02
-6.507746130228042603e-02
-3.332661837339401245e-02
8.764144033193588257e-03
-7.888467982411384583e-03
4.761280957609415054e-03
-3.685609623789787292e-02
-5.290004238486289978e-02
-8.653853088617324829e-03
-1.827306672930717468e-02
-1.898566819727420807e-02
-1.278898213058710098e-02
-7.256578654050827026e-02
3.973041474819183350e-02
-6.920137908309698105e-03
-6.124065443873405457e-02
4.025673866271972656e-02
-1.697711274027824402e-02
2.682898379862308502e-02
7.726877927780151367e-02
-3.902393952012062073e-02
-1.678090542554855347e-02
3.616057336330413818e-02
6.913323700428009033e-02
2.457031281664967537e-03
-2.708487026393413544e-02
3.609227761626243591e-02
-7.690329570323228836e-03
-5.767294168472290039e-01
6.264889240264892578e-02
6.689056009054183960e-02
5.515884142369031906e-03
2.914398349821567535e-02
-2.626366354525089264e-02
-1.023945771157741547e-02
-9.502489119768142700e-03
2.010788768529891968e-02
-3.950821608304977417e-02
1.435728557407855988e-02
-2.894495613873004913e-03
6.705676764249801636e-02
1.221229415386915207e-02
-7.055982202291488647e-02
-6.431429181247949600e-03
-6.785973906517028809e-02
3.903171047568321228e-02
4.972780123353004456e-03
-5.154031328856945038e-03
4.747129976749420166e-02
2.972152642905712128e-02
-4.499088227748870850e-02
-8.156421035528182983e-02
-1.043329387903213501e-01
-7.228265702724456787e-02
3.531532734632492065e-02
-3.240341320633888245e-02
1.055920198559761047e-01
4.995819926261901855e-02
5.819468200206756592e-02
2.999954391270875931e-03
-5.336418980732560158e-04
-3.708836063742637634e-02
-4.465751349925994873e-02
-6.274459883570671082e-03
1.915184780955314636e-02
-3.458683192729949951e-02
5.334344133734703064e-02
-1.108353510499000549e-01
5.049004685133695602e-03
-2.247100882232189178e-02
-3.817990794777870178e-02
-6.852321326732635498e-02
-7.749270647764205933e-02
-8.293410763144493103e-03
-5.936357378959655762e-02
3.355899825692176819e-02
4.389617592096328735e-02
4.807785153388977051e-03
-1.987375505268573761e-02
4.398959223181009293e-03
-3.304204717278480530e-02
4.947907105088233948e-02
5.997003242373466492e-02
3.422943502664566040e-02
-7.311710715293884277e-02
-9.214235097169876099e-02
-1.113641038537025452e-01
1.230316236615180969e-01
-1.009385380893945694e-02
-8.189556002616882324e-02
-3.938122466206550598e-02
5.781714618206024170e-02
1.371339261531829834e-01
-5.246188119053840637e-02
2.617682097479701042e-03
1.651571504771709442e-02
-3.347501531243324280e-02
1.017706375569105148e-02
-4.126610234379768372e-02
-5.204858630895614624e-02
5.967814475297927856e-03
-1.453484445810317993e-01
3.427890315651893616e-02
4.362571239471435547e-02
-5.448447912931442261e-02
5.785801261663436890e-02
-1.285946220159530640e-01
5.687579140067100525e-02
6.301116943359375000e-02
1.046026963740587234e-02
-3.635987639427185059e-02
-1.190795749425888062e-02
2.315815165638923645e-02
3.670431673526763916e-02
6.017248961143195629e-04
-3.155548823997378349e-03
6.930981576442718506e-02
6.178860738873481750e-02
-7.908555120229721069e-02
-7.472514361143112183e-02
7.412377744913101196e-02
3.487069159746170044e-02
-7.662273198366165161e-02
-1.861992292106151581e-02
-8.069609105587005615e-02
-2.786260470747947693e-02
-6.452206522226333618e-02
4.323661699891090393e-02
2.658991515636444092e-02
1.543954014778137207e-02
9.919548174366354942e-04
6.967133283615112305e-02
3.968011587858200073e-02
-1.105221435427665710e-01
-5.895236507058143616e-02
-7.093156874179840088e-02
-9.747062623500823975e-02
-3.403919562697410583e-02
7.694023102521896362e-02
4.247236251831054688e-02
5.255942232906818390e-03
-8.162259310483932495e-02
2.150980010628700256e-02
1.724774986505508423e-01
9.839844703674316406e-02
-3.676094114780426025e-02
1.396741438657045364e-02
7.100475486367940903e-03
5.402533710002899170e-02
1.178742498159408569e-01
4.952190443873405457e-03
8.068753033876419067e-02
2.128315903246402740e-02
-7.809082418680191040e-02
1.635317131876945496e-02
4.259861540049314499e-03
2.931072115898132324e-01
-5.938294157385826111e-02
7.265378721058368683e-03
5.713381106033921242e-04
-3.627150133252143860e-02
-9.971261024475097656e-02
-7.379422336816787720e-02
-3.342323005199432373e-02
-4.860854241997003555e-03
4.769965261220932007e-02
-6.619302928447723389e-02
1.402601748704910278e-01
1.608064770698547363e-01
4.004534706473350525e-02
2.756240591406822205e-02
-9.285525232553482056e-02
3.500366117805242538e-03
-8.199026435613632202e-02
4.447531327605247498e-02
-9.094834327697753906e-02
1.506318897008895874e-01
5.176937207579612732e-03
-9.089259058237075806e-02
-3.315541427582502365e-03
1.224542688578367233e-02
-3.071426600217819214e-02
-3.078629262745380402e-02
1.042596995830535889e-03
-2.730316109955310822e-02
-5.160334333777427673e-02
-2.388260886073112488e-02
5.127330496907234192e-02
