-1.650631183881866651e-02
1.584119645655475972e-01
-7.339963867487935001e-02
-4.308261469389324666e-02
5.143427265697104317e-02
6.483487403680683603e-02
-4.312167587949209714e-03
1.440904749629864576e-02
-2.477529749028995615e-02
1.440624819739270812e+00
-1.186942262037811446e-01
1.039590476164724692e-01
1.153084039504739672e-01
-3.050998980550468156e-02
-5.999338537009930861e-02
-1.327589874431878321e-02
-1.281517532271177033e-02
1.159445572075449959e+00
-1.382561299163109492e-01
-7.365706414007219816e-02
9.639405522084643074e-03
-5.804141047110540630e-02
-7.876750744777245850e-02
1.385095687558735023e-03
5.136137033605406993e-02
1.532293888004609798e-02
-4.895603031474725364e-02
2.674321889180510808e-02
1.596641804581146185e-02
3.746717611728603986e-02
1.364386769335667118e-02
2.827543978360300483e-02
-1.973708756720720867e-02
3.808786685311634640e-02
5.248979780604666467e-02
-7.659111732960553753e-02
-5.300099657895179263e-03
5.120377363819027944e-02
-2.213127160875490163e-02
-2.652058515561908636e-02
-1.899572541724350166e-02
4.878313962064730752e-02
2.417072694570426838e-02
-4.275101944953180189e-02
-1.876909918756489506e-02
-9.736166571015817187e-03
-1.041377216756316365e-01
-3.943956882985550326e-03
-3.379441070439283268e-02
-2.575106196102042166e-02
4.802745753958525404e-02
2.667394760406452056e-02
-3.724302612548790331e-02
9.297319126759946359e-03
-2.907481866146193958e-02
3.311124366533754748e-02
-4.085030560859476828e-03
-1.093889936779557891e-02
3.320663163449613393e-03
-2.873844932435274530e-02
9.107076283730537519e-04
2.804531630800790112e-02
-6.081443661048841279e-03
1.917076985151322799e-01
-7.343263953231954355e-02
-7.997853094716197986e-02
2.307733765493409639e-02
4.273579117335313954e-02
-1.827929581409050083e-02
1.194802005370567966e-01
8.790595772412717127e-03
5.102432032692085645e-02
7.676570735662061051e-02
2.783947111257973478e-03
5.837132985400082796e-02
-1.137253761731593562e-03
-4.212796220484558984e-03
-9.181297406694042748e-03
7.519589224479286856e-03
7.882673060815162391e-02
-3.780706147747101703e-02
7.424920655235732470e-02
-3.180094297767290662e-02
2.679319899552713019e-02
4.228412538395535242e-02
-2.362711363215755367e-01
4.580822263822392770e-02
-3.744323993348980251e-02
1.066700938737790288e-01
7.112679498376452136e-02
-1.872787980222093140e-02
4.288376046958070238e-03
-2.110720054862352812e-02
-1.696271534021809302e-02
9.215732134960005761e-02
-4.223473206646093103e-02
-2.982153934325608435e-02
2.158692176113530606e-02
-4.123867887512498026e-02
-1.673525117980647139e-02
2.775298410370760291e-02
2.281815652534826405e-02
-1.299606156594898809e-01
1.031075527330230397e-02
5.207639047868837384e-02
-5.630231692119481712e-01
4.644428482607242809e-02
2.087225369023755842e-02
8.173467415770170608e-02
2.921983700975090345e-02
1.151686150410453739e-02
-9.767467978183644317e-02
3.310928379933736343e-02
-5.061922658683520176e-02
-4.717780047060067539e-02
-1.724804131696085208e-02
4.593081812439762761e-03
-1.954106399965660143e-03
-3.575533996121990632e-02
-1.042263076188398863e-02
-1.534891025852449121e-04
3.024314055349657665e-02
-1.823482211232827291e-02
-1.725321794506073578e-02
-8.663681774318374162e-02
6.245760117433856590e-02
8.236357990071840190e-03
-6.020324829082785573e-02
5.858192038965159137e-02
-1.970170846518654473e-03
4.588359650273154955e-03
1.327456134848366655e-04
-2.568753648402048728e-02
7.390354838926523756e-03
4.984987942810480827e-02
7.748335630155456233e-02
-3.402566080954492339e-02
-1.399008447693744252e-02
5.463307440381768437e-02
9.126512697340433480e-03
-5.324057341538801502e-01
9.087189335655090905e-02
3.683866469461428983e-02
-1.113868716899623669e-02
1.569607741574913923e-02
4.877609818591610580e-02
-1.952975721583698546e-02
-6.248273440203911018e-03
6.750692482857204024e-02
-2.714710385226191264e-02
-3.976653550445364421e-02
-1.983771201666089876e-02
9.363733704430088345e-02
3.675197055020381492e-02
-1.167682248103657089e-01
2.089758173096566835e-02
-4.325320518598100433e-02
7.108878062479570548e-02
-1.563597290245611129e-02
1.144195824215144854e-02
8.808850809310586616e-02
2.948964131720119980e-02
-1.162932143176891031e-02
-3.606698916813278616e-02
-1.249771200314134384e-01
-5.206563586070892674e-02
3.466633278999745049e-02
-2.503049316781793317e-03
1.285734624060240749e-01
4.440993922359300766e-02
6.049552885794012153e-02
7.250555954132056891e-03
-5.035137510395035210e-02
-2.623482965135772241e-02
-8.444617106683106889e-02
1.488522099927835560e-02
2.648215065771131194e-02
-4.348322069291022524e-02
3.582233921268723059e-02
-1.341157287400495945e-01
-1.100562165616347440e-02
-3.720628465254331285e-04
-6.573286820807616726e-02
-7.609551768177491571e-02
-4.263918268884114154e-02
-3.212526207281211216e-02
-2.232954667506080806e-02
1.740518032156711595e-02
7.358835851425502006e-02
-2.868261778836909623e-02
-9.220399667328824794e-03
-7.074197206730439575e-04
-3.683281795664248952e-03
5.628794770005336040e-02
2.209578893896506965e-03
4.330120899368847254e-02
-2.595100584735761731e-02
-6.815245539898909244e-02
-1.312291254320248901e-01
1.513074855220591097e-01
-5.341862994072126003e-03
-5.472120969520314487e-02
-3.415178229416027111e-02
8.428652765860540630e-02
1.590682450596542785e-01
-6.020763275752048088e-02
2.276986636596172592e-02
1.623103751015468610e-02
-5.932354307270035210e-02
-1.572338175249180306e-02
-4.693995019396054319e-02
-6.646531824881508899e-02
-2.867947261418916233e-02
-1.444614928532629572e-01
1.803604123629417438e-02
6.697856373208208036e-02
-5.977091358691211109e-02
5.644587769249442138e-02
-5.399025243862722728e-02
6.162405960230878110e-02
6.691942037462986215e-02
1.458591308030435241e-02
-3.688493161508806656e-02
-1.769836453946989005e-02
5.681231982376810236e-03
1.177938966233259797e-02
7.956168153179258781e-03
-8.442645622315617798e-03
6.906935347536677372e-02
7.303692967758565469e-02
-4.520587483986838323e-02
-7.506204043841512713e-03
7.056546588986309376e-02
5.485179075514824698e-02
-6.186362329473350102e-02
-2.072284148667632997e-02
-5.295999665165695980e-02
-4.722885087240184104e-02
-3.253747470341101372e-02
1.809584883575603848e-02
1.517364168658547757e-02
3.156127835801703779e-02
5.051716568469634579e-03
4.321928424773592570e-02
5.179185548978041537e-02
-1.117756316486165635e-01
-4.251783999126336477e-02
-6.548566690611300201e-02
-7.930377372832064786e-02
-3.486984198945354552e-02
6.410960156520391362e-02
5.325230538450815426e-02
3.145144840622476207e-02
-4.189482792911667502e-02
1.028604570525808474e-03
1.725053492371365904e-01
1.117805230986098353e-01
-5.126123174559683165e-02
-3.641984074358902736e-03
1.896944912997159186e-02
5.569970624260930925e-02
1.069158023915791761e-01
1.489497103923615069e-02
4.493518800593177681e-02
1.734787125786237116e-02
-1.018345810380133776e-01
2.351567400838572991e-02
1.133440384734980648e-02
2.978435822073046690e-01
-4.430775392277389729e-02
5.202097556092632157e-03
7.767798625181462392e-03
-2.276413463809053364e-02
-1.032637763511142504e-01
-9.192943235595965601e-02
-3.295945380398208197e-02
7.641462963593041204e-03
5.142579476955468076e-02
-5.990270107934116128e-02
1.453865402167695275e-01
2.186387641084064082e-01
-2.280986670291785222e-03
2.174275575317138540e-02
-9.070333079766573769e-02
-1.644870351413784890e-02
-7.387431587297867142e-02
6.680590305818336072e-02
-9.168962925475407366e-02
1.486298250539580534e-01
-7.777708857779392151e-03
-1.124197633206670127e-01
5.844878563604397059e-02
5.286488564559778912e-03
-4.710172011547502507e-02
-2.932904027385210138e-02
-3.325724781448887758e-03
-2.433242645287143208e-02
-1.515269693897753657e-02
-6.800973959985723294e-02
1.365723937791121084e-02
