-5.252840742468833923e-02
1.790656000375747681e-01
-7.088483124971389771e-02
-3.789576143026351929e-02
-2.958735916763544083e-03
2.054598741233348846e-02
1.270921202376484871e-03
-3.819533064961433411e-02
2.683081477880477905e-02
1.592640280723571777e+00
-1.344000995159149170e-01
7.640753686428070068e-02
8.959639817476272583e-02
-2.234455011785030365e-02
-5.655036121606826782e-02
-2.233516983687877655e-02
-4.320881143212318420e-02
1.278364658355712891e+00
-1.704384088516235352e-01
-7.765998691320419312e-02
-1.371548790484666824e-02
-4.039739072322845459e-02
-7.099269330501556396e-02
-9.366727434098720551e-03
6.785734742879867554e-02
3.242110833525657654e-02
-2.970368228852748871e-02
-3.189741075038909912e-02
6.968138739466667175e-03
1.659329608082771301e-02
-3.760987147688865662e-02
3.430399298667907715e-02
2.629156224429607391e-02
1.831035315990447998e-02
6.264918297529220581e-02
-6.104577705264091492e-02
8.623152039945125580e-03
3.370758891105651855e-02
-2.984732575714588165e-02
-7.269450277090072632e-02
3.452872484922409058e-02
4.917542263865470886e-02
3.002389706671237946e-02
-7.689437828958034515e-03
-4.928557202219963074e-02
4.360819701105356216e-03
-8.154090493917465210e-02
5.175957456231117249e-02
-5.804085358977317810e-02
-8.580110035836696625e-03
1.280419062823057175e-02
1.210793107748031616e-02
-1.486027985811233521e-02
6.079856771975755692e-03
-3.805786371231079102e-02
4.419810324907302856e-02
3.996667917817831039e-03
3.504309337586164474e-03
1.880880631506443024e-02
-4.019843786954879761e-02
1.314669661223888397e-02
2.579146437346935272e-02
-3.576655406504869461e-03
1.375229507684707642e-01
1.398394815623760223e-02
-5.727418512105941772e-02
8.442161197308450937e-05
4.188714921474456787e-02
-2.548281475901603699e-02
4.099185019731521606e-02
4.873422533273696899e-02
2.960819378495216370e-02
1.135791018605232239e-01
-5.198603123426437378e-02
4.593612998723983765e-02
-2.646383456885814667e-02
4.159081354737281799e-02
-3.675216808915138245e-02
-4.469880834221839905e-03
1.774054318666458130e-01
-3.412760794162750244e-02
6.154809892177581787e-02
-7.426673173904418945e-02
-3.053045272827148438e-02
5.504750087857246399e-02
-1.450011134147644043e-01
-9.962133318185806274e-02
-1.698531582951545715e-02
1.364615559577941895e-01
4.059166461229324341e-02
-5.770260468125343323e-02
5.125651881098747253e-02
-3.089582361280918121e-02
-2.096595801413059235e-02
6.826020777225494385e-02
-7.627729326486587524e-02
1.089963479898869991e-03
5.567898042500019073e-03
-1.216731127351522446e-02
-4.148700274527072906e-03
3.499673912301659584e-03
-1.042748801410198212e-02
-8.311285078525543213e-02
5.921274423599243164e-03
8.227538317441940308e-02
-6.678240895271301270e-01
7.222599536180496216e-02
5.456611886620521545e-02
7.214166969060897827e-02
4.517080262303352356e-02
1.674151606857776642e-02
-1.032676100730895996e-01
5.604952573776245117e-02
-3.084533847868442535e-02
-3.324253251776099205e-03
-2.059747651219367981e-02
-2.412935346364974976e-02
7.461262494325637817e-02
-1.615155674517154694e-02
1.610298641026020050e-02
1.589049026370048523e-02
-2.879649028182029724e-02
-2.794703096151351929e-02
-1.465060468763113022e-02
-3.999945893883705139e-02
4.121077060699462891e-02
-4.908507224172353745e-03
-4.272250458598136902e-02
3.422179445624351501e-02
-1.140573713928461075e-02
3.897377848625183105e-02
2.238035760819911957e-02
-4.494615271687507629e-02
-1.291519962251186371e-02
4.237706586718559265e-02
4.981762543320655823e-02
-1.754863932728767395e-02
5.750640295445919037e-03
6.220559403300285339e-02
1.100318133831024170e-02
-5.493451356887817383e-01
3.522314131259918213e-02
5.646021664142608643e-02
-1.015859749168157578e-02
1.509805908426642418e-03
-3.091295622289180756e-02
-1.147461030632257462e-02
-3.462609276175498962e-02
4.018146544694900513e-02
-3.226858749985694885e-02
-3.630447015166282654e-02
3.535965515766292810e-05
3.240476921200752258e-02
7.525478955358266830e-03
-7.655170559883117676e-02
-1.341202948242425919e-02
-5.131619423627853394e-02
4.924369603395462036e-02
-2.857818640768527985e-02
-4.600762203335762024e-02
7.707502227276563644e-03
1.437342376448214054e-03
-7.274488918483257294e-03
-1.079620420932769775e-01
-1.372141838073730469e-01
-1.117263734340667725e-01
8.123004436492919922e-02
-3.720343112945556641e-02
1.012975648045539856e-01
3.841752186417579651e-02
7.679167389869689941e-02
-1.044092327356338501e-02
3.037958964705467224e-02
-4.423132911324501038e-02
-3.840661421418190002e-02
3.405779600143432617e-02
5.466462299227714539e-02
-1.570497453212738037e-02
5.364587903022766113e-02
-3.863331303000450134e-02
1.209850795567035675e-02
-3.775646165013313293e-02
-7.521480321884155273e-02
-7.399505376815795898e-02
-6.777057051658630371e-02
-1.451685559004545212e-03
-5.261614546179771423e-02
9.093683212995529175e-03
3.387445351108908653e-03
-1.653254218399524689e-02
-5.247385799884796143e-02
-1.264966744929552078e-02
-4.856596887111663818e-02
9.204718470573425293e-02
-4.898853134363889694e-03
6.473064422607421875e-02
-6.011206284165382385e-02
-6.208822503685951233e-02
-1.256936341524124146e-01
1.712510734796524048e-01
4.404486622661352158e-03
-9.983848035335540771e-02
-6.236990913748741150e-02
6.086909770965576172e-02
1.342862248420715332e-01
-5.413056164979934692e-02
2.140204980969429016e-02
-3.479216480627655983e-03
-4.938590899109840393e-02
1.221368089318275452e-03
-6.432156264781951904e-02
-7.598640769720077515e-02
-2.598748169839382172e-02
-1.530457139015197754e-01
3.573884256184101105e-03
7.933176308870315552e-02
-8.483502268791198730e-02
6.125700846314430237e-02
-1.523090898990631104e-01
6.383017450571060181e-02
5.984575673937797546e-02
1.414976269006729126e-02
-6.651612371206283569e-02
1.709897420369088650e-03
1.334794098511338234e-03
-5.836545024067163467e-03
5.670041590929031372e-02
6.442785263061523438e-03
7.338309288024902344e-02
8.351073414087295532e-02
-8.043145388364791870e-02
-3.500300645828247070e-02
6.687570363283157349e-02
4.207295179367065430e-02
-8.815030008554458618e-02
-4.566052928566932678e-02
-2.414347976446151733e-02
-4.424393177032470703e-02
-4.907635226845741272e-02
5.379932373762130737e-02
4.185783863067626953e-02
1.329951826483011246e-02
4.135202988982200623e-02
5.146516114473342896e-02
6.051788851618766785e-02
-1.689340621232986450e-01
-2.350688725709915161e-02
-7.551214098930358887e-02
-1.074531450867652893e-01
-3.243479877710342407e-02
5.633037164807319641e-02
3.271254152059555054e-02
-1.235930062830448151e-02
-4.183468595147132874e-02
2.144939452409744263e-02
1.674211621284484863e-01
1.107634007930755615e-01
-7.260166108608245850e-02
6.346879526972770691e-03
-2.705986797809600830e-02
9.422780573368072510e-02
8.778528869152069092e-02
9.834150783717632294e-03
7.418655604124069214e-02
1.153524219989776611e-02
-1.105538681149482727e-01
1.911143213510513306e-02
8.430155925452709198e-03
4.323801398277282715e-01
-5.817314237356185913e-02
2.449897676706314087e-02
2.235158532857894897e-02
-6.428119540214538574e-02
-1.254871189594268799e-01
-6.977239996194839478e-02
-4.302919656038284302e-02
1.082259695976972580e-02
7.307070493698120117e-02
-1.627252623438835144e-02
1.334983855485916138e-01
1.443888545036315918e-01
4.841755330562591553e-02
3.093638271093368530e-02
-5.878490582108497620e-02
-9.155412204563617706e-03
-1.167189702391624451e-01
6.085545569658279419e-02
-6.851848959922790527e-02
1.440933942794799805e-01
-3.667609393596649170e-02
-1.520711481571197510e-01
2.783808484673500061e-02
-5.953571293503046036e-03
-1.064116042107343674e-02
-1.122404728084802628e-02
-2.614661119878292084e-02
-3.988578170537948608e-02
-3.484180197119712830e-02
-2.592612430453300476e-02
8.434693515300750732e-02
