-3.667531837933427769e-02
1.569011570382184417e-01
-8.084843921903611674e-02
-3.220951274786423846e-02
2.362082719845106857e-02
5.641824272859257555e-02
-8.331611593191139489e-03
-1.428445107023266353e-02
1.532698446568203990e-02
1.268255702123574968e+00
-1.257643942162856576e-01
9.735056586284998592e-02
8.343153615605987394e-02
-2.400043926276193909e-02
-1.284045261615377083e-02
-4.304257337169206665e-02
-2.573768786526633295e-02
1.206715247319688045e+00
-1.932931805721690710e-01
-8.512754123148517926e-02
-2.157377262984145130e-03
-4.813863936906528918e-02
-9.819779685331014862e-02
3.923887425977612593e-03
4.579836349491811509e-02
1.630769313082395741e-02
-7.579212232661040882e-02
1.343155605765254841e-02
1.954377862945057276e-02
6.548119368714558353e-02
-1.961334947785143071e-02
1.416397072193056363e-02
1.773833822912513139e-02
5.084033105059181101e-02
5.981581234609435055e-02
-6.827329340093182819e-02
-3.039806401344401568e-02
3.595499609582668982e-02
-1.727108704979712916e-02
-3.357425725525540333e-02
9.318461089444333989e-03
2.879499432833451320e-02
2.583598442737868386e-02
-2.231846084427978674e-02
-2.109787489351205858e-02
-5.168494094361007762e-03
-7.018975187963331919e-02
3.075399606675305667e-02
-4.480898754194909822e-02
-1.208481582172003278e-02
2.411426050931002318e-02
2.160344384947335272e-02
-3.028027326444267253e-02
-7.626424615132040494e-03
-5.397471652632870875e-02
-4.115267648876604067e-03
1.691129906290610857e-02
3.281137638924654012e-03
-1.523041487148532082e-02
-6.834989290058848810e-02
2.672234440069555170e-02
2.967122323726113439e-02
-2.815155817068252034e-02
1.822913205520113322e-01
-7.256775425121093914e-02
-3.484632235296126340e-02
1.012462251149331451e-02
4.920997959884849948e-02
-2.271709479318956976e-02
9.826789949245746947e-02
2.797077635709249027e-02
7.344240040666163982e-02
7.800558323319083109e-02
3.796029427475596657e-02
9.188309360278590354e-02
-6.399216968230597366e-03
-1.746772884639524043e-02
-2.197392713975002132e-02
2.916266363435617015e-02
9.945601015408100931e-02
-2.448085722043627163e-02
7.293652499501594721e-02
-4.410050526394242165e-02
1.939958221653671072e-02
4.866088672498006251e-02
-1.736197207131623121e-01
3.096012537080416668e-02
-6.014494214578164355e-02
6.472625993810547651e-02
5.613758340209477893e-02
-3.403885488889257793e-02
4.607994579383011685e-02
-1.455574637289146905e-02
-5.165357790833222801e-02
4.832491755548910112e-02
-6.579265361260633327e-02
-3.749557766420602567e-02
6.246034643711880809e-03
-2.001752306392691472e-02
-1.472908131335051891e-02
2.529523255616748789e-02
3.589357877131143376e-02
-9.273342520370000952e-02
-3.923542663332659983e-03
6.107526949640779135e-02
-4.567318031373678311e-01
9.060181320238200331e-02
2.632599805333580775e-02
6.700153836427136245e-02
3.302571960697988501e-02
-3.430642720565602218e-03
-1.017240418046510414e-01
3.785494923190235728e-02
-4.419118369827662596e-02
-3.277905883464579673e-02
1.079006308862565794e-02
-2.217677917065852267e-02
1.864082137680256671e-02
-4.386750880977169711e-03
-1.906056110896520162e-02
-2.096588848627101674e-03
-1.271731782082059607e-02
-1.950704901433468474e-02
-1.607012327623364573e-02
-9.815567181546827613e-02
4.151816184736620285e-02
-8.152419743799009522e-03
-7.207048123089447589e-02
1.817628863966326211e-02
-4.823983464141598509e-02
8.513714771585094779e-03
8.760497945924891616e-02
-4.007029934764309853e-02
1.207714924690354375e-03
4.965604207162081091e-02
7.155490018745569447e-02
1.802455702227409237e-02
-9.696937465042420462e-03
3.973256715662657618e-02
-1.801289367946183259e-02
-4.964234818949730954e-01
4.116616324290049700e-02
7.046771079074738708e-02
-9.797953370683719701e-03
4.273064114394124063e-02
-2.407935881221756960e-02
-2.613753682083075000e-02
2.659924475763205884e-02
4.924379067424057566e-02
-3.987382880569215887e-02
1.200331573513368361e-02
-1.445607436556030009e-02
7.170632534916046574e-02
1.035566936670709315e-02
-8.845394823370769655e-02
-1.360412125353959931e-02
-8.937139723486695053e-02
8.498075977473935894e-02
-7.043591871751137511e-03
-3.260793398047544256e-02
7.007134461390217284e-02
4.230593682969128327e-02
-4.502871626766569157e-02
-8.795642283812171724e-02
-1.342306615358630217e-01
-6.919368437666134630e-02
2.601904663179676822e-02
-2.579106343208676516e-02
1.126316504777305216e-01
5.245550393255471455e-02
6.989524436156152598e-02
-2.897364762692831996e-03
-1.388409375876823761e-02
-4.579190629337970275e-02
-7.347487749848632954e-02
-2.833758082714595613e-03
2.442823877942435981e-02
-2.901730809788307178e-02
6.049329933564445705e-02
-1.222081238185953045e-01
-1.117504533813555925e-02
-2.771760971084658715e-02
-5.581904975836582405e-02
-7.105955964063145891e-02
-7.694402074242055745e-02
-4.056657548564501195e-04
-6.891545145811181494e-02
1.534743227055367261e-02
5.064408043566143852e-02
9.022006676436329642e-03
-3.137978939038595094e-02
2.360666443913043023e-03
-4.228497526087815483e-02
5.653039469300091824e-02
3.064681589515402468e-02
5.159363517646309294e-02
-5.063730235699465121e-02
-9.192478599730860567e-02
-1.433199208135817193e-01
9.775991854999187269e-02
8.305684540950439634e-03
-1.021533681916939884e-01
-3.555100818584234351e-02
7.798410249239470793e-02
1.444826064694828271e-01
-6.498204587911277086e-02
2.851031502432955361e-02
3.605447521634473629e-02
-6.224773289132184279e-02
6.271286141436523132e-03
-2.718374047377096828e-02
-4.624938333905576071e-02
-1.260021389308841298e-02
-1.279792251600434250e-01
4.457876090636122245e-03
6.954397404001638749e-02
-7.315433927404527137e-02
5.267522184218832726e-02
-9.402228407291113310e-02
7.677870773017085593e-02
5.842657301611694359e-02
2.087282465496983694e-02
-5.997466094608364107e-02
-1.088599182990587604e-02
-2.126020987758155383e-03
3.569658905737750632e-02
1.469018758029859949e-02
-2.011012315567037301e-02
9.553400472654173525e-02
9.201269190903922646e-02
-4.920176658650651097e-02
-6.903436347438197951e-02
7.433112189142890291e-02
4.197811938140542931e-02
-9.459490913798068723e-02
-2.488577351087630646e-02
-7.699399825650510287e-02
-4.194730796635950248e-02
-7.785787880403080563e-02
1.311709737318589829e-02
6.403476026238606299e-04
2.092033069409371393e-02
1.196858168732740403e-02
4.827356279350522583e-02
4.144694875703305165e-02
-1.039470280749748982e-01
-1.689432862871219354e-02
-8.238487822763453094e-02
-9.851907778211574374e-02
-4.312807450764036266e-02
8.310807758921451294e-02
7.417741093085460091e-02
3.249984886326717781e-02
-8.941563501425069116e-02
2.301054053244894204e-02
2.057396077921023192e-01
1.200092790454803937e-01
-4.111444433945633109e-02
-2.929573931128721422e-03
-1.896929364877876934e-03
4.045041976785397619e-02
1.097575071691882231e-01
-1.530886392133136951e-02
5.176611564636680873e-02
7.486654684177299589e-03
-9.967502141296001594e-02
3.016357133446120539e-02
2.160756297440782209e-02
3.475611261555614506e-01
-9.058878342775340820e-02
2.723154756053776035e-02
3.041776145255898831e-03
-2.530989375664540256e-02
-1.036017138097901497e-01
-5.694315805164214955e-02
-4.908128263284342041e-02
1.372168396345813807e-02
5.663874300156167274e-02
-8.459233260280066280e-02
1.280525005168645647e-01
1.714832703173917450e-01
5.291852962879895622e-02
1.916393131533490873e-03
-7.325142443486398758e-02
1.206031108439105902e-02
-8.941083267340806107e-02
4.118483540748309191e-02
-8.809647669125465763e-02
1.596257716049382658e-01
6.629419267631772757e-03
-1.190786632659748129e-01
2.042905338910855698e-02
2.920859953876760867e-02
-4.062925648918830346e-02
-1.448320650971290056e-02
-1.778882770447069370e-02
-3.620355689340407079e-02
-4.173446187477848623e-02
-2.343905210790747304e-02
3.427602995645415845e-02
