-6.287875026464462280e-02
1.668982654809951782e-01
-7.484339922666549683e-02
8.908583782613277435e-03
-2.727499464526772499e-03
9.853310883045196533e-03
-3.731671720743179321e-02
-2.317485958337783813e-02
-1.527320593595504761e-02
1.315371870994567871e+00
-8.356647938489913940e-02
9.321647137403488159e-02
7.222885638475418091e-02
-2.123599871993064880e-02
-1.926136948168277740e-02
-3.876491636037826538e-02
-1.008956413716077805e-02
1.152384519577026367e+00
-1.721294373273849487e-01
-6.980434805154800415e-02
-3.389251604676246643e-02
-6.065063923597335815e-02
-9.933023154735565186e-02
-6.574381404789164662e-05
3.498851507902145386e-02
9.107951074838638306e-03
-5.698256567120552063e-02
-1.957775652408599854e-02
1.683392003178596497e-02
5.399756133556365967e-03
-1.217405032366514206e-02
1.897512748837471008e-02
1.108883135020732880e-02
4.413320869207382202e-02
7.899099588394165039e-02
-5.871336162090301514e-02
-2.123523736372590065e-03
3.068371489644050598e-02
1.967351138591766357e-02
-5.888001993298530579e-02
6.379920523613691330e-03
4.581418260931968689e-02
2.505511417984962463e-02
-2.228514850139617920e-02
-1.740691065788269043e-02
-1.159372087568044662e-02
-9.317301213741302490e-02
-1.001979876309633255e-02
-1.606019213795661926e-02
-9.215462487190961838e-04
4.429905489087104797e-02
4.974722489714622498e-02
-7.560307160019874573e-03
-1.535328477621078491e-02
1.524706091731786728e-02
-7.667767349630594254e-03
1.338759320788085461e-04
-4.613810777664184570e-02
-2.325917594134807587e-02
-4.333011060953140259e-02
9.911099448800086975e-03
-1.690553501248359680e-02
-3.353986889123916626e-02
1.785527169704437256e-01
-5.396891385316848755e-02
-7.343371212482452393e-02
-1.963770017027854919e-02
4.103825613856315613e-02
-3.953389078378677368e-02
4.360739514231681824e-02
1.174836419522762299e-02
6.711909174919128418e-02
8.322373777627944946e-02
-6.490108557045459747e-03
5.199872702360153198e-02
2.502604573965072632e-02
6.155033130198717117e-03
-2.147156745195388794e-02
3.483954817056655884e-02
5.776830762624740601e-02
-8.574128150939941406e-03
5.898036435246467590e-02
-7.038017362356185913e-02
-1.661091297864913940e-02
3.435392305254936218e-02
-1.978508681058883667e-01
2.977479994297027588e-02
-6.206620112061500549e-02
5.549423769116401672e-02
4.663557186722755432e-02
-1.405884232372045517e-02
4.831959307193756104e-02
6.057083606719970703e-03
-2.245807647705078125e-02
6.808738410472869873e-02
-6.752258539199829102e-02
1.130776386708021164e-02
-1.476347353309392929e-02
-2.318865153938531876e-03
-1.025498192757368088e-02
4.091992601752281189e-02
4.123754799365997314e-02
-9.110858291387557983e-02
7.959379814565181732e-03
5.352900177240371704e-02
-5.653004050254821777e-01
5.139521881937980652e-02
-2.664104104042053223e-03
4.147523641586303711e-02
3.441405668854713440e-02
1.277935970574617386e-02
-9.910432249307632446e-02
4.755007475614547729e-02
-1.626793760806322098e-03
-2.887958474457263947e-02
-2.187378890812397003e-02
-1.557331066578626633e-02
2.621993422508239746e-02
-1.129987556487321854e-02
9.571782313287258148e-03
9.296678006649017334e-03
-3.333643451333045959e-02
-1.285448763519525528e-02
-4.782410338521003723e-02
-3.482603281736373901e-02
2.712255716323852539e-02
-1.146281510591506958e-02
-8.216480910778045654e-02
3.027797304093837738e-02
-4.129819944500923157e-02
1.644785702228546143e-02
3.715649247169494629e-02
-2.778060548007488251e-02
4.275622591376304626e-02
5.584301427006721497e-02
6.057074666023254395e-02
-8.651579730212688446e-03
-4.343225155025720596e-03
6.012754142284393311e-02
-1.010467018932104111e-02
-5.375230312347412109e-01
7.280982285737991333e-02
7.696197181940078735e-02
-8.073109202086925507e-03
1.230395771563053131e-02
-2.329027745872735977e-03
-5.739237368106842041e-02
5.819173529744148254e-03
8.427099883556365967e-02
-3.700939193367958069e-02
2.055412856861948967e-03
-5.270753521472215652e-03
5.801635980606079102e-02
5.065769888460636139e-03
-9.183059632778167725e-02
-2.702537365257740021e-02
-6.295420974493026733e-02
8.406262099742889404e-02
-2.109789103269577026e-02
-3.661672770977020264e-02
3.672388941049575806e-02
-4.277525003999471664e-03
-1.520341075956821442e-02
-5.665112659335136414e-02
-1.229932680726051331e-01
-9.094107151031494141e-02
3.785316273570060730e-02
-3.351664170622825623e-02
1.002466678619384766e-01
3.447762131690979004e-02
6.332328915596008301e-02
-1.096148043870925903e-02
-2.132989838719367981e-02
-5.749150738120079041e-02
-7.636184245347976685e-02
5.001971963793039322e-03
3.092528320848941803e-02
-2.771484851837158203e-02
4.312909394502639771e-02
-1.088749468326568604e-01
8.463682606816291809e-03
-2.391328103840351105e-02
-8.529769629240036011e-02
-5.689592286944389343e-02
-5.736256763339042664e-02
-2.383634261786937714e-02
-6.484437733888626099e-02
4.892225563526153564e-02
4.779106378555297852e-02
-1.514133182354271412e-03
-3.966696094721555710e-03
2.644791454076766968e-02
-6.111919134855270386e-02
5.684391409158706665e-02
4.228979349136352539e-02
4.220144450664520264e-02
-6.794513761997222900e-02
-6.313672661781311035e-02
-1.255815476179122925e-01
8.825673907995223999e-02
2.431966736912727356e-02
-5.243355035781860352e-02
-4.168631136417388916e-02
3.768916800618171692e-02
1.396028548479080200e-01
-2.695735357701778412e-02
2.019718661904335022e-02
1.897660829126834869e-02
-1.220681238919496536e-02
-1.599582657217979431e-02
-2.602368406951427460e-02
-5.998507142066955566e-02
-1.506545115262269974e-02
-1.810843646526336670e-01
3.536413982510566711e-02
5.907562747597694397e-02
-3.400691598653793335e-02
6.554005295038223267e-02
-9.553001075983047485e-02
2.919685095548629761e-02
1.391736324876546860e-02
2.133927121758460999e-02
-6.125764921307563782e-02
-6.169976200908422470e-03
1.454847771674394608e-02
3.741440922021865845e-02
2.133696153759956360e-02
1.541795581579208374e-02
7.088816165924072266e-02
5.544038489460945129e-02
-4.364583641290664673e-02
-6.094244495034217834e-02
8.915858715772628784e-02
7.021634280681610107e-02
-5.882743746042251587e-02
-3.387796878814697266e-02
-2.230128645896911621e-02
-4.260168597102165222e-02
-5.122879892587661743e-02
4.308777302503585815e-02
2.903588302433490753e-02
2.624651789665222168e-02
-7.406336953863501549e-04
7.106666266918182373e-02
4.009663686156272888e-02
-9.869675338268280029e-02
-3.740049898624420166e-02
-8.911550045013427734e-02
-8.594141900539398193e-02
-4.231418296694755554e-02
2.577316947281360626e-02
2.034510113298892975e-02
3.662282600998878479e-02
-6.313762068748474121e-02
1.543308235704898834e-02
2.017160356044769287e-01
1.028128713369369507e-01
-4.171165823936462402e-02
1.969748176634311676e-02
3.227789420634508133e-03
7.629445195198059082e-02
9.035090357065200806e-02
-2.257366664707660675e-02
6.330469995737075806e-02
4.265902191400527954e-02
-3.232127800583839417e-02
8.190925233066082001e-03
2.021914161741733551e-02
2.873678207397460938e-01
-5.832586437463760376e-02
1.094840541481971741e-01
-6.331015378236770630e-03
-2.538182027637958527e-02
-8.158274739980697632e-02
-6.547848135232925415e-02
-3.526036813855171204e-02
4.176926449872553349e-04
5.868733674287796021e-02
-7.362738996744155884e-02
1.478710323572158813e-01
1.291418373584747314e-01
5.598559603095054626e-02
2.191786654293537140e-02
-6.854894012212753296e-02
-7.945271208882331848e-03
-4.423135519027709961e-02
3.982285037636756897e-02
-9.155263751745223999e-02
1.226496472954750061e-01
2.286028116941452026e-02
-1.239798441529273987e-01
-5.680506583303213120e-03
4.286951199173927307e-02
-5.923378840088844299e-02
-4.364239424467086792e-02
1.226207055151462555e-02
-5.670855566859245300e-02
-5.555173754692077637e-02
-1.425854023545980453e-02
5.858708545565605164e-02
