-5.868166312575340271e-02
1.717861145734786987e-01
-8.723114430904388428e-02
-6.554219126701354980e-02
2.013107948005199432e-02
5.566713958978652954e-02
2.366183698177337646e-02
-6.449500471353530884e-02
9.220350533723831177e-03
1.527948498725891113e+00
-1.632056832313537598e-01
1.229781731963157654e-01
8.559805899858474731e-02
-4.913750663399696350e-02
-6.055766716599464417e-02
-5.341481883078813553e-04
-5.570054799318313599e-02
1.183068394660949707e+00
-1.725333929061889648e-01
-4.259252920746803284e-02
-2.475794777274131775e-02
-1.870630122721195221e-02
-5.513827502727508545e-02
-1.054710615426301956e-02
7.660075277090072632e-02
3.431020304560661316e-02
-4.146479442715644836e-02
-1.179583277553319931e-02
6.335117667913436890e-02
5.381721421144902706e-04
-2.449031732976436615e-02
-1.581025123596191406e-02
5.951097700744867325e-03
4.370919615030288696e-02
6.817367672920227051e-02
-8.033005893230438232e-02
4.234225675463676453e-02
2.970050275325775146e-02
-4.609325900673866272e-02
-3.833346068859100342e-02
3.683650633320212364e-03
-5.631479900330305099e-03
4.499831795692443848e-02
-5.048508569598197937e-02
-4.517644271254539490e-02
1.853947900235652924e-02
-8.570940792560577393e-02
4.439949244260787964e-02
-2.107350900769233704e-02
-5.607441533356904984e-03
1.668624766170978546e-02
2.512043714523315430e-02
-2.175900526344776154e-02
-1.023240201175212860e-02
-4.846872016787528992e-02
2.121169120073318481e-02
7.706316187977790833e-03
-4.882759414613246918e-03
4.578461870551109314e-03
-5.098302289843559265e-02
-1.008329167962074280e-02
2.516645379364490509e-02
1.243383623659610748e-02
1.489754021167755127e-01
5.235021468251943588e-03
-4.624897614121437073e-02
3.131718933582305908e-02
4.191663861274719238e-02
-7.674559485167264938e-03
7.594428211450576782e-02
2.982142381370067596e-03
3.597187995910644531e-02
9.534188359975814819e-02
-3.451361879706382751e-02
5.553955212235450745e-02
-9.736436419188976288e-03
2.772153168916702271e-02
-2.585158124566078186e-02
-5.086991935968399048e-03
1.673863083124160767e-01
-3.849703446030616760e-02
4.538578540086746216e-02
-4.368948191404342651e-02
1.769971288740634918e-02
2.638446399942040443e-03
-1.947461366653442383e-01
2.631508000195026398e-02
-7.813113927841186523e-02
1.474345773458480835e-01
4.518069699406623840e-02
-3.308270126581192017e-02
1.526629924774169922e-02
1.497198548167943954e-02
-2.260270714759826660e-02
1.015390157699584961e-01
-9.797128289937973022e-02
-4.589764773845672607e-02
1.005333475768566132e-02
-4.605661705136299133e-02
-7.494243327528238297e-03
1.247727591544389725e-02
1.982342451810836792e-02
-1.246795430779457092e-01
-1.327161490917205811e-02
6.543944776058197021e-02
-5.154002904891967773e-01
6.801606714725494385e-02
3.230552002787590027e-02
7.632557302713394165e-02
5.316311866044998169e-02
1.841029897332191467e-02
-1.103327721357345581e-01
3.802227973937988281e-02
-8.032285422086715698e-02
-5.516466870903968811e-02
-2.808116748929023743e-02
3.057278227061033249e-03
-1.654347963631153107e-02
-2.075836621224880219e-02
-3.463239222764968872e-02
3.083991073071956635e-02
-8.696864359080791473e-03
-1.103975530713796616e-02
3.024517558515071869e-02
-9.430089592933654785e-02
7.345975190401077271e-02
1.247631106525659561e-02
-3.170137852430343628e-02
4.412093013525009155e-02
-3.247320279479026794e-02
4.710467904806137085e-02
1.078748609870672226e-02
-3.334828093647956848e-02
-1.276864763349294662e-02
1.320672128349542618e-02
8.784000575542449951e-02
8.356974460184574127e-03
-3.179817274212837219e-02
5.987439677119255066e-02
1.857660524547100067e-02
-5.413390398025512695e-01
6.111351028084754944e-02
7.586779445409774780e-02
-1.694711484014987946e-02
-1.365302223712205887e-02
-3.541835118085145950e-03
-2.021576836705207825e-02
-2.987199835479259491e-02
6.870150566101074219e-03
-1.891238242387771606e-02
-2.740854769945144653e-02
-4.659320227801799774e-03
8.519828319549560547e-02
3.093644417822360992e-02
-5.228146910667419434e-02
3.374532982707023621e-02
-5.193061754107475281e-02
-4.136967763770371675e-04
4.212627653032541275e-03
-2.836629748344421387e-02
1.809450238943099976e-02
1.831388473510742188e-02
-3.068572655320167542e-02
-8.836654573678970337e-02
-1.261694282293319702e-01
-1.057950481772422791e-01
5.130171775817871094e-02
-4.473435878753662109e-02
1.190192177891731262e-01
4.584667459130287170e-02
6.951346248388290405e-02
1.175943948328495026e-02
1.026219251798465848e-04
-1.408653333783149719e-02
-3.071738220751285553e-02
2.425431087613105774e-02
4.122560843825340271e-02
-3.261460363864898682e-02
3.441378101706504822e-02
-8.442029356956481934e-02
2.685955842025578022e-04
-3.926908224821090698e-02
-7.110618054866790771e-02
-7.965731620788574219e-02
-3.657411038875579834e-02
-1.105464063584804535e-02
-4.564676806330680847e-02
4.727922379970550537e-02
2.267695218324661255e-02
-2.986840717494487762e-02
-3.704065829515457153e-02
1.473982539027929306e-02
-2.556061372160911560e-03
8.419738709926605225e-02
-1.073582191020250320e-02
3.680760785937309265e-02
-3.596047312021255493e-02
-1.176837757229804993e-01
-8.490183204412460327e-02
1.786558330059051514e-01
6.563624367117881775e-03
-6.752736121416091919e-02
-4.904036223888397217e-02
6.321085989475250244e-02
1.133475154638290405e-01
-5.849029123783111572e-02
1.520940754562616348e-02
1.264267321676015854e-02
-4.389701038599014282e-02
-4.046334419399499893e-03
-5.307031050324440002e-02
-5.148069933056831360e-02
-2.854397520422935486e-02
-1.176045089960098267e-01
5.292308703064918518e-02
7.346439361572265625e-02
-2.894702367484569550e-02
7.979814708232879639e-02
-1.376634240150451660e-01
6.693080067634582520e-02
5.690089240670204163e-02
2.529017254710197449e-02
-5.214072763919830322e-02
1.804717257618904114e-02
1.214918028563261032e-02
2.493385598063468933e-02
1.696364767849445343e-02
1.401364104822278023e-03
8.732862025499343872e-02
5.110575258731842041e-02
-9.155464172363281250e-02
-1.986907981336116791e-02
3.094564750790596008e-02
5.080105736851692200e-02
-1.063028499484062195e-01
-2.436486817896366119e-02
-6.194333732128143311e-02
-2.611296251416206360e-02
-3.268194198608398438e-02
3.897725418210029602e-02
1.309990789741277695e-02
1.503570657223463058e-02
6.404868792742490768e-03
2.754453383386135101e-02
7.469737529754638672e-02
-1.437659710645675659e-01
-4.580801352858543396e-02
-8.476014435291290283e-02
-1.135002523660659790e-01
9.865454630926251411e-04
6.892260164022445679e-02
5.287606641650199890e-02
-2.522111311554908752e-02
-3.256551921367645264e-02
1.954453065991401672e-02
1.274445354938507080e-01
1.103939712047576904e-01
-9.077465534210205078e-02
-2.723323553800582886e-02
-5.023291800171136856e-03
5.337645485997200012e-02
1.016639918088912964e-01
3.289594873785972595e-02
7.614147663116455078e-02
-2.103856578469276428e-02
-1.366571485996246338e-01
4.896689788438379765e-04
-2.877262188121676445e-03
4.046239554882049561e-01
-5.581374838948249817e-02
-2.948356606066226959e-02
-9.865973144769668579e-03
-3.166069462895393372e-02
-9.593773633241653442e-02
-9.920030087232589722e-02
-3.264569863677024841e-02
3.578287735581398010e-02
4.817822948098182678e-02
-4.371241107583045959e-02
1.572344899177551270e-01
2.044911831617355347e-01
6.824104581028223038e-03
8.023437857627868652e-02
-1.223099976778030396e-01
-1.503861322999000549e-02
-1.122454702854156494e-01
4.950729757547378540e-02
-8.222101628780364990e-02
1.547940373420715332e-01
-3.511664643883705139e-02
-9.479556977748870850e-02
2.601730823516845703e-02
-2.544689550995826721e-02
1.292215008288621902e-02
-2.248541079461574554e-02
-1.080060005187988281e-02
-2.766474336385726929e-02
-3.522510081529617310e-02
-6.063134595751762390e-02
4.465180635452270508e-02
