-6.805227583027484428e-02
1.535495339329717435e-01
-1.016594954383368693e-01
-6.318577990342116868e-02
1.232609989873156842e-02
3.532218502889541978e-02
1.093647997544581682e-02
-2.495957271383101445e-02
-1.604056809380256104e-02
1.243095065613632588e+00
-9.788641999691977125e-02
1.126358954728875206e-01
1.125210364745629077e-01
8.922549002431582818e-03
3.145755963831625701e-03
1.461802934095457647e-02
2.940024022031842779e-03
1.107148255681299709e+00
-1.693483439524961220e-01
-4.512892295491140876e-02
-3.031346498874659331e-02
-2.333311499385992693e-02
-8.011406220460827454e-02
4.170521348316552634e-03
6.341777063382508794e-02
2.485973794985104138e-02
-9.148235920611741401e-02
1.015800659400912902e-02
6.911625900231750663e-02
1.896453874531040321e-02
-2.396956320578250837e-02
7.045915797334334225e-04
3.541976615772370052e-02
-4.524155855753904561e-03
6.089602929348818250e-02
-3.790919584491812128e-02
2.777648932943226068e-02
4.728315942739638039e-02
-6.093453844329782716e-03
-3.303047044595594506e-02
3.519200895098045703e-03
-6.504976217400976549e-03
3.109266889174728404e-02
-2.892263469149695607e-02
1.434680212227750634e-02
-1.779723690579407963e-02
-5.769581008226964958e-02
4.390020796596109248e-02
-1.265748612524690737e-02
-7.373432666780205778e-03
2.133329390957264607e-02
-1.137192175719981685e-02
1.259518091189870508e-02
-4.575188118692877226e-02
6.619781103017151162e-03
-3.604401354544224667e-02
2.282258705448816233e-02
-2.590685068926094209e-02
-1.311600220250182594e-02
-2.768171569524211645e-02
2.833032335106227054e-02
4.496003082565450809e-02
4.657296991781590886e-03
1.671687222535495898e-01
-6.669441608797051224e-02
-7.431554808610607576e-02
-4.651397115010870442e-03
-1.511144334050558077e-02
-4.266245615470051766e-02
6.684220744403447656e-02
-1.138903609490813859e-03
1.071365418714715911e-01
8.417491539573528081e-02
1.514723093939050746e-02
5.393201019570007665e-02
-6.565163236523617607e-02
-4.351688308864033565e-03
-1.273674612339103195e-02
-1.811845153467206079e-02
5.546805990381230289e-02
-3.256742163359365588e-02
6.634911334608338540e-02
-8.544374381714558986e-02
-2.430441861395173705e-03
1.943719733807236852e-02
-2.466115258592028459e-01
1.074234028882384423e-01
-9.347242727048266087e-02
1.423301264571979509e-02
7.808903096438675473e-02
-9.857641273384839392e-03
8.210390745193875406e-02
1.038560305417728785e-02
1.014470043815760350e-02
6.737773863780818773e-02
-3.349389168107635290e-02
-3.072239154336268985e-02
-5.196761383684109226e-02
-9.402885233591702641e-02
-3.125821239928160827e-02
-3.027734356219707185e-03
7.112551479647713504e-02
-1.298320484132778896e-01
-1.173673292625637167e-02
9.310546034661468240e-02
-5.630380713079701227e-01
3.343482288515821355e-02
2.749658298936324789e-03
8.371482368373446559e-02
4.450212908679546109e-02
5.784344228330878107e-02
-9.023115879525808736e-02
4.179503580453297618e-02
-5.666999228518299070e-02
-4.423975566215009037e-02
-4.209379206785616306e-02
-1.023793186015707450e-02
5.701556081596158634e-03
2.128179930128652406e-02
-4.750365916500703944e-02
2.431422136981903348e-02
1.606625094016056118e-02
1.604089117850297785e-02
-5.285568614303152307e-02
-1.166140453469080435e-01
4.405093414068306235e-02
3.306809310227724549e-03
-4.807758491697251835e-02
1.640528138251884024e-02
-8.897806762270367778e-03
6.098198255620183861e-03
-3.131940114013057747e-02
-3.653723496741319993e-02
3.265451444628515026e-02
4.080300025301829281e-02
6.206006368034459181e-02
-5.388987549442463346e-03
-3.407054535016754149e-02
6.554974131833531115e-02
5.570461281300318618e-03
-4.701040145569042594e-01
5.213998191184043840e-02
7.311447514186951435e-02
-2.997228754510326137e-02
-6.101717968994462352e-03
5.512800291154382887e-02
-7.971779802376824375e-02
2.668878250938734598e-02
2.354275558412593367e-02
6.135299380819472185e-04
-2.193555562216016608e-02
4.784499655945033750e-03
9.542747486318270411e-02
-2.670376218032503857e-03
-9.705104710255349487e-02
-1.798927176721257931e-02
-4.960240146343172785e-02
2.084369167286649616e-02
-6.188839429590428133e-03
-2.305483402448206542e-02
6.220307401946244263e-02
-3.017291836941322566e-02
-2.945024076080889064e-03
-7.509452917207200262e-02
-1.006290812441329036e-01
-7.786347646318726723e-02
2.011431920814238036e-02
-4.202538087198007949e-02
7.720709567595405998e-02
5.692967598990860550e-02
7.201650282272259451e-02
2.471022612796858545e-02
-2.098419850344365734e-02
3.819993706119050036e-02
-5.589944641553344640e-02
-2.158136884678662701e-02
3.389142910211508791e-02
-3.255204407509387082e-02
5.455741941509993642e-02
-1.040497237985501811e-01
-1.441058827313182120e-02
5.241533999918716012e-03
-8.059386367488494129e-02
-6.482580240615913592e-02
-3.147123503382540793e-02
-2.155260316759752270e-02
-2.933415865611839826e-02
6.326031538465298754e-02
2.574259633742780051e-02
-1.483613697854192955e-02
8.724908701038312439e-03
-1.230714214794806707e-02
-5.211425848095110197e-03
6.693729938827429338e-02
1.637938367687730504e-02
7.049401948892750069e-02
-4.271252632551434530e-02
-6.184901775120927453e-02
-8.651068090644924158e-02
9.442057104924771183e-02
-2.982385956893994841e-02
-3.222509509067100070e-02
-2.165013177526760313e-02
3.630569942038031767e-02
1.253534514791588006e-01
-2.177069807278289235e-02
7.295519279301229676e-02
3.144290543940436028e-02
-2.603449620228099476e-02
-6.325711955175425394e-02
-4.350819640738470828e-02
-2.677361850382664610e-02
-4.963539748318100686e-02
-1.127392189150119295e-01
2.730708068227747504e-02
-3.333843382746596966e-03
-2.396946930431785236e-02
7.574284398264645446e-02
-5.051020580960149248e-02
4.892321694423982376e-02
4.169247948962828687e-02
4.742584190716306672e-03
-7.056288268507411587e-02
1.644866545073925268e-02
-2.979603141231902414e-04
5.217523793294241014e-02
2.813088618943858366e-02
-3.707031278647904618e-03
8.115887674545951835e-02
5.920086912394555145e-02
-8.352052722941302743e-02
-2.413638154506577566e-02
7.165677426938421579e-02
7.766804682508898772e-02
-4.526436706414849187e-02
-3.508174634977313799e-02
-4.697606344077171620e-02
-4.892194290826599665e-03
-8.720755550665182029e-03
2.488059362430572810e-02
-1.563917593806226150e-02
2.607912804589613415e-02
7.952657485297640744e-03
6.851542331875253022e-02
3.466883773643561484e-02
-9.364543514868185758e-02
-7.319590521877729350e-02
-7.821268805248438039e-02
-7.921581670923023843e-02
-5.538751234151724663e-03
3.442123071499465781e-02
5.106047475867514507e-02
1.888281423160666911e-02
-5.652241737995280374e-02
4.834630226090790017e-02
1.340281133473056885e-01
8.859906857895800958e-02
-5.124370357256939623e-02
1.766792663121422718e-02
-5.369984837364445533e-03
2.480674569278119510e-02
9.784834374877768304e-02
4.587495974651112016e-03
6.818188531630138549e-02
-6.635385855314891550e-03
-1.386514649596148549e-02
1.075379228863601599e-02
-5.310395604515093237e-03
3.095011373600046745e-01
-3.921175558229246516e-02
6.932759777669852963e-02
-8.684675902309677703e-03
1.346277931675028032e-03
-9.310581048766933265e-02
-8.726811876825317504e-02
-8.086977960059370946e-03
-2.130287938432623082e-02
5.524856602595861615e-02
-7.071719303095541642e-02
1.816286183449262737e-01
1.691889470120210293e-01
2.653037233006623127e-02
1.158397354609210991e-02
-1.028885796669448127e-01
-3.108642364857266624e-02
-2.762971019932626213e-02
7.547006500247721572e-02
-9.355269233260864181e-02
1.739704223246065773e-01
6.307747331746910158e-03
-6.387678009165699555e-02
1.308042230092431148e-03
-4.530601236372255522e-03
-5.775007557953819315e-02
-4.239985991302037960e-02
3.975250069467985148e-02
-5.165301846544609332e-02
-4.702287093357638420e-02
-5.436927907713920427e-02
3.003115262258960333e-02
