-8.784976829017418498e-02
1.468935907711392264e-01
-8.517396361049699161e-02
-3.599784255272413247e-02
1.704789664042439395e-02
2.546176117901543731e-02
5.534378994663145639e-03
9.382909210349395929e-03
1.387037374246532541e-02
1.224047275744296837e+00
-2.967864803559390127e-02
9.664604364534486181e-02
9.513999948570890652e-02
1.938130036848105010e-03
3.027108243017414060e-02
2.094739971633437919e-02
-1.274250103168033180e-02
1.174037888382721828e+00
-1.834832432497744692e-01
-4.937781233579862511e-02
-4.632225325180683306e-02
-1.308971771382736599e-02
-9.645424946959857415e-02
2.764757579132669923e-02
4.477590907922065350e-02
2.657598271424251729e-02
-8.577613535955763702e-02
2.870815595195901418e-02
7.081474223947128999e-02
2.946741061636238765e-02
-5.720969022791150965e-02
4.695763862565463867e-03
2.505567259206430142e-02
6.588615231334951118e-03
9.602008399674819006e-02
-3.497531867459129085e-02
2.402432627866398288e-02
1.679136950994254696e-02
-1.063256783414360043e-02
1.547457566337355180e-03
-2.932172364912613832e-03
2.529036389270648486e-02
6.399563634848365323e-02
3.091292730309467066e-02
-2.335925428754379311e-04
-2.506387297908384271e-02
-4.643089627770975725e-02
2.580485830428311603e-02
2.807204263643585038e-02
-3.376146292116103537e-02
7.665576802636764678e-03
-8.529489874545503197e-03
-8.197762072751123633e-03
-5.469123713033003514e-02
1.673777775398234760e-02
-6.568810618964825154e-02
5.144798406410173996e-02
-1.734631158016249064e-02
-3.233434627637755444e-03
-2.240096672397191499e-02
4.440736122505378053e-02
6.311485959698166781e-02
1.741914931528026900e-02
1.637414553322692201e-01
-4.938885429730486415e-02
-7.320889702683980316e-02
-3.423404713458533255e-03
1.532496216784850346e-02
-3.038684815055810000e-03
2.213754986454935861e-02
4.213496814648249461e-02
1.166078768948218963e-01
5.731030229627876588e-02
3.450443299174284217e-02
1.001254765712522449e-01
-9.041124195413266507e-02
-3.346007449398093192e-02
-2.526657357274926519e-02
-9.214622770385445111e-03
-1.220205331343414705e-04
-3.129475358795492934e-02
7.096718036653464068e-02
-1.288511902585830760e-01
-4.691243907509393823e-02
3.573068856297153401e-02
-2.540813529511634083e-01
1.038075762049282674e-01
-1.066268150448114876e-01
-6.416311497287269239e-02
5.981952874825265110e-02
-2.009060086743248708e-02
1.336968154072937509e-01
2.894904837171101766e-03
-1.239201799112630946e-02
6.616632332830608976e-02
-3.089976263219759711e-02
-1.360030435537948508e-02
-3.750889698424038354e-02
-7.932239688928241494e-02
-2.214300307350892602e-02
1.631918527112125386e-02
8.217521665286961485e-02
-9.708807064624704053e-02
-3.041122723797178365e-02
9.184329867858169461e-02
-6.153130096438874652e-01
4.757689582540080469e-04
2.436360882012328019e-02
9.159238813549029634e-02
6.514500724035116042e-02
6.835585086673540145e-02
-4.928746769415418005e-02
6.752963040904111369e-02
-1.843505697206779606e-02
-1.529756663051654725e-02
-2.700910982639887284e-02
-8.174799385567365316e-04
1.749379510503311363e-02
7.062473796520108218e-03
-1.102498225153543746e-02
3.157800398378093204e-03
3.340932068187563858e-02
3.324884675643421245e-02
-4.660502137870909528e-02
-1.057575837024249815e-01
4.124386587814894700e-02
2.046658092744111680e-03
-4.281113701241485991e-02
-3.453273013597112778e-02
2.268479741578018419e-02
1.530206377310282424e-02
2.721248329715739503e-02
-3.088112054812897078e-02
1.981591210648985663e-02
2.236750924174903468e-02
1.843466970467608212e-02
-6.112527155673591183e-04
-4.946204238839108265e-03
6.163602581245600925e-02
-2.151270603012506513e-02
-4.681416029276175284e-01
1.097543380918684919e-02
3.814187585431186300e-02
-3.153332905951494389e-03
1.494872826616670987e-02
5.040005302465127429e-02
-8.936948298873764740e-02
2.654236306379936100e-02
2.331155822379345904e-02
-2.629617597267627175e-03
-1.509277358272527111e-02
-1.447337085515455930e-02
7.496265677358551760e-02
-5.700806430125809204e-02
-1.156138292720860078e-01
-4.654072530999980167e-02
-7.335615545253898473e-02
-3.439871217060778584e-04
-5.078861776212735546e-02
-4.488328864525811118e-02
6.881649090665183099e-02
-3.091025999893423984e-02
2.445411320956680443e-02
-6.245824773433085453e-02
-1.287199550212160537e-01
-8.984739999516690168e-02
1.065566470342753369e-02
-4.049818493582514611e-02
6.877653943435414752e-02
6.392579267438805446e-02
9.770956703815419919e-02
6.920968106903769256e-03
-4.531887732577304789e-02
2.972887903672038340e-02
-3.380575904950950533e-02
-1.716682282578791893e-02
4.456691054959748682e-02
-1.579300506599965945e-02
8.055297775319232578e-02
-1.025535559821348919e-01
-2.928688350129378393e-02
3.025346902511475561e-02
-4.258179726304192614e-02
-6.620722360571346110e-02
-1.277222501420496870e-02
-1.688749532761892047e-02
-3.128897120171240248e-02
7.009534465093886224e-02
3.999967014499911100e-02
-2.074123065909192279e-02
1.499024454076903178e-02
-2.498426774629586636e-02
-4.759502689804395725e-02
5.681025295841305583e-02
3.567824529686988710e-02
8.390278744225068697e-02
-5.997538451004788551e-02
-6.298108291735651787e-02
-1.040579929820952404e-01
3.944376232672108101e-02
-3.799504342274356156e-02
-5.873660325911844032e-02
-1.046057754464108612e-02
4.530229744056529784e-02
1.148553660854144537e-01
-1.178124769575901974e-02
7.306021055263366148e-02
3.370136870365184056e-02
-3.492367172706385692e-02
-4.932896823601871927e-02
5.551307874352411363e-05
-6.107568378254285557e-02
-1.717690266986787034e-02
-1.329248269069666089e-01
6.151477723295280253e-02
-4.762336034859022266e-02
-4.242742763986239590e-02
7.777653680093588040e-02
-5.308375311827703835e-02
4.214931640334549506e-02
1.624180077478263456e-02
-3.280101316507752496e-02
-9.235452068069834042e-02
2.246922260176147795e-02
-2.865113324895035216e-02
8.069206967776874906e-02
4.984451311039537341e-02
-2.499771530392048014e-03
1.196168864383296837e-01
8.020527456638444630e-02
-1.092035373623186922e-01
-2.839814114362848932e-02
7.028533803331367402e-02
7.023752503296419591e-02
-7.900988178585414967e-02
-4.480476049990333998e-02
-2.540008158562141391e-02
-9.084115474693779321e-03
3.375758722171739914e-03
2.563818810057427039e-02
-3.651655575844924440e-03
1.004094125513826409e-02
2.257382836510578306e-02
4.948697333183796343e-02
4.311659900847154836e-02
-9.632635441348508243e-02
-4.695058491317775223e-02
-9.509120379435295756e-02
-1.159858286468815336e-01
-2.866910245592587184e-02
2.835546730258812174e-03
1.623546653250691404e-02
3.609675064456784738e-02
-3.255444727803692012e-02
7.119788039262098245e-02
1.178547229891837717e-01
3.750060946205770879e-02
-8.071468609344482903e-02
7.669694665221281349e-02
-1.210941566307613057e-02
4.135003039274490200e-02
1.260086766484578569e-01
-1.080594623520328770e-02
9.044764508895376809e-02
-7.573346047773614823e-03
8.781271164162957749e-03
2.508418031293683723e-02
3.373381263449796649e-03
3.086488194231016835e-01
-4.042421202316540813e-02
8.911716860135128482e-02
1.541730244677087108e-02
-4.754774033930510117e-03
-7.922406001684148547e-02
-7.751403728114744651e-02
-3.299518419444045364e-02
-3.015167095036037567e-02
4.561885948823698328e-02
-4.982092852623999646e-02
1.838877827671587251e-01
1.804726265465910473e-01
6.671402591872217791e-02
2.291342314089964832e-02
-8.789202884429496432e-02
-3.121206231813923246e-02
2.063032211894747642e-02
8.050237642762250734e-02
-8.934573381594079766e-02
1.330838388980042919e-01
3.564024468405796453e-02
-4.913562014986318921e-02
-1.226146198445802983e-03
5.379784877417478385e-03
-5.605954480126056766e-02
-3.726885655275015419e-02
3.756538477416424687e-02
-8.701221542042987533e-02
-1.707335584079778396e-02
-3.895502603753581150e-02
5.133919097208452381e-02
