-2.239870093762874603e-02
1.767675727605819702e-01
-7.927130907773971558e-02
-4.215580597519874573e-02
3.636851161718368530e-02
4.256488010287284851e-02
-4.942385712638497353e-04
-2.828034944832324982e-02
-3.358968067914247513e-03
1.338307857513427734e+00
-1.055228188633918762e-01
1.195110976696014404e-01
8.329535275697708130e-02
-1.300077326595783234e-02
-2.626737207174301147e-02
-3.441352397203445435e-02
-8.907418698072433472e-03
1.208327054977416992e+00
-1.826442480087280273e-01
-8.099617063999176025e-02
-5.828824359923601151e-04
-3.692160546779632568e-02
-9.128694981336593628e-02
9.548757225275039673e-03
5.620563402771949768e-02
2.601282484829425812e-02
-6.974267214536666870e-02
3.587589366361498833e-03
2.206469886004924774e-02
6.352283060550689697e-02
-2.272750809788703918e-02
7.202421315014362335e-03
-1.302202581427991390e-03
5.146250873804092407e-02
7.881237566471099854e-02
-7.813763618469238281e-02
-1.186982635408639908e-02
5.586322396993637085e-02
5.393586121499538422e-03
-2.883047983050346375e-02
8.490244857966899872e-03
3.179410845041275024e-02
3.025489673018455505e-02
-5.909987166523933411e-02
-7.539663463830947876e-03
-4.183979239314794540e-03
-9.028536826372146606e-02
1.463973056524991989e-02
-8.389704674482345581e-02
-2.042383188381791115e-03
2.596015855669975281e-02
3.137849643826484680e-02
-2.098326198756694794e-02
8.579687215387821198e-03
-3.816885128617286682e-02
3.535477444529533386e-03
1.308469288051128387e-02
1.530672144144773483e-02
-7.988130673766136169e-03
-5.904856324195861816e-02
-3.635587927419692278e-04
1.886947639286518097e-02
-4.321617074310779572e-03
1.735218912363052368e-01
-6.730619072914123535e-02
-4.639330133795738220e-02
9.667551144957542419e-03
5.218613147735595703e-02
-3.646326437592506409e-02
9.934356808662414551e-02
2.884607017040252686e-02
3.486141189932823181e-02
8.600051701068878174e-02
3.851427510380744934e-02
7.085923850536346436e-02
-1.899399911053478718e-03
1.506697968579828739e-03
-3.933861851692199707e-02
2.274450659751892090e-02
1.175380125641822815e-01
-4.952332749962806702e-02
6.510637700557708740e-02
-6.872635334730148315e-02
2.927537448704242706e-02
4.940984025597572327e-02
-1.835524290800094604e-01
5.192041769623756409e-02
-5.870535597205162048e-02
9.956754744052886963e-02
6.167738884687423706e-02
-2.717739716172218323e-02
6.788783520460128784e-02
-2.605647593736648560e-02
-4.388453438878059387e-02
4.255708679556846619e-02
-5.537583678960800171e-02
-4.604806378483772278e-02
-2.796683274209499359e-02
-2.068999223411083221e-02
-2.675693109631538391e-02
2.779091335833072662e-02
3.026385605335235596e-02
-9.498757869005203247e-02
-2.568911947309970856e-02
7.499717921018600464e-02
-5.141041874885559082e-01
8.719700574874877930e-02
1.788777485489845276e-02
3.925577551126480103e-02
4.825792089104652405e-02
1.973745971918106079e-02
-1.060451194643974304e-01
4.396691545844078064e-02
-6.696920096874237061e-02
-2.818525396287441254e-02
1.897529885172843933e-02
-2.612415142357349396e-02
1.858861371874809265e-02
-2.510973624885082245e-02
-1.964876055717468262e-02
-1.272690948098897934e-02
-6.043428089469671249e-03
-1.520550809800624847e-02
-1.417712401598691940e-02
-8.037546277046203613e-02
2.747779153287410736e-02
-1.721399836242198944e-02
-7.973247766494750977e-02
3.591558337211608887e-02
-3.743581101298332214e-02
-3.480982268229126930e-03
8.187901228666305542e-02
-5.289874225854873657e-02
-6.208762060850858688e-04
5.592264980077743530e-02
7.521670311689376831e-02
1.497819554060697556e-02
-3.704816801473498344e-03
4.743973538279533386e-02
-1.236618869006633759e-02
-5.726790428161621094e-01
6.363955140113830566e-02
6.384561210870742798e-02
1.120821572840213776e-02
3.342470526695251465e-02
-2.181570790708065033e-02
-3.158254176378250122e-02
1.797217875719070435e-02
3.439654782414436340e-02
-4.221627116203308105e-02
-2.588571282103657722e-03
-4.548608791083097458e-03
5.978015810251235962e-02
1.605001837015151978e-02
-7.110750675201416016e-02
-7.308217231184244156e-03
-7.165145874023437500e-02
6.780552864074707031e-02
-2.061403210973367095e-04
-2.293945848941802979e-02
6.105766817927360535e-02
2.920132316648960114e-02
-3.836105763912200928e-02
-9.170646220445632935e-02
-1.047559157013893127e-01
-6.944219022989273071e-02
4.692627117037773132e-02
-3.489208966493606567e-02
1.174018085002899170e-01
6.607686728239059448e-02
7.404932379722595215e-02
-7.359500974416732788e-03
-1.504753436893224716e-02
-5.452515557408332825e-02
-6.725817173719406128e-02
-6.359629333019256592e-03
2.118491381406784058e-02
-3.653762117028236389e-02
5.697662010788917542e-02
-1.315431743860244751e-01
-8.251148276031017303e-03
-2.155216224491596222e-02
-6.028706952929496765e-02
-8.102094382047653198e-02
-8.283175528049468994e-02
-1.067207474261522293e-02
-5.335344001650810242e-02
1.408308558166027069e-02
4.943261668086051941e-02
1.817125640809535980e-02
-2.762204036116600037e-02
1.303490134887397289e-03
-2.355775237083435059e-02
7.378094643354415894e-02
5.030975118279457092e-02
6.300290673971176147e-02
-6.120785698294639587e-02
-9.369505941867828369e-02
-1.240501180291175842e-01
1.218668520450592041e-01
-1.871796441264450550e-03
-8.769865334033966064e-02
-4.147349298000335693e-02
6.013918295502662659e-02
1.635882854461669922e-01
-4.865335300564765930e-02
1.114171929657459259e-02
1.876849867403507233e-02
-7.291659712791442871e-02
3.149025607854127884e-03
-3.769019618630409241e-02
-4.654916375875473022e-02
-1.396387536078691483e-02
-1.421836018562316895e-01
2.766911499202251434e-02
6.434968113899230957e-02
-6.985560804605484009e-02
5.947677791118621826e-02
-1.033737882971763611e-01
7.150591164827346802e-02
6.848064810037612915e-02
4.226036835461854935e-03
-3.981639072299003601e-02
6.885146722197532654e-03
1.301380991935729980e-02
1.599435508251190186e-02
-6.470289546996355057e-03
-1.809058338403701782e-02
8.611216396093368530e-02
7.687759399414062500e-02
-4.738820716738700867e-02
-8.431026339530944824e-02
6.705226749181747437e-02
2.962864749133586884e-02
-7.801800221204757690e-02
-1.516610849648714066e-02
-8.249867707490921021e-02
-2.690209448337554932e-02
-7.542834430932998657e-02
1.848167739808559418e-02
6.450201850384473801e-03
3.027723170816898346e-03
6.111559458076953888e-03
7.206655293703079224e-02
5.782990902662277222e-02
-1.194419711828231812e-01
-5.695971846580505371e-02
-6.981842219829559326e-02
-8.093678951263427734e-02
-1.911085098981857300e-02
6.455230712890625000e-02
6.055183708667755127e-02
2.508582361042499542e-02
-8.799116313457489014e-02
3.014311380684375763e-02
1.917882859706878662e-01
1.198334842920303345e-01
-3.523106127977371216e-02
-6.660280283540487289e-03
-1.233717240393161774e-02
5.240359902381896973e-02
1.233972907066345215e-01
6.161938421428203583e-03
5.076380446553230286e-02
8.546341210603713989e-03
-8.823690563440322876e-02
1.519285142421722412e-02
6.312306504696607590e-03
3.379695713520050049e-01
-4.871053248643875122e-02
1.613701879978179932e-02
5.317359697073698044e-03
-3.526448085904121399e-02
-1.279569715261459351e-01
-7.333005964756011963e-02
-3.166665881872177124e-02
2.783569134771823883e-02
5.503160133957862854e-02
-6.304977089166641235e-02
1.380448490381240845e-01
1.677724868059158325e-01
3.274835273623466492e-02
5.188190378248691559e-03
-8.393114805221557617e-02
-1.067826151847839355e-02
-9.974072873592376709e-02
2.009889110922813416e-02
-9.946694970130920410e-02
1.517757177352905273e-01
4.100583493709564209e-03
-1.106159761548042297e-01
3.953273408114910126e-03
3.441407531499862671e-02
-3.358189389109611511e-02
-3.035736642777919769e-02
-6.801196373999118805e-03
-1.917899772524833679e-02
-3.252250328660011292e-02
-3.928392007946968079e-02
5.529014393687248230e-02
