-3.569664961106594481e-02
1.678576563237285380e-01
-7.132916240857661849e-02
-3.002572815343356946e-02
3.996988690202952360e-02
4.141248186438309387e-02
-2.303043784411992669e-03
-3.153791944724755603e-02
4.811831880226711752e-03
1.197932507616478182e+00
-1.153092555437447431e-01
1.157778925467503051e-01
7.713243960991834902e-02
-2.890761888646190339e-02
-2.652108830450654320e-02
-2.189811880439883687e-02
-9.914959093084520225e-03
1.173572359107974528e+00
-1.709458201049381398e-01
-6.051690775630603342e-02
-1.482073287286123087e-02
-4.228907508193484321e-02
-7.777805515022670479e-02
4.046451609377724884e-03
5.386408949906909549e-02
7.275855685768340894e-03
-7.295091470666301148e-02
2.936078015969921517e-03
4.439538213339607603e-02
6.896904787931087966e-02
-1.332724668878736488e-02
-5.066051326240114151e-03
5.989051913387473359e-05
5.238344319953634060e-02
7.227258212878003019e-02
-6.362836214142286728e-02
-1.146535073385537493e-02
5.465769804446279218e-02
-2.495787305757365265e-02
-1.409647397887581373e-02
4.537378643807468389e-04
1.163593687691373557e-02
3.880552950792293121e-02
-2.870140688470652207e-02
-3.166008242128998118e-02
-1.706185745982115309e-02
-6.659772881650954934e-02
3.083063890263730220e-02
-5.817884667413782823e-02
-1.091677937649380460e-02
2.189801612539236247e-02
2.849284328326631352e-02
-1.449848107196161431e-02
-9.929264657833881264e-03
-3.698491552232500285e-02
1.288349682302138317e-02
7.434215513958414116e-03
2.550534249389014782e-02
-3.304784084631783633e-04
-5.782959780763391455e-02
2.301741201040245592e-03
2.099078699842156850e-02
-1.084062911918121618e-02
1.631024362632839675e-01
-6.998300056386301538e-02
-4.950525548219744665e-02
2.225891029384988520e-02
4.441632364198448701e-02
-2.234633270258036888e-02
9.137632182441580986e-02
1.208280092181505602e-02
6.234576110608189975e-02
6.784758276188375403e-02
2.554425032424527744e-02
8.487964577926573884e-02
1.865208292027989824e-03
6.047027771335435585e-03
-2.533802830502585035e-02
3.058186770488198133e-02
1.147561512839023051e-01
-2.725097075237085248e-02
7.302102192878977271e-02
-3.691562221915198339e-02
3.130378376446361216e-02
2.551134545921978497e-02
-1.637975480934441841e-01
9.292591332024598139e-02
-1.141365010104015004e-01
8.168563747294482758e-02
5.535759321370504332e-02
-1.526264328179174380e-02
3.963729707823430981e-02
-4.255675737353472980e-03
-6.728560803762848042e-02
5.363972835682816187e-02
-6.541313364066378422e-02
-3.845397662468841987e-02
-5.262608370929543374e-03
-4.002341522115995809e-02
-1.698364736146408191e-02
1.956902585691791541e-02
4.602691648512350492e-02
-9.507318679092383040e-02
-5.296303989523174806e-03
5.453201393180815565e-02
-3.844554843131321453e-01
8.139810119369704500e-02
2.249218197035984801e-02
6.274054936413946126e-02
5.246931290133968057e-02
1.471461662403768245e-02
-1.162743981347321709e-01
3.715876109774737118e-02
-5.515715377560623939e-02
-2.832463002700387825e-02
1.050767115358230974e-02
-1.951599340225776066e-02
-1.145791902771615967e-02
-2.104229178981469051e-02
-3.385760850035517827e-02
1.419447482963900019e-02
-8.388964359906487048e-03
-2.431232763951362078e-02
-2.470562079106230699e-02
-1.049387259773198189e-01
4.790278680239982989e-02
-9.846826563557843984e-03
-7.471268610845403779e-02
5.117092935139404969e-02
-3.952961935720257503e-02
1.859880816820812591e-02
8.147169449331186086e-02
-2.685263631204095822e-02
5.142243218637643914e-03
4.798358766739583420e-02
6.351609141312598850e-02
1.629783173793865336e-02
-2.169969538093931283e-02
3.999592479545140133e-02
-1.189917329275165178e-02
-4.908695222903801669e-01
6.374083321900067545e-02
6.219506338570410242e-02
-9.961334316794526883e-03
3.094513100358641314e-02
-3.481296027242052841e-03
-3.436067051855522941e-02
1.594145669794893791e-02
3.282857452368160428e-02
-3.766479329403709525e-02
1.168606051045150036e-02
-1.307217826269605442e-02
7.596767901288389857e-02
1.051751581637363347e-02
-8.364524377218267304e-02
-6.904978488297358261e-03
-7.546611460555874284e-02
6.659473860349178487e-02
1.024771858767701237e-02
-1.548345698957735023e-02
6.805719819704880713e-02
2.457011455491044799e-02
-3.780360779769018076e-02
-8.480222079965328563e-02
-1.320744232665459761e-01
-5.463304506544529315e-02
3.159395463675553073e-02
-3.141875670368694112e-02
9.030054636050305339e-02
6.873907695720411770e-02
7.731403118941437835e-02
-1.578752333668424161e-03
-4.425045948104086579e-02
-5.270356128059413420e-02
-7.387983915639168009e-02
-6.796279612024418680e-03
2.546172144670132143e-02
-4.024482121150729091e-02
5.173170197996378866e-02
-1.269985141295929543e-01
2.877319641470153615e-03
-3.260794739116385649e-02
-5.638843534263894564e-02
-6.744278705724411627e-02
-7.853235015797140062e-02
-1.498976380462643289e-02
-6.592428976981309918e-02
2.843483465334124827e-02
6.415092816212071558e-02
7.865525567653625441e-03
-3.252225549934734117e-02
1.268607013723444844e-02
-1.827616443402770713e-02
5.162138966588792482e-02
4.050215233229002149e-02
1.959315542343900707e-02
-5.345567248117678166e-02
-1.077816221688242398e-01
-1.261140421765689357e-01
1.192638999125515409e-01
2.162885688393718225e-02
-8.852891777409063745e-02
-3.882872995465374427e-02
6.739474329967892752e-02
1.442277909616508924e-01
-7.802126915980243937e-02
2.087600313883211309e-02
1.783838998556523670e-02
-6.996812462975453284e-02
-5.051401724209918231e-03
-1.444628883209832758e-02
-7.220562039036373947e-02
-1.332702880894436059e-02
-1.374667941101799240e-01
2.934019802763345591e-02
5.324657294541011027e-02
-5.477616457427220142e-02
5.169026473993701409e-02
-9.416412196366658049e-02
7.307548688080853228e-02
5.759186335089141323e-02
2.161377308744973774e-02
-4.941093104073918107e-02
-2.416704435845275223e-02
8.417591298215656905e-04
3.404500770463194520e-02
8.070098461854458699e-03
-2.544654749303746147e-02
9.181517690681226251e-02
5.894043439570810505e-02
-4.953488213211384300e-02
-7.604407720243162860e-02
7.629386266842161368e-02
3.570509683762283781e-02
-8.519520591418254518e-02
-1.886226747262106929e-02
-8.480584712163798111e-02
-1.870065948171404160e-02
-6.008647235244034962e-02
2.051115207207637389e-02
-1.032168253346153579e-02
1.871996313493091285e-02
4.902277997870367089e-03
6.973051038258057388e-02
3.216564379676953300e-02
-1.124105220076472567e-01
-1.773932853579616650e-02
-5.853688085661017809e-02
-9.620247554777096310e-02
-4.219710474452741805e-02
7.226058120685277530e-02
7.600503914504390390e-02
2.023010460516445896e-02
-9.043499074546601513e-02
3.302968513187150290e-02
2.040222241847547413e-01
1.090116866139753393e-01
-3.748587888180738431e-02
8.011570802073502209e-03
-2.099943582644238707e-02
3.352361372722750116e-02
1.133023968666013598e-01
9.458485795796960430e-03
5.534415979441920097e-02
-1.881269417351433878e-03
-1.127137706792513822e-01
3.549156457401575482e-02
8.641930996822620031e-03
3.091790303543585638e-01
-8.658701233382229412e-02
1.230768798091841365e-02
-1.795579873378052443e-03
-3.833232203694632995e-02
-1.006947071246127590e-01
-7.130364291891912176e-02
-3.462969953297781456e-02
1.383160095984936264e-02
4.295887778918255212e-02
-7.965032418917844526e-02
1.293515663467061927e-01
1.688540534025398387e-01
2.860215885966959498e-02
8.973726936592176656e-03
-8.913572565868432829e-02
4.950534000455033071e-03
-8.451374788751718492e-02
3.297811522696207642e-02
-9.486952172940217587e-02
1.511159695366514066e-01
1.926113534291141668e-02
-7.823806210795652971e-02
1.285763673958632489e-02
1.089520050675545776e-02
-4.200658259583427145e-02
-2.562460541209122394e-02
-7.962730030025145025e-03
-2.875061767683308525e-02
-3.917158267036420505e-02
-3.844196568529711922e-02
3.874929647350004031e-02
