6.399070792335872018e-03
1.129615465857352063e-01
-3.673783387676254203e-02
-7.702661121223365603e-02
3.882499129802902821e-02
2.512971603995761347e-02
-1.256604549819776220e-02
-2.593679642527629142e-02
-2.412005431889370152e-02
1.577800739281010278e+00
-1.127156871778285940e-01
4.270351551792292422e-02
1.078388618532335752e-01
-4.096425085640766073e-02
-7.220767932745987550e-02
-2.839792705575445650e-02
-4.452106070235874874e-02
8.234270847958494732e-01
-1.119639016545653926e-01
-6.290497332788441698e-02
-1.172008683114958774e-02
-4.621316248324374570e-02
-3.180196599253030248e-02
-1.994639197727897731e-03
3.404504787337618577e-02
7.534204889786873596e-03
-6.535214149968911201e-02
8.244187915197882799e-03
-4.422182761708904480e-03
4.797719524715687162e-02
3.231804157807997846e-02
5.179974884419439457e-02
-4.687718398055940039e-02
6.234439873036885793e-02
5.976327322183110080e-02
-7.671489940396199192e-02
-2.902268913571982509e-02
-5.193707355902464282e-03
-3.219307479808920097e-02
-1.469081945457759164e-02
-4.300021368405305966e-02
4.112541491060265481e-02
3.174751338306723569e-02
-5.132704926715406235e-02
1.468244589682742712e-02
-1.962844039943822602e-02
-4.428059758722446143e-02
3.646464369868657879e-02
2.347094363055421753e-02
1.818782936646726189e-02
-1.301306575673613934e-03
3.997893611144540116e-02
-5.772068663251900267e-02
5.548177357555107540e-03
8.352342288789688790e-03
2.478769456426630283e-02
3.420794213638506109e-02
-4.199353902160177926e-02
1.000121006886988372e-02
-2.236553443891195481e-02
-1.374278907728185978e-02
-5.842348357839880803e-03
-2.439007788838578467e-02
1.442954062159442774e-01
-4.275967221984040834e-02
-7.907383998443883594e-03
8.671634370393074831e-03
3.457825579072814747e-03
6.474785382940000285e-03
8.073983519950390930e-02
1.312532835609060613e-03
5.223431853643085987e-02
3.659661619210107658e-02
-2.967566341298613977e-02
8.881445857026094848e-02
-3.568066976239545052e-02
3.561616888363219012e-03
-2.170637711354473851e-02
-1.156906326964911302e-02
1.018983367953179425e-01
-1.032726791984450547e-02
6.037478124937320501e-02
-4.468121274762487660e-02
1.694567491672015203e-02
2.917878008709074572e-02
-1.920175556257563421e-01
1.615282957957675514e-02
-1.377662118868296648e-01
8.465738705405793929e-02
4.236516502300746723e-02
-7.745107550563361601e-03
-3.335065957910457457e-02
2.445877697193139105e-02
-1.984598640915100423e-02
1.382052931801619200e-01
-5.701682462885519082e-02
1.983571166204615988e-03
-1.635436136412640046e-02
-3.704338875329275110e-02
-1.572727329589709844e-02
9.791725852866280458e-03
2.967042381837053933e-02
-9.326563293937327470e-02
1.902647463673188752e-02
2.093475947982062144e-02
-4.809076876533552869e-01
-2.426595825780482329e-03
3.348386607050330560e-02
7.719907059189280718e-02
-5.318644754988851794e-03
-6.295465154038466966e-03
-5.497567443931310194e-02
3.025910288320429742e-02
-8.671413523928435396e-02
-5.379164684434983856e-02
-3.652820438850946927e-02
2.084509385645028079e-02
-2.898262337577137138e-02
-2.917903472159542877e-02
-6.454841053747049917e-02
4.571749683260792341e-02
3.094562688873511713e-02
-8.516198776417219576e-03
5.383343628402230407e-02
-8.128478568497569945e-02
6.808333160965361619e-02
2.701693803914612460e-02
-4.671107414079266745e-02
4.564162227930213672e-02
1.563586236519257577e-03
2.198104776274728903e-02
-3.811856662659372785e-02
-4.518061630220764763e-02
-2.916417451306570208e-02
1.836750175815331926e-02
1.984992181806633643e-02
-2.345469599042845910e-02
-1.951482280990298954e-02
3.695334689111901862e-03
-5.696957768619293101e-03
-5.746075964759211896e-01
4.607924105650493957e-02
8.440138796959303913e-02
-1.325994247845713701e-02
1.684728969383687477e-02
5.610791002893274898e-02
2.121962163023225802e-03
-2.598341902372033885e-02
1.863676305640381628e-02
-3.134382628588596592e-02
-1.594512290828853721e-02
-3.441290985447546802e-02
1.131696939705892219e-01
1.408284692919666882e-02
-6.988892529509396767e-02
3.862393776931189598e-02
-4.749210672210020523e-02
-2.234562724391760472e-02
-1.735458528579236770e-02
4.684757129348269405e-02
2.753242437433560050e-02
1.014231675900366695e-03
-1.514819199316294607e-02
-3.288087197614343593e-02
-1.011665172288578607e-01
-8.666697562319901349e-02
3.882502720802327723e-02
-6.841510486266765001e-03
1.053822722047556004e-01
2.776814737022885449e-02
2.430205106657122582e-02
2.770526570575178316e-02
2.562142832668097558e-02
1.076018412007299224e-02
-5.122231287210588652e-02
3.405731929777496697e-02
1.500994014757205640e-02
-1.568141949778449618e-02
1.142659281587005485e-02
-9.350435605205888179e-02
2.860992986817297370e-02
-4.353602997280555525e-02
-4.983796627103516397e-02
-8.247650781234330819e-02
-1.158384676137294393e-02
-3.018916653712952480e-02
-3.073837725373735480e-02
1.989828115441412415e-02
5.718487687285636611e-02
-1.644389314115453360e-02
-4.585106242394915849e-02
2.720322603113655216e-02
-2.689072257071892236e-02
7.362985221065580788e-02
-1.047089218622291023e-03
6.268875598795889403e-02
-2.392572738500862300e-02
-8.170723738642517164e-02
-7.265944011330739694e-02
1.072121345172192403e-01
2.440612353479388544e-03
1.109252377163270215e-02
-4.030369304126468072e-02
3.285358690960313299e-02
1.434377841459908709e-01
-3.293247137333607522e-02
5.211734662697815879e-02
-1.248734956193463252e-02
-3.745015431634474840e-02
-2.649966191719776900e-03
-7.036502979249821023e-03
5.086912665274769159e-03
-9.982540136404701586e-03
-9.880037506226140021e-02
2.230584223483329104e-02
7.243910291767789722e-02
-5.041931643249693978e-02
5.744632121826757920e-02
-6.290013527229543211e-02
5.852790412872482112e-02
3.592381959800863833e-02
2.013471949371556814e-03
-1.918073091385111284e-02
-2.606033986367678294e-03
1.561226337794843246e-02
3.504609772490990816e-02
4.935940928425087450e-03
5.382382872828790632e-02
3.389432709841814356e-02
5.159376911717512143e-02
-8.137231466368814725e-02
3.392984208273161495e-02
6.295524731983472358e-03
4.566853192317528454e-02
-8.848393645409204089e-02
-4.621165099894030542e-02
-4.456781225032760418e-02
-9.401050415647083797e-03
-1.581772241005107923e-02
5.702153210264690464e-02
1.948433196023961755e-02
3.136924403272525752e-02
1.357942961662019984e-02
2.085836586387066968e-02
8.932251316891309800e-02
-7.918373109593437875e-02
-6.637246685677286942e-03
-7.475988096790153747e-02
-9.270255117135006717e-02
-3.505509481074205874e-02
6.970635235523597872e-02
3.125176611880812333e-02
-9.806742963586795227e-04
-2.011788872425135724e-02
3.367499538262765102e-02
1.494506058159670026e-01
6.035646062321572969e-02
-3.060821331821509533e-02
-1.887223141779238722e-02
3.447838683217335082e-02
8.500402296401039781e-02
8.153093890192616988e-02
-3.099096488874848732e-02
1.423365747914034085e-01
3.088861487604549136e-02
-9.848549011631599348e-02
1.552961326163661455e-02
-4.508555275379251548e-02
1.752312917026027650e-01
-5.270051513996697190e-02
-4.757647806972733692e-04
-1.577898205534495474e-02
-4.578445591370486345e-02
-7.716157402880571836e-02
-5.033579305041585572e-02
-1.050152769603357288e-02
5.245726247118843652e-03
6.209390366865902983e-02
4.282797710958549491e-03
9.458142083233046782e-02
1.948976546882417171e-01
3.283770489850974111e-02
7.333031715497990988e-02
-8.176671739508327430e-02
-2.087445027674983758e-02
-4.888621349638090294e-03
5.221918410612685912e-02
-4.561550265530249504e-02
1.024954873542498202e-01
-7.121212370504642619e-02
-1.234509473134832308e-01
4.391866401972140121e-02
-3.047677621016941715e-02
-2.382293502646736297e-02
-3.001683121017777525e-02
4.652292209364616155e-02
-2.327218834146910220e-02
-3.137599837618923471e-02
-4.211537836754785519e-02
-4.038722376857186748e-03
