-2.337501157641184990e-02
1.346225707834597385e-01
-2.653973844377062203e-03
-3.232675216750741792e-02
1.081161199108343109e-02
5.669683209301738282e-03
-3.205173613822145245e-02
-2.384898475265888676e-02
-1.710520106039402008e-02
1.899246761468948774e+00
-1.261232036803495160e-01
1.892910253979845914e-02
1.088671694657272482e-01
-6.245625362807134123e-02
-9.231417352746980332e-02
-5.474425823232725863e-02
-5.541703605984663050e-02
8.546414277373055590e-01
-1.674563512253121333e-01
-5.138611751917149251e-02
2.011082975582867763e-02
-6.549898021491760980e-02
-2.752928752635125376e-02
-2.980700291497498031e-02
4.037446019178282317e-03
5.939300145303196346e-03
-7.971330890078349996e-02
4.047440288257693995e-03
-1.200138169713327145e-02
1.535380630830374300e-02
8.258673377944466751e-03
8.775739681001296089e-02
-5.820231345772596682e-02
4.041070443884980934e-02
6.583989427248471138e-02
-8.213801687286559350e-02
-1.999873216410424231e-02
6.543111797586292910e-03
-9.673732258253756044e-03
-4.849290300977160406e-02
1.221323218882180636e-02
5.281932504400362743e-02
4.805427899720107754e-02
-6.544902130123431139e-02
3.278999097331606466e-02
1.157659169563112281e-02
-7.018964814709516276e-02
3.670106447825363660e-02
2.104756933276161202e-02
1.424116295440002247e-02
-1.188284862158749122e-02
4.344693006818228093e-02
-5.165302807108813204e-02
2.028268576680030549e-02
-9.866687373813132211e-03
2.952659317948047590e-02
7.876227451059227697e-03
-5.737168933185777392e-02
1.690572178145516649e-02
-4.398040308403037418e-02
-2.380459524673855451e-02
1.903961881753304594e-02
8.181595923872454074e-03
1.280702023318102400e-01
-2.543544215687356183e-02
9.990696204878250081e-03
-1.132481634082271871e-02
2.253261710395888448e-02
-1.421325955848281274e-02
7.983332300782815250e-02
9.528105505746779780e-03
5.480981148774687756e-02
6.794123845170040032e-02
-6.796946258583252791e-03
1.093018816323690218e-01
-6.819902909840518113e-02
1.516956002262134263e-02
-2.844856137423704481e-02
-2.396714902069655567e-02
1.418672564015303339e-01
-4.097630431816870478e-02
5.268334530137179506e-02
-6.801553700335734309e-02
-2.218788070880208310e-02
4.216326445690954383e-02
-1.607446579301577139e-01
-5.479211867272844316e-02
-1.606019087049949390e-01
9.401875044555262073e-02
7.052769793781273056e-02
-1.800646881407471159e-02
-1.930347116786555739e-02
1.815803626819552027e-02
-1.829354857839010379e-03
1.064737628913225015e-01
-8.349913371840395060e-02
-5.791560830238511037e-03
-3.065310535325109151e-02
-3.343142762167405913e-02
-6.699920627983080301e-02
3.681162633893866627e-03
6.661990972043058123e-02
-6.041772441212513861e-02
-3.301541275252225377e-02
4.107661664525185524e-02
-6.277522421905233907e-01
1.716837405701970160e-02
4.818632037291481485e-02
6.209347301478725795e-02
1.716304499572269410e-02
-1.308173160260185826e-02
-5.096606814451520168e-02
2.988244849942120474e-02
-8.302018454153059501e-02
-5.022560543705741759e-02
-2.339405198920150100e-02
1.974047408496221873e-02
-2.905956850244247741e-02
-3.565422798673017341e-02
-6.833921904809592274e-02
4.559873705987887993e-02
3.359147516213872170e-02
-2.264988628860607409e-02
6.284598039531338019e-03
-7.103309517131285722e-02
6.175796260879970467e-02
1.493102361418283119e-02
-5.478466627472180356e-02
2.429235602232261010e-02
-2.610604153375230795e-03
2.081864965779536315e-05
-1.825788447796508965e-02
-5.600493677608307797e-02
-2.853808960402677564e-02
2.759540269523267156e-02
3.389320777306858989e-02
-1.017092456067450641e-02
3.096396118451649401e-02
1.962648853030861049e-02
-1.110290776392415524e-02
-7.089901698361724680e-01
6.660590663805511513e-02
1.094111149572439268e-01
-6.682337875070439720e-03
3.175019580446435119e-02
1.813579013081849378e-02
-1.502885125607648920e-02
-1.367006245613428331e-02
2.721060634566651107e-02
-2.120963744110218596e-02
-4.046014619324084238e-02
-1.944319202755721843e-02
1.085591878466823784e-01
9.852172933611810443e-03
-7.115487292414912623e-02
6.103416502802314070e-02
-7.332914982407036375e-02
1.622332843773550623e-02
-1.854500402376450460e-02
1.114735445572776970e-02
8.573513159078409787e-03
3.019139274750129876e-03
-1.195274966169825905e-02
-7.432133484435786246e-03
-1.288105887914236525e-01
-1.248519067954837053e-01
4.259111763268132872e-02
-5.103122026997094357e-02
1.454384269616196823e-01
1.109705739943028617e-02
3.291227925519726177e-02
2.185941991329546155e-02
1.179904229524947508e-02
5.669367858162778495e-03
-3.307715361572317186e-02
3.939770541461005277e-02
-1.011384227500865610e-02
6.401497587889497633e-04
4.264435188854904385e-02
-6.295035955035678532e-02
-1.034210594397960876e-02
-1.531050084782298662e-02
-8.155940844827176683e-02
-7.124232588652242015e-02
-4.943385776644895063e-02
3.151629020940018358e-03
-2.740243929186412380e-02
-4.564089051488484823e-03
3.909585345922811372e-02
-2.674773551858506022e-03
-1.647860290557594254e-02
2.852521366369857939e-02
-1.597962043637423876e-02
7.532313703840748387e-02
-1.439465483781035907e-02
6.597629835094609430e-02
1.592948582113650619e-02
-7.443126268764130304e-02
-9.562766615505910450e-02
8.875936641780785008e-02
2.458290506355701940e-02
-3.144472083330327600e-03
-2.398972501287859396e-02
1.378073620224312332e-02
1.847802460214272580e-01
-3.917151369793187184e-03
4.938373641170589606e-02
-4.268096079921956248e-02
-1.814028378095105393e-02
1.640652051409134324e-02
-1.339945305498458847e-02
-9.422599312253726437e-05
-1.577149034222260354e-02
-9.572384452292771739e-02
5.540199202863927558e-02
7.161808189384474832e-02
-8.077279590422570266e-02
1.505711931559722792e-02
-7.919614960850776542e-02
3.213394457495128559e-02
4.312490558527792145e-02
6.278487023439038167e-03
-1.245482597006353220e-02
2.857724452967465301e-02
-2.109413521737027106e-02
1.925522285799516689e-02
1.399669081703317983e-02
9.817407231700941983e-02
4.910484831797520822e-02
4.214827015255721843e-02
-9.870193282848685468e-02
4.703526965375044722e-02
2.648563189598765119e-02
1.439560296317953132e-02
-5.969948297861686626e-02
-4.760492061419216436e-02
-5.520070103461562072e-02
-7.350434747969977062e-03
-9.757481191513261987e-04
6.550372747201080315e-02
6.800733372983980285e-03
4.718491102101989715e-02
1.167962491046514034e-02
5.131817405958693373e-02
9.781006510796801112e-02
-5.172476071702571121e-02
-1.659508972103738295e-02
-4.817327536127952864e-02
-9.420198396095431914e-02
-1.874792440107119276e-02
6.481270320382037653e-02
5.794574277653117417e-02
6.815845778616996462e-03
-3.992282763393736195e-02
5.688029518073311336e-02
1.473024149164228191e-01
5.881082429780906673e-02
-2.083911104136680278e-02
-3.157981502352517900e-02
2.850761035701919466e-02
6.502108524737081063e-02
1.348696933621994776e-01
-4.052524196159421055e-02
1.307183098576607805e-01
2.098339351122622751e-02
-6.669527574190876884e-02
2.033906607502936406e-02
6.018052565608684318e-03
2.014061614198955907e-01
-5.519450506847931731e-02
7.994347793708288241e-02
-1.189088448135977583e-03
-4.633238718819802926e-02
-1.008435889115106981e-01
-4.574555062665915106e-02
8.167499189253355331e-04
1.074101228865954015e-02
8.100804370998512804e-02
-1.065030553240567911e-02
1.244257675386485074e-01
1.860155008817698519e-01
4.388533528259069144e-02
2.571348820919247199e-02
-6.513444258608924731e-02
-1.798256677242529925e-02
-2.950319503662866827e-02
6.734962148183164243e-02
-4.445309993766506651e-02
1.115541501317138390e-01
-4.962474258727739285e-02
-1.645523957152265349e-01
6.077376206386763541e-02
3.688501074524404288e-02
-1.953987926690893551e-02
-3.015198462928324677e-02
1.627319121283242465e-02
-5.441327131258529362e-03
-9.693104183410251526e-03
-2.629242980371497562e-02
2.545148072518144469e-02
