-2.204316854476928711e-02
1.631428301334381104e-01
-8.798563480377197266e-02
-2.912425994873046875e-02
4.434872046113014221e-02
3.879409655928611755e-02
-4.406912717968225479e-03
-2.544508501887321472e-02
7.119271904230117798e-03
1.373242497444152832e+00
-1.134818419814109802e-01
8.817069977521896362e-02
8.828646689653396606e-02
-1.655588299036026001e-02
-3.262533992528915405e-02
-3.872943297028541565e-02
-3.740917891263961792e-02
1.152417182922363281e+00
-1.708836555480957031e-01
-6.021630018949508667e-02
-1.157269999384880066e-02
-3.120897337794303894e-02
-8.287286758422851562e-02
1.248889719136059284e-03
3.267381340265274048e-02
1.308140717446804047e-02
-6.928514689207077026e-02
-8.697422221302986145e-03
4.476049914956092834e-02
4.361696913838386536e-02
-2.311273291707038879e-02
3.027142398059368134e-02
3.662906354293227196e-03
6.313437968492507935e-02
9.095076471567153931e-02
-7.013405859470367432e-02
2.632469171658158302e-03
3.869542479515075684e-02
-2.061238139867782593e-02
-3.796562552452087402e-02
5.710634868592023849e-03
2.555747888982295990e-02
2.575412951409816742e-02
-2.584896981716156006e-02
-1.919392123818397522e-02
-6.602970417588949203e-03
-7.951760292053222656e-02
1.907149329781532288e-02
-4.605432972311973572e-02
8.038232917897403240e-04
1.523345243185758591e-02
5.110002681612968445e-02
-2.665093354880809784e-02
7.557971403002738953e-03
-2.369826659560203552e-02
5.881676916033029556e-03
1.684224791824817657e-02
7.417635992169380188e-03
-5.316504742950201035e-03
-6.404361873865127563e-02
4.998466465622186661e-03
8.757397532463073730e-03
-1.502841245383024216e-02
1.534448564052581787e-01
-5.106865242123603821e-02
-3.720413520932197571e-02
7.730550132691860199e-03
4.832782596349716187e-02
-1.245314069092273712e-02
7.976727187633514404e-02
3.844052553176879883e-02
6.550960987806320190e-02
7.345803827047348022e-02
1.096741482615470886e-02
7.602380961179733276e-02
5.823696032166481018e-03
-1.009001024067401886e-02
-3.415850549936294556e-02
2.922220714390277863e-02
1.193445324897766113e-01
-2.900952473282814026e-02
5.829191207885742188e-02
-6.094956770539283752e-02
2.776367031037807465e-02
4.248318821191787720e-02
-1.806122064590454102e-01
7.332199066877365112e-02
-8.745525777339935303e-02
1.028042063117027283e-01
5.138429626822471619e-02
-3.473880514502525330e-02
5.504169687628746033e-02
-8.887967094779014587e-03
-4.569185525178909302e-02
4.566532373428344727e-02
-4.396739602088928223e-02
-4.635912179946899414e-02
-1.417448278516530991e-02
-3.149340674281120300e-02
-9.463850408792495728e-03
2.733642235398292542e-02
3.777650371193885803e-02
-9.506978094577789307e-02
-1.881972886621952057e-02
5.625209957361221313e-02
-5.133193731307983398e-01
8.805088698863983154e-02
2.749329619109630585e-02
4.077121242880821228e-02
5.085265263915061951e-02
1.122228452004492283e-03
-1.121827214956283569e-01
3.400401026010513306e-02
-5.246692150831222534e-02
-2.940563485026359558e-02
7.087353616952896118e-03
-1.875257492065429688e-02
6.810126360505819321e-03
-2.962779439985752106e-02
-3.967433422803878784e-02
2.612126059830188751e-03
-1.137818582355976105e-02
-1.921305432915687561e-02
-4.370409995317459106e-03
-9.047809988260269165e-02
3.398237377405166626e-02
-1.426622271537780762e-02
-9.002902358770370483e-02
2.668429911136627197e-02
-3.827831149101257324e-02
6.991812493652105331e-03
6.388881802558898926e-02
-3.938613459467887878e-02
-3.198323072865605354e-03
4.627670347690582275e-02
6.884360313415527344e-02
2.169013721868395805e-03
-2.545784600079059601e-02
3.270038217306137085e-02
-1.318580005317926407e-02
-5.890579223632812500e-01
6.517992168664932251e-02
6.306928396224975586e-02
2.534870523959398270e-03
3.580932691693305969e-02
-2.054921351373195648e-02
-7.183756679296493530e-03
8.118915371596813202e-03
4.216070100665092468e-02
-2.871138602495193481e-02
4.401890560984611511e-03
-1.031357143074274063e-02
7.240959256887435913e-02
1.737189106643199921e-02
-7.703899592161178589e-02
-2.237193752080202103e-03
-7.859152555465698242e-02
5.309092998504638672e-02
-7.747149094939231873e-03
-1.080058235675096512e-02
4.132034257054328918e-02
3.691878542304039001e-02
-4.403014108538627625e-02
-7.986888289451599121e-02
-1.193799003958702087e-01
-7.902239263057708740e-02
3.837197273969650269e-02
-2.405604720115661621e-02
1.075375229120254517e-01
5.725071206688880920e-02
7.452698796987533569e-02
-6.212940206751227379e-04
-4.064695443958044052e-03
-4.997239261865615845e-02
-6.111432611942291260e-02
6.281931418925523758e-03
2.537691779434680939e-02
-3.891387954354286194e-02
4.964857921004295349e-02
-1.108271926641464233e-01
-6.170928012579679489e-03
-3.301484882831573486e-02
-4.777744784951210022e-02
-8.193945884704589844e-02
-6.444346904754638672e-02
-2.601770218461751938e-03
-5.725838243961334229e-02
1.446970459073781967e-02
4.299425706267356873e-02
2.400898840278387070e-03
-1.513314060866832733e-02
8.008046075701713562e-03
-4.422531276941299438e-02
4.936085268855094910e-02
6.232830509543418884e-02
5.621350929141044617e-02
-5.260650813579559326e-02
-9.514785557985305786e-02
-1.202927902340888977e-01
1.213740259408950806e-01
-8.566346019506454468e-03
-8.405936509370803833e-02
-5.110061168670654297e-02
4.928287491202354431e-02
1.570461690425872803e-01
-5.485960096120834351e-02
5.824010819196701050e-03
1.577825285494327545e-02
-4.589371755719184875e-02
1.710539311170578003e-02
-5.090812593698501587e-02
-4.516535624861717224e-02
-3.812872571870684624e-03
-1.300071477890014648e-01
2.452694252133369446e-02
5.365472286939620972e-02
-6.889752298593521118e-02
5.912874266505241394e-02
-1.091767996549606323e-01
5.041549727320671082e-02
6.446253508329391479e-02
1.294709462672472000e-02
-4.091737046837806702e-02
-1.234048791229724884e-02
1.011492777615785599e-02
2.019541524350643158e-02
-5.894476082175970078e-03
-5.274884402751922607e-03
7.911270856857299805e-02
7.388192415237426758e-02
-5.574842914938926697e-02
-5.565148591995239258e-02
7.195118814706802368e-02
4.151173681020736694e-02
-9.573007375001907349e-02
-2.929970435798168182e-02
-7.379342615604400635e-02
-2.984299696981906891e-02
-7.677223533391952515e-02
4.035726189613342285e-02
2.496661618351936340e-02
1.425298582762479782e-02
1.291361823678016663e-02
6.739877164363861084e-02
5.192572996020317078e-02
-1.150693744421005249e-01
-2.736110612750053406e-02
-7.988663762807846069e-02
-9.411065280437469482e-02
-2.913451939821243286e-02
8.065763115882873535e-02
4.375677555799484253e-02
2.232323400676250458e-02
-8.993314206600189209e-02
3.064669854938983917e-02
1.935379058122634888e-01
1.161908954381942749e-01
-4.206196963787078857e-02
6.671068724244832993e-03
-7.201989181339740753e-03
4.325190559029579163e-02
1.097076758742332458e-01
4.040642641484737396e-03
6.800267100334167480e-02
2.321197465062141418e-02
-8.896577358245849609e-02
2.556273713707923889e-02
1.691143773496150970e-02
3.193202316761016846e-01
-6.066233292222023010e-02
2.321612462401390076e-02
-3.886871272698044777e-04
-2.691361494362354279e-02
-1.181601062417030334e-01
-6.213328987360000610e-02
-4.166197776794433594e-02
1.014477340504527092e-03
5.783272162079811096e-02
-6.553070247173309326e-02
1.531472951173782349e-01
1.719294190406799316e-01
3.489695116877555847e-02
8.033330552279949188e-03
-8.446861058473587036e-02
3.005655249580740929e-03
-9.564130753278732300e-02
3.685326129198074341e-02
-9.235848486423492432e-02
1.599770486354827881e-01
4.766455851495265961e-03
-9.297840297222137451e-02
6.556696258485317230e-03
1.242320332676172256e-02
-4.456160962581634521e-02
-2.432612888514995575e-02
-1.256038900464773178e-02
-3.679228946566581726e-02
-4.824214428663253784e-02
-2.178607322275638580e-02
5.033908784389495850e-02
