-3.695351630449295044e-02
1.589374393224716187e-01
-9.564046561717987061e-02
-2.970094047486782074e-02
3.854350000619888306e-02
5.488807708024978638e-02
-4.465238656848669052e-03
-4.857911914587020874e-02
-1.867954502813518047e-03
1.217809557914733887e+00
-1.033647283911705017e-01
1.024519130587577820e-01
8.780030161142349243e-02
-3.712297230958938599e-02
-3.323849290609359741e-02
-2.101297490298748016e-02
-3.311560302972793579e-02
1.133511066436767578e+00
-1.772434115409851074e-01
-5.944066122174263000e-02
5.707117263227701187e-03
-2.472464367747306824e-02
-9.296971559524536133e-02
1.455755159258842468e-02
3.845198079943656921e-02
2.124188235029578209e-03
-7.501399517059326172e-02
-1.212909631431102753e-02
5.464710667729377747e-02
5.503437668085098267e-02
-2.328378893435001373e-02
1.087607815861701965e-02
-2.898219972848892212e-03
6.186048686504364014e-02
1.001693308353424072e-01
-7.245378941297531128e-02
2.170500718057155609e-02
5.396523699164390564e-02
-1.652125827968120575e-02
-2.441250719130039215e-02
5.578432697802782059e-03
-3.201030660420656204e-03
4.236651211977005005e-02
-2.704424597322940826e-02
-3.901610523462295532e-02
6.860791239887475967e-03
-8.095645904541015625e-02
2.930079400539398193e-02
-3.215079382061958313e-02
-1.329211052507162094e-03
2.095447666943073273e-02
5.330543965101242065e-02
-8.189434185624122620e-03
4.584435373544692993e-03
-2.374892309308052063e-02
2.033359371125698090e-03
1.310560014098882675e-02
1.306565292179584503e-02
6.500699091702699661e-04
-5.619824305176734924e-02
-1.223517581820487976e-02
-2.797848137561231852e-04
4.457973409444093704e-03
1.422203332185745239e-01
-5.153595283627510071e-02
-3.018392063677310944e-02
1.625117659568786621e-02
4.693765938282012939e-02
-1.684794388711452484e-02
7.257809489965438843e-02
2.425103075802326202e-02
7.214839011430740356e-02
4.092951118946075439e-02
8.528706617653369904e-03
9.184495359659194946e-02
7.604411337524652481e-03
-9.174926206469535828e-03
-3.010135516524314880e-02
3.148357942700386047e-02
1.054536774754524231e-01
-3.551233559846878052e-02
5.202729627490043640e-02
-5.780416354537010193e-02
3.874844685196876526e-02
2.153440564870834351e-02
-1.819685101509094238e-01
1.115156784653663635e-01
-1.230504810810089111e-01
8.749133348464965820e-02
4.055786877870559692e-02
-3.163800388574600220e-02
4.659596085548400879e-02
-1.203216984868049622e-02
-6.272756308317184448e-02
5.304132029414176941e-02
-4.131590947508811951e-02
-4.949880763888359070e-02
-1.227139588445425034e-02
-3.902733698487281799e-02
-2.353374613448977470e-03
3.308669477701187134e-02
2.852257899940013885e-02
-8.841080218553543091e-02
-4.363611340522766113e-03
4.578305035829544067e-02
-3.858749270439147949e-01
9.444922208786010742e-02
2.161327563226222992e-02
4.440655931830406189e-02
5.676560476422309875e-02
1.413606572896242142e-02
-1.174769178032875061e-01
4.665149003267288208e-02
-5.527530983090400696e-02
-3.431695699691772461e-02
6.775878369808197021e-03
-1.355799473822116852e-02
2.770417602732777596e-03
-2.643688209354877472e-02
-5.063753947615623474e-02
-2.494195243343710899e-03
-2.342589385807514191e-02
-1.368667464703321457e-02
-1.677610538899898529e-02
-8.391804248094558716e-02
4.028670117259025574e-02
-9.036633186042308807e-03
-6.388478726148605347e-02
3.626270964741706848e-02
-3.734985366463661194e-02
2.538606710731983185e-02
8.143683522939682007e-02
-4.393377155065536499e-02
-8.016978390514850616e-03
3.770288452506065369e-02
7.486763596534729004e-02
1.232987269759178162e-02
-2.330227941274642944e-02
4.177736118435859680e-02
-1.640611514449119568e-02
-5.722585916519165039e-01
5.372515693306922913e-02
7.350308448076248169e-02
2.433019690215587616e-03
3.937104716897010803e-02
-2.152861468493938446e-02
-1.713648810982704163e-02
8.226585487136617303e-05
1.262659579515457153e-02
-4.785343259572982788e-02
-6.605387316085398197e-04
-1.324904733337461948e-03
6.853155046701431274e-02
1.027668267488479614e-02
-7.142251729965209961e-02
-6.173493340611457825e-03
-7.011207193136215210e-02
4.406109824776649475e-02
1.984339952468872070e-02
5.673075094819068909e-03
4.473881423473358154e-02
2.698199823498725891e-02
-5.160606652498245239e-02
-8.737193793058395386e-02
-1.032195910811424255e-01
-7.114055752754211426e-02
2.716697938740253448e-02
-3.975604102015495300e-02
9.926853328943252563e-02
5.784425884485244751e-02
5.959344282746315002e-02
-5.865278188139200211e-03
-1.903680898249149323e-02
-4.607215523719787598e-02
-5.709883570671081543e-02
-9.713380597531795502e-03
3.134568780660629272e-02
-1.994503661990165710e-02
5.668803676962852478e-02
-1.166338399052619934e-01
-7.323329919017851353e-04
-3.151857852935791016e-02
-4.042808338999748230e-02
-7.608012109994888306e-02
-7.369711250066757202e-02
-4.356331657618284225e-03
-7.548522949218750000e-02
3.687164932489395142e-02
4.899337142705917358e-02
9.759795852005481720e-03
-2.840017713606357574e-02
4.701170139014720917e-03
-3.307541087269783020e-02
4.592188075184822083e-02
5.698905140161514282e-02
4.031816497445106506e-02
-7.107932120561599731e-02
-1.132658049464225769e-01
-1.139095276594161987e-01
1.264664530754089355e-01
-1.049327664077281952e-02
-9.002019464969635010e-02
-3.685570135712623596e-02
5.180815979838371277e-02
1.455010175704956055e-01
-7.312113046646118164e-02
9.107630699872970581e-03
1.338693965226411819e-02
-4.261485114693641663e-02
9.352565743029117584e-03
-3.880045562982559204e-02
-3.853483870625495911e-02
1.385094318538904190e-02
-1.283389478921890259e-01
3.431329131126403809e-02
4.646784439682960510e-02
-5.407857522368431091e-02
4.600311815738677979e-02
-1.350824683904647827e-01
7.090815156698226929e-02
5.956671759486198425e-02
1.279492024332284927e-02
-3.572580590844154358e-02
-1.646577380597591400e-02
3.819162026047706604e-03
4.041725397109985352e-02
-1.153257116675376892e-02
-2.291415445506572723e-02
8.521381765604019165e-02
7.098576426506042480e-02
-6.938956677913665771e-02
-7.858967781066894531e-02
7.459688931703567505e-02
2.799083665013313293e-02
-8.709125965833663940e-02
-3.260395675897598267e-02
-8.619648963212966919e-02
-3.321353718638420105e-02
-7.123427838087081909e-02
5.069766193628311157e-02
1.864548958837985992e-02
1.530347298830747604e-02
4.072233568876981735e-03
7.157196104526519775e-02
3.277174010872840881e-02
-1.139053553342819214e-01
-2.864464186131954193e-02
-8.997829258441925049e-02
-1.080544739961624146e-01
-5.069972947239875793e-02
8.543577045202255249e-02
5.336434766650199890e-02
2.158495411276817322e-02
-8.609127253293991089e-02
2.232007682323455811e-02
1.783281862735748291e-01
1.120338216423988342e-01
-4.895329475402832031e-02
2.262158785015344620e-03
8.781792595982551575e-03
4.283789545297622681e-02
1.203010380268096924e-01
1.817831653170287609e-04
7.677178829908370972e-02
1.209287624806165695e-02
-9.709388017654418945e-02
1.221774704754352570e-02
9.933165274560451508e-03
3.020980060100555420e-01
-6.697632372379302979e-02
9.649138897657394409e-03
7.324078585952520370e-03
-3.951383009552955627e-02
-8.685772120952606201e-02
-7.098320126533508301e-02
-3.911861777305603027e-02
-1.252035051584243774e-02
3.532955795526504517e-02
-8.643969148397445679e-02
1.459649801254272461e-01
1.671393960714340210e-01
4.263291507959365845e-02
2.476419135928153992e-02
-8.344127237796783447e-02
5.258891265839338303e-03
-9.158128499984741211e-02
4.882847890257835388e-02
-8.882691711187362671e-02
1.576814353466033936e-01
1.545921992510557175e-02
-7.567396014928817749e-02
-5.652350839227437973e-03
1.313417498022317886e-02
-2.470518276095390320e-02
-2.138799056410789490e-02
-9.827317669987678528e-03
-2.507330663502216339e-02
-3.697949275374412537e-02
-2.283638529479503632e-02
5.301847308874130249e-02
