-3.894248604774475098e-02
1.734078079462051392e-01
-7.866397500038146973e-02
-6.052009016275405884e-02
1.239136885851621628e-02
5.312131345272064209e-02
-2.042704261839389801e-03
-3.708179295063018799e-02
-1.283012144267559052e-02
1.487254023551940918e+00
-1.013578101992607117e-01
1.352676898241043091e-01
1.118636354804039001e-01
-2.264805883169174194e-02
-4.325948283076286316e-02
-2.836629003286361694e-02
2.269710385007783771e-04
1.194503784179687500e+00
-1.944856047630310059e-01
-8.014002442359924316e-02
-1.220924872905015945e-02
-5.799322202801704407e-02
-9.451581537723541260e-02
2.359830541536211967e-04
3.932229056954383850e-02
3.366042301058769226e-02
-8.860005438327789307e-02
-9.284148924052715302e-03
1.041531935334205627e-02
5.211756750941276550e-02
-2.055870927870273590e-02
-5.460541695356369019e-03
-7.672938983887434006e-03
4.886340349912643433e-02
7.739160209894180298e-02
-5.952704325318336487e-02
1.172796241007745266e-03
5.197042226791381836e-02
1.143248053267598152e-03
-3.016083501279354095e-02
-4.941750783473253250e-03
3.311504423618316650e-02
6.242625415325164795e-02
-5.272741988301277161e-02
-1.050690561532974243e-02
-1.324273273348808289e-02
-1.003653854131698608e-01
-2.996224910020828247e-03
-4.654897749423980713e-02
-1.410577539354562759e-02
2.456344105303287506e-02
2.469865977764129639e-02
-1.844705268740653992e-02
-8.987766690552234650e-03
-1.198545005172491074e-02
-1.309968996793031693e-02
2.692319266498088837e-02
-1.711278571747243404e-03
-4.517153836786746979e-03
-6.373045593500137329e-02
-5.024562589824199677e-03
1.397878397256135941e-02
2.707412466406822205e-03
2.011217325925827026e-01
-9.181263297796249390e-02
-4.322016611695289612e-02
1.135761197656393051e-02
3.679421171545982361e-02
-2.751153893768787384e-02
9.714586287736892700e-02
2.329238876700401306e-02
3.505842760205268860e-02
9.552892297506332397e-02
2.720541879534721375e-02
9.875851869583129883e-02
-1.847580820322036743e-02
-2.664583502337336540e-03
-4.104158654808998108e-02
5.670904647558927536e-03
1.153520867228507996e-01
-3.010067343711853027e-02
6.240607798099517822e-02
-8.437673747539520264e-02
2.377521060407161713e-02
3.342745825648307800e-02
-2.323595434427261353e-01
7.665812224149703979e-02
-1.179626062512397766e-01
8.748736232519149780e-02
7.014088332653045654e-02
-2.632597461342811584e-02
5.752288550138473511e-02
4.971457528881728649e-04
-3.938760235905647278e-02
5.804977938532829285e-02
-6.643746048212051392e-02
-3.516191989183425903e-02
-2.891554497182369232e-02
-4.695709422230720520e-02
-2.659654989838600159e-02
2.210496179759502411e-02
4.884907975792884827e-02
-1.076054200530052185e-01
-1.956999674439430237e-02
5.168876051902770996e-02
-5.183725357055664062e-01
9.185055643320083618e-02
1.662218943238258362e-02
4.064149782061576843e-02
3.831474483013153076e-02
1.776579022407531738e-02
-1.041837483644485474e-01
4.031789675354957581e-02
-6.192048266530036926e-02
-4.973047599196434021e-02
-3.509609028697013855e-03
-3.514853119850158691e-02
1.406104210764169693e-02
-3.068866208195686340e-02
-3.817757591605186462e-02
-7.960728369653224945e-03
1.883072894997894764e-03
-3.063413314521312714e-03
-3.407829627394676208e-02
-9.185015410184860229e-02
5.602329596877098083e-02
-2.520342171192169189e-02
-1.008881404995918274e-01
3.637586534023284912e-02
-2.731253765523433685e-02
1.948681310750544071e-03
4.648543521761894226e-02
-5.360424891114234924e-02
1.161314663477241993e-03
4.488363862037658691e-02
6.870044022798538208e-02
5.667577963322401047e-03
-1.768281217664480209e-03
4.294353350996971130e-02
-8.802546188235282898e-03
-6.035408377647399902e-01
8.174364268779754639e-02
7.575248926877975464e-02
1.086407806724309921e-02
2.323304489254951477e-02
-3.731094067916274071e-03
-4.215251654386520386e-02
1.292823720723390579e-02
4.365320131182670593e-02
-4.627701640129089355e-02
-7.519847713410854340e-03
1.160455029457807541e-02
7.923734188079833984e-02
-7.151462603360414505e-03
-9.941355884075164795e-02
-6.410414818674325943e-03
-8.520709723234176636e-02
6.503993272781372070e-02
-2.249181084334850311e-02
-2.840315550565719604e-02
6.159278005361557007e-02
1.574713923037052155e-02
-2.092912979423999786e-02
-8.366072922945022583e-02
-1.342919170856475830e-01
-8.221200108528137207e-02
5.545655637979507446e-02
-3.728198260068893433e-02
1.044960245490074158e-01
4.861116036772727966e-02
7.472699880599975586e-02
-1.824437081813812256e-02
-6.409021094441413879e-03
-5.819981172680854797e-02
-7.459570467472076416e-02
-1.362714567221701145e-03
2.776823379099369049e-02
-4.625760391354560852e-02
2.345981262624263763e-02
-1.370681971311569214e-01
2.112623304128646851e-03
-1.427948288619518280e-02
-7.753622531890869141e-02
-8.983425050973892212e-02
-6.945695728063583374e-02
-1.724981889128684998e-02
-4.534211382269859314e-02
6.420522928237915039e-03
6.565507501363754272e-02
5.289687775075435638e-03
-4.899164196103811264e-03
8.939139544963836670e-03
-2.901117503643035889e-02
7.009239494800567627e-02
4.747435823082923889e-02
7.703121751546859741e-02
-6.170767173171043396e-02
-1.052308604121208191e-01
-1.201777160167694092e-01
1.392139047384262085e-01
-9.846795350313186646e-03
-8.042072504758834839e-02
-2.980127744376659393e-02
6.317040324211120605e-02
1.698130369186401367e-01
-4.233758896589279175e-02
1.446815207600593567e-02
1.416804548352956772e-02
-5.106257274746894836e-02
-8.257329463958740234e-03
-2.982754074037075043e-02
-6.488791108131408691e-02
-1.793613471090793610e-02
-1.432922333478927612e-01
4.194931313395500183e-02
4.695233330130577087e-02
-5.383649468421936035e-02
7.937542349100112915e-02
-7.993805408477783203e-02
7.080405205488204956e-02
7.413341850042343140e-02
-1.765495538711547852e-02
-3.944699838757514954e-02
1.585855521261692047e-02
1.425906829535961151e-02
1.546391379088163376e-02
8.294977247714996338e-03
4.746781662106513977e-03
8.103929460048675537e-02
5.894523486495018005e-02
-5.003327131271362305e-02
-7.986027747392654419e-02
7.337053865194320679e-02
5.573897063732147217e-02
-9.058687835931777954e-02
-2.839269116520881653e-02
-4.941093921661376953e-02
-1.379659771919250488e-02
-6.179386749863624573e-02
3.412716835737228394e-02
1.259808521717786789e-02
2.677142247557640076e-02
7.573774550110101700e-03
8.542997390031814575e-02
5.001599341630935669e-02
-1.392287313938140869e-01
-4.607323184609413147e-02
-7.305080443620681763e-02
-9.435990452766418457e-02
-2.357485890388488770e-02
6.415424495935440063e-02
3.795076534152030945e-02
3.091554157435894012e-02
-7.479672133922576904e-02
4.097670689225196838e-02
2.032193392515182495e-01
1.325685977935791016e-01
-4.320636019110679626e-02
9.869913570582866669e-03
-1.100631081499159336e-03
5.108021199703216553e-02
1.334011107683181763e-01
-1.319859363138675690e-02
7.207441329956054688e-02
2.393801882863044739e-02
-8.591924607753753662e-02
2.108814753592014313e-02
6.206954363733530045e-03
3.482851088047027588e-01
-5.725894495844841003e-02
4.293299466371536255e-02
1.797744631767272949e-02
-3.838897868990898132e-02
-1.136078834533691406e-01
-9.462274610996246338e-02
-3.723183646798133850e-02
3.400784917175769806e-03
7.202883064746856689e-02
-7.132673263549804688e-02
1.541680395603179932e-01
2.107088714838027954e-01
2.720156684517860413e-02
8.262495510280132294e-03
-1.176977753639221191e-01
-1.859847456216812134e-02
-6.648278981447219849e-02
4.286317527294158936e-02
-1.014214158058166504e-01
1.791380047798156738e-01
1.004309765994548798e-02
-1.157786995172500610e-01
1.693408936262130737e-02
1.655969768762588501e-02
-3.127134218811988831e-02
-3.229251131415367126e-02
7.247745059430599213e-03
-3.156585618853569031e-02
-2.355486899614334106e-02
-4.732341691851615906e-02
4.207967594265937805e-02
