-3.834647892014120263e-02
1.776892957781492643e-01
-4.949472848156887678e-02
-1.705556585194564073e-02
3.341688124264286658e-02
1.244347801502937445e-02
-2.824941035873906187e-02
-2.031823096115703900e-02
1.901094665022118324e-02
1.134655226048676635e+00
-1.068904042020973472e-01
7.679813919187128413e-02
7.297662532116058753e-02
-3.740855762783266286e-02
-2.432442371663423586e-02
-3.509376215690240136e-02
-1.769545275579970448e-02
1.159914959633205012e+00
-1.668794894453731470e-01
-6.958250320656672594e-02
-8.951150595171706789e-03
-3.090462009323063225e-02
-7.856157767114231583e-02
-2.444324483976236667e-02
4.655735105841897481e-02
4.016419631516100069e-03
-5.975902793828341553e-02
9.825346570401355915e-04
1.972620661140644244e-02
6.329240327556921730e-02
-2.236387912184080104e-02
2.403618545041764226e-02
-8.201696721440896246e-03
5.255612625575132452e-02
7.427180259609285351e-02
-7.250891002262906115e-02
-1.682376191082485956e-02
5.831430396673636246e-02
-1.419670700588637584e-02
-1.656801422605337984e-02
7.690898169166299723e-03
2.452574223033261031e-02
3.929808722583770508e-02
-3.742599315068780626e-03
-2.618331697575573477e-02
-2.159582377018339633e-02
-7.511833453208649480e-02
4.414376500821041993e-02
-4.507686500740416130e-02
-8.274140784152539049e-03
1.829488488988156164e-02
4.276363901566967995e-02
-2.515124267898319679e-02
-1.026540045424402352e-02
-4.363107809426130385e-02
5.263451885457875144e-03
6.207176051515367506e-03
3.732759822189240378e-02
1.664313926367888812e-03
-5.433152742093268206e-02
5.248797808462186444e-04
1.286294363875279539e-02
-2.754167234968609573e-02
1.552500370376093952e-01
-4.628068179604018229e-02
-4.312543546486315160e-02
1.248159956238510844e-02
4.417140148970136182e-02
-1.343707120148661047e-02
6.289073208152372307e-02
2.607082888490088249e-02
6.892001501492926729e-02
4.389014189435697794e-02
8.256126548650788780e-03
8.044217068610114152e-02
3.184087479809883520e-02
5.089841700228675721e-03
-1.885744738559829922e-02
3.231427749030471586e-02
1.067177929851271800e-01
2.338842884193389777e-03
6.917052804040979552e-02
-4.067616082250704451e-02
2.347703617826965572e-02
3.888697816024031667e-02
-1.553412348019823364e-01
1.089747985523585871e-01
-1.033531865277837469e-01
7.857209685612005778e-02
6.799436348054761770e-02
-9.016702597067091651e-03
5.511497049253133440e-02
1.166071470114260662e-02
-6.942429550435649799e-02
3.710512323361677550e-02
-7.987705319373374080e-02
-3.920359040569704190e-02
1.565054865423300481e-03
-2.845618793050971873e-02
-2.868559697235600198e-02
1.547278282665995666e-02
6.441373579637074687e-02
-9.822905216642299764e-02
-1.237672921963352789e-02
5.503934679094730359e-02
-3.327021472407065139e-01
8.622786939850250743e-02
2.263284533833394285e-02
4.079782957929307258e-02
4.858171151716798170e-02
1.826833890773150310e-02
-1.340402211640794594e-01
3.650529872973597850e-02
-2.753477503977553795e-02
-1.093847410067477245e-02
-4.859503240622850030e-03
-1.649244432768592547e-02
-1.448094546224616176e-02
-1.744564573350255998e-02
-1.755599088160932422e-02
2.279665907325686535e-03
8.495135855903879034e-04
-5.958790221500021717e-03
-4.177986950919540532e-02
-8.139518049997580829e-02
2.990415321778719035e-02
-8.758793597717475302e-03
-6.361403627972414543e-02
2.232382590778256640e-02
-4.315774888937563142e-02
1.603385720414256949e-02
7.375122891795757307e-02
-3.819014252004902105e-02
1.980767649176740433e-02
6.013629609292694272e-02
3.382203521075659303e-02
-1.373913426981654938e-02
-1.934370642201911975e-02
1.672434537705126331e-02
-8.210370849772096261e-03
-4.821692045967620466e-01
6.127540204702919963e-02
5.274615921670411378e-02
-6.583842528724724065e-03
2.483507660654200172e-02
-2.347043527815286749e-04
-2.879126648971479935e-02
2.321168133865510186e-02
4.612506189731999107e-02
-2.034236367220254235e-02
2.292231189261680069e-02
2.655251071109186647e-03
6.145080578216711997e-02
2.979315586971361535e-02
-8.145570255725796682e-02
-2.326897520294258365e-02
-5.509145979916041380e-02
9.603093093905205879e-02
1.021692703679136401e-02
-2.875587709594235736e-02
7.662272495854474674e-02
1.941559539300850845e-02
-4.038421932026160788e-02
-6.468508247712906334e-02
-1.425529818383017011e-01
-4.268995485442959870e-02
2.149145340366391890e-02
-3.973612414519549219e-02
6.640322652168303974e-02
6.760800389457601034e-02
7.617087767208294280e-02
-3.585932222035681082e-03
-3.384778726739373633e-02
-6.850333666027928758e-02
-6.679384312313216276e-02
9.562523598615700051e-04
3.226880458638144850e-02
-4.369320374985218719e-02
5.078380630892423420e-02
-1.194143232750048411e-01
-1.126677804754856391e-02
-3.818253133331362542e-02
-5.511415163382049620e-02
-6.605556850798735558e-02
-6.884659593295135160e-02
-4.294009453807801774e-03
-4.999387010767614159e-02
4.842053807667810045e-02
5.234233589399550635e-02
2.184718189984627412e-02
-2.456814966318451518e-02
2.523343824663117421e-02
-4.462368970008438740e-02
3.987777620398266082e-02
2.644359069208762278e-02
2.397224098365171793e-02
-6.035281598371890210e-02
-1.214783826339468076e-01
-1.387895806905893314e-01
1.019887264571821689e-01
3.121897785268538603e-02
-8.981018729104404963e-02
-2.849998112425689706e-02
6.636609442860291752e-02
1.368470903556416873e-01
-6.469073050259616098e-02
1.842394962053667262e-02
2.116232600512177320e-02
-6.011869063064382429e-02
5.190812950120334349e-03
-1.455275438454747307e-02
-9.464298642055105071e-02
1.069883063721653246e-02
-1.153653713973576134e-01
5.167191632087032860e-02
3.726359076599487091e-02
-4.157778725227634364e-02
4.615848288072983002e-02
-8.322572340078153441e-02
3.643798171988212736e-02
6.251777343330072734e-02
4.024346485659978379e-02
-4.757182776654984846e-02
-1.116685235162784111e-02
-3.143460474130951345e-03
3.443732092189884936e-02
1.325217710385379229e-02
-2.101619909344362019e-02
9.610933141152093462e-02
7.163070505162756618e-02
-1.792252595068236434e-02
-6.121609253053041100e-02
7.954452306981144027e-02
2.279622077388279017e-02
-7.863093395413181530e-02
-1.498628758099562405e-02
-6.147790685603943261e-02
-1.372928171981493625e-02
-4.848140132508976102e-02
1.162528331461576241e-02
4.717926309497854319e-03
-4.475060886344426996e-03
3.839610385765598183e-02
6.867644129211369908e-02
2.723466332225172454e-02
-8.619382902196523477e-02
-2.003899571183639569e-04
-5.792123078915471790e-02
-9.804101911039861394e-02
-2.085583401347597746e-02
5.953546376294048537e-02
7.073677379410246713e-02
3.855529576504751477e-02
-8.034078442969136424e-02
4.187780448610275291e-02
2.206360625712197043e-01
9.834453224102900071e-02
-4.372983717897378775e-02
6.000360423811033732e-03
-5.013598933585603108e-03
3.442900110743291747e-02
9.051506716825051535e-02
1.492362914233326572e-02
4.369866280792446961e-02
2.472614740162273547e-02
-1.218794029402990725e-01
3.505995536506149174e-02
2.461162266217937697e-02
2.887339696859345106e-01
-7.113019866100223076e-02
4.200565142688020281e-02
-1.928225101015670429e-03
-4.058325710248650992e-02
-9.873619866133817591e-02
-6.125562345970576861e-02
-4.540779940665917724e-02
4.439393290574071560e-03
1.246456756365429616e-02
-6.212658992966717253e-02
1.311971227236567727e-01
1.316725121980552859e-01
2.799969257104501993e-02
1.316836219061418185e-02
-5.236357897862871369e-02
3.138005418493071408e-02
-7.340429003018103526e-02
3.209951079700903986e-02
-9.219763285163724842e-02
1.244433125530788470e-01
3.717866304476360323e-02
-7.353426285415008701e-02
1.719148589975691074e-02
1.967141131600589135e-02
-4.930305255410010606e-02
-3.098481838049735662e-02
-3.722776766580587326e-03
-5.921166813193384088e-02
-3.107848321919142939e-02
-2.700127546692583647e-02
5.997523288341736342e-02
