-3.326287124237358589e-02
1.664741888611223630e-01
-7.021467079552959345e-02
-3.703786638792268965e-02
4.562920748392168546e-02
3.776586546534250327e-02
-1.256913177061054487e-02
-3.015893577772524661e-02
-5.677993121483454909e-04
1.276994850998844244e+00
-1.169271888648746038e-01
1.076719994099614303e-01
7.932293689354541488e-02
-2.575838409986754701e-02
-3.268146940007429085e-02
-3.270721836328552984e-02
-3.443406615021875339e-02
1.185868130600207015e+00
-1.679443311739234890e-01
-7.903095896746063775e-02
-2.452718644937487702e-02
-2.456818435387024199e-02
-8.527719500915545425e-02
-1.510000073578935710e-02
5.004734408770093040e-02
1.661858678960856719e-02
-5.480422961036816865e-02
2.931016320280635501e-04
4.126386596509298149e-02
6.387893081539766649e-02
-1.737451141827825105e-02
3.749830178497221347e-03
-2.370556752019404873e-03
5.600168648197240140e-02
8.701303496283413486e-02
-7.619771557045192101e-02
-2.878816854158106845e-03
4.878411688157578696e-02
-2.936483841186287008e-03
-1.890798364870848250e-02
7.386969251831793440e-03
2.450079257118923173e-02
4.845825893359673869e-02
-2.125375010729040059e-02
-2.097153934520727334e-02
-7.423393664836045944e-03
-8.357517644873699303e-02
3.298686229048471141e-02
-4.610626501479317407e-02
-5.570053683895042317e-03
1.838767284307600558e-02
4.648765893636400831e-02
-2.640122142205862318e-02
1.053139923918794234e-02
-4.691531451447986806e-02
6.368500561545057011e-03
8.746163745260460490e-03
2.560515633266637406e-02
5.364577268933999783e-03
-6.068891752311375565e-02
1.882970113921885033e-03
1.442743136756213622e-02
-5.420478297379910035e-03
1.599940685410944641e-01
-5.238827185182996088e-02
-3.553225375152903320e-02
2.305451028029646340e-02
4.665949213414793961e-02
-2.996212494969663354e-02
8.582015478897443705e-02
1.629619709176178405e-02
5.722755991963655864e-02
6.482715369941990935e-02
2.050472350384416331e-02
8.576518311598525790e-02
2.097416297658043910e-02
-3.941122128310875841e-03
-2.189131268456294063e-02
3.212040802949629736e-02
1.224686354396490873e-01
-3.477857899669053315e-02
5.236142360173053067e-02
-5.810039370886615345e-02
2.913491706276171919e-02
4.781520175402802220e-02
-1.809843360705870041e-01
9.089534249440917035e-02
-8.049119304110946560e-02
9.809479218259864464e-02
5.962339706383110172e-02
-2.030945717389346511e-02
5.783964652327509837e-02
-9.483160371351129561e-04
-5.166851009749238305e-02
4.053201571927484564e-02
-6.849857403436294956e-02
-5.749092340802152562e-02
-1.069170549787670614e-03
-3.728110193338474154e-02
-1.473468846532046024e-02
1.740699351367970202e-02
5.366823020439349251e-02
-9.879991876416467644e-02
-1.174532892481182540e-02
5.785151515737801259e-02
-4.355256807487955517e-01
8.228843916036292228e-02
1.361367691999395939e-02
4.565587618382938029e-02
6.232376232608401873e-02
9.692133091161897820e-03
-1.321229393207708491e-01
5.703685563027188765e-02
-5.751178054458027517e-02
-3.285254042561574356e-02
3.022735951597254906e-03
-1.044400593157616269e-02
-1.195474857344807663e-02
-3.150439697166688979e-02
-3.720232703497643872e-02
-1.261444872748601924e-03
-3.262783794101631243e-03
-1.098575466367332325e-02
-1.689331507227269033e-02
-8.421333447307398357e-02
4.440388368970162036e-02
-1.059093386883555067e-02
-6.865962689206327185e-02
4.076127566409826208e-02
-4.337731096486784760e-02
2.717402376875178299e-02
6.091423835658779651e-02
-4.779186022910193732e-02
9.082464002604987569e-03
5.448293370297514759e-02
5.866529159068395449e-02
-1.104377044527040394e-03
-2.043946067343663242e-02
4.040239880228736064e-02
1.040825162553750752e-02
-5.314976473501733523e-01
6.423468203815645150e-02
7.399774203541732709e-02
-4.839155695343808072e-03
3.445373972122788009e-02
-6.400151779273511796e-03
-2.525046592175469312e-02
1.135266181620251530e-02
4.315943596791653458e-02
-3.052646769163589943e-02
2.599798283787447400e-02
7.561204964011692927e-04
6.344234536346000930e-02
2.393567483199378690e-02
-8.009028311298348191e-02
-4.821526797946731717e-03
-6.759107606525882606e-02
6.883785061095726299e-02
1.689570854045363991e-03
-1.320686107306112689e-02
6.464855622298391891e-02
2.217788395130258772e-02
-4.041690938921158049e-02
-7.386658245249673460e-02
-1.249228007461314488e-01
-6.814801877429570165e-02
3.088354905152940894e-02
-3.700803907035623425e-02
9.741836431739385460e-02
6.499919209742296977e-02
6.818737324489321239e-02
6.088286837308823883e-03
-2.018725861125651028e-02
-5.951712900034895892e-02
-5.778075406038468004e-02
3.382790653505241777e-03
3.239280399181262982e-02
-4.144022089627703159e-02
5.708593878982994724e-02
-1.227361798824988387e-01
-1.724936310249129343e-02
-3.100284366463670893e-02
-6.315889790362766432e-02
-8.802807983250034163e-02
-7.895516680080898186e-02
-1.871652451568057984e-02
-4.571516438999954912e-02
3.877969012656280745e-02
4.795382915920910760e-02
1.432703257999056248e-02
-2.671616894767230369e-02
1.979448340610319435e-02
-2.707964082867587302e-02
5.739331406092875593e-02
4.026352588970124463e-02
3.104915295694688285e-02
-4.526015122552606157e-02
-1.009821937802992814e-01
-1.224325495153991694e-01
1.242582305221606870e-01
1.274759916476475401e-02
-1.061973060494431631e-01
-2.755112680716901435e-02
6.558141840488840302e-02
1.454794215839674554e-01
-6.793400960290123247e-02
-1.888667626256177031e-03
2.316863091644997402e-02
-5.384716113118555303e-02
8.150977761455565490e-03
-2.855693400268472307e-02
-6.242755699406771913e-02
1.221715568224030803e-02
-1.209133423644881272e-01
4.023432150137144087e-02
4.899431885604747100e-02
-5.604809837439213988e-02
4.960691479594421527e-02
-1.014081674494761859e-01
5.539481782676317079e-02
7.512454773871703184e-02
3.020406883306504808e-02
-4.572566624407146951e-02
-7.714488497120630499e-03
7.978673702454523731e-03
3.753947465929727972e-02
-5.894123000499750659e-03
-1.660431621365493807e-04
8.554780279813363475e-02
7.765597825628123285e-02
-3.105253143198328028e-02
-6.244839947346796094e-02
7.151295792480900915e-02
2.464073179205689829e-02
-7.690850714378180686e-02
-1.131726111411289655e-02
-7.494441858921684074e-02
-2.958004214167585938e-02
-6.143713248640753771e-02
2.687596312188564665e-02
-3.882564489885153517e-03
8.681096954347993985e-03
2.486583460029811316e-02
5.946065863290220244e-02
4.627030426853977890e-02
-1.071586617474897529e-01
-3.654618467714852714e-02
-6.830367779766460812e-02
-9.164680035402314462e-02
-1.573317899052279964e-02
7.516339653734596671e-02
6.881113793957405189e-02
2.727630325297458400e-02
-8.562972898562144775e-02
3.762577600860012028e-02
2.001623485505125422e-01
1.067106217261770684e-01
-4.822014240074407043e-02
-2.122289495648348179e-02
-1.936480651422166398e-03
4.498266190062774617e-02
1.052475881352529785e-01
1.642313907732131928e-02
5.965106977909669095e-02
1.248112652663100133e-02
-1.058384548376596623e-01
1.791980718273466361e-02
1.801318793959749698e-02
3.214310170801626954e-01
-5.000187025342579111e-02
1.227378086592381852e-02
8.266924816970199104e-04
-2.329514601226792547e-02
-1.086605148227257761e-01
-6.951987018213337532e-02
-4.118539520272374715e-02
1.133899309982017503e-02
3.429588945266183464e-02
-7.838052557287210342e-02
1.382143811114488197e-01
1.619157392789334626e-01
1.646984044862161850e-02
1.856547333651804160e-02
-8.991438284685637772e-02
1.205060913831620430e-02
-7.944347736512599734e-02
2.426696692149016288e-02
-1.013628108724691224e-01
1.489881254737193683e-01
2.219471586570571919e-02
-8.562089804761958967e-02
3.158823546030396084e-03
2.435891127681908200e-02
-3.906249267142074266e-02
-4.138211625565649254e-02
-9.456802964298181499e-05
-3.795460569546692947e-02
-3.414075808699926218e-02
-2.995812354542358794e-02
5.288678379846946387e-02
