-3.049313847459222959e-02
1.737368785208961153e-01
-8.269320917398140236e-02
-2.816896642252390837e-02
3.964217166108509327e-02
6.274485708641752701e-02
-4.798496345790891657e-04
-3.261168290134121295e-02
-1.662255737832438185e-02
1.245793757369317412e+00
-9.255104019962662187e-02
9.584248953966330309e-02
9.750393158202869115e-02
-2.484312693444582637e-02
-4.206319074557022392e-02
-7.471439576970473860e-03
-2.525806844304745793e-02
1.092931801061181707e+00
-1.723371304082601807e-01
-6.057315378127865746e-02
1.454177430646534826e-02
-1.817167330331701317e-02
-8.133326305187998928e-02
1.360660084699813000e-03
5.519808750859753893e-02
7.539602564778347636e-03
-5.133489875888411907e-02
-4.749574265192052676e-03
6.070810440685182885e-02
5.523178678312917755e-02
-1.308105740621520047e-02
2.567321465491123958e-02
-1.232848585346931099e-02
6.853065405762806539e-02
1.003520128471767359e-01
-6.660686559388510897e-02
1.309356749424783750e-02
6.824641718115419253e-02
-2.913639723793888525e-02
-1.130988641911559976e-02
-1.370715112934789773e-02
-2.038993060815292094e-02
2.434798812516376226e-02
-2.620116515817421179e-02
-4.161037113724944114e-02
-2.582957756155427210e-03
-6.830654236743416430e-02
3.443223055421361367e-02
-3.188882770535831496e-02
-9.846259693978858321e-03
2.220874627951821209e-02
6.332265763174702022e-02
-2.926704589651840660e-02
2.488726447610294101e-02
-3.080987199393259504e-02
1.373894570399498971e-02
2.000092884105201044e-02
1.393572471095899309e-02
3.967801712138084580e-03
-5.228875518922769527e-02
2.172439157392755914e-03
6.483003488143587387e-03
1.304459743632193367e-03
1.319288855749705114e-01
-5.064063165285601770e-02
-3.551903855483590916e-02
1.269137116258147249e-02
2.145199030422998906e-02
-2.792967150755764488e-02
7.666974531843639973e-02
2.687530257700936759e-02
4.941301019729300165e-02
2.917869085099240173e-02
1.336283624429901451e-02
8.166564357682104536e-02
1.305400858883712205e-02
-1.038930466395912404e-02
-3.138438129462531312e-02
3.375426294543430045e-02
1.123878226123411483e-01
-4.086340893365976445e-02
5.864171453311280147e-02
-5.515656473126556020e-02
3.995253379139099975e-02
3.677446447067830165e-02
-1.840260704957094318e-01
9.106605876621250151e-02
-1.339872536396239933e-01
9.428123055319009849e-02
5.833339943542840272e-02
-1.317031602473429583e-02
3.890841921488110561e-02
-1.111936765371168007e-02
-7.372682247314293891e-02
5.371125095187016807e-02
-4.671111584771715092e-02
-4.052496087608901953e-02
-2.932324333895584834e-02
-4.059145745140344680e-02
-2.095346109716854366e-02
3.178688867929549411e-02
3.704166939604349590e-02
-9.563094151218393124e-02
-6.572951780739265393e-03
4.104575156290940496e-02
-3.931862983918511523e-01
7.159811325003274940e-02
1.713390452793380619e-02
4.548126504568977130e-02
5.717776635988471023e-02
9.379819322503847590e-03
-1.037903047929221861e-01
3.094766607575658371e-02
-7.524987871331717537e-02
-3.014440727658685912e-02
6.023582999240550961e-03
-4.856915938093639071e-03
-2.557023931858378243e-02
-3.437083556801061313e-02
-5.903446332945761627e-02
-2.257883778315578679e-03
-1.627669362523336341e-02
-2.831333019966756140e-02
2.717466590508524002e-03
-8.343247581430957016e-02
4.616793574159897690e-02
1.826431672226066149e-03
-4.806963864244890444e-02
3.373697511524793857e-02
-1.632618543659111743e-02
3.375774290089086915e-02
7.937615273524499526e-02
-2.907158946453720569e-02
-4.551708491807775203e-02
3.074978199102581036e-02
7.306888060068125745e-02
-3.132720151641617962e-03
-2.911876077250917169e-02
3.808784699761725429e-02
-1.048246623803509442e-02
-5.160373747216036033e-01
5.426413527200969755e-02
5.311904121597831735e-02
-3.388761752526038128e-03
3.178287137777577320e-02
-1.664921038275415932e-02
1.096445606121241624e-02
-1.526293110507009020e-02
1.053203081500556776e-02
-4.848195579125998828e-02
1.299126464012143045e-02
-2.236491087987603141e-02
7.769627460533211349e-02
1.684387678808299538e-02
-6.611395932955588250e-02
1.156929742769880788e-02
-6.836544573111817680e-02
2.821816237369808786e-02
-1.045179510747528908e-04
1.229877349481691383e-02
5.207965080694026277e-02
2.590586151159030015e-02
-4.352595867655247031e-02
-7.253310819386217523e-02
-9.985587610949167581e-02
-6.074880197415825911e-02
4.520158281679877155e-02
-3.877320631325330974e-02
9.739195889763199721e-02
6.737913423825822590e-02
6.655647660651120567e-02
-8.594120624851590189e-04
-6.422348552210590221e-03
-4.705887150673883357e-02
-4.931793832597766020e-02
-1.009280558230913477e-02
3.176361008020273796e-02
-2.388865319582732932e-02
5.680445797646731243e-02
-1.215093871798440944e-01
1.239820890402896884e-02
-2.289166035071809810e-02
-1.309864029696302182e-02
-4.653527574552927815e-02
-6.597315547008057723e-02
-4.853961334368449114e-03
-5.700223331259007126e-02
4.733656747428927059e-02
4.631154147697497808e-02
-1.437127048248047117e-03
-1.638000640209452338e-02
1.026201521789638776e-02
-3.254718857980970492e-02
2.754984140614764876e-02
3.675167524032162819e-02
3.731775332540449019e-02
-7.174809037444321302e-02
-1.059946454744202793e-01
-1.258140409038058516e-01
1.289230484614502792e-01
-2.353479801929123441e-02
-6.386896585958994066e-02
-3.141140852220621060e-02
5.522605509178894062e-02
1.428325455669461619e-01
-7.462662764681317340e-02
7.672882779747478184e-03
1.252493941423138066e-02
-4.086862566835615385e-02
3.862972851741615279e-03
-4.282402479365911285e-02
-5.463726454007271360e-02
1.009213869746290737e-02
-1.359080483181580035e-01
3.069093620013428614e-02
3.611813463640606292e-02
-5.307949190603301198e-02
6.229466983410847369e-02
-1.134562457012315007e-01
6.723673753152430155e-02
5.978256419494300949e-02
1.994407250998951955e-02
-3.811742342050963156e-02
-1.780858249132058133e-02
2.145387901167217920e-02
4.546237157429090792e-02
-1.385845382732409916e-03
-1.319970853453958197e-02
8.508521157105659871e-02
6.427020984131402714e-02
-8.130230168347962749e-02
-6.591471908571334970e-02
6.064366126113585748e-02
4.418755002435968693e-02
-8.519859798735752998e-02
-1.695525935135677384e-02
-1.015351849084566993e-01
-3.170605967714201778e-02
-6.554127636578016558e-02
5.051953048236276778e-02
3.352789312237979685e-02
8.999988421471734681e-03
5.853993143336295134e-03
5.721541896616664374e-02
2.985249402778232530e-02
-1.024792187807054833e-01
-5.791100065095637628e-02
-7.746566358656491180e-02
-1.007580737525383269e-01
-3.553209158628652109e-02
8.455982785479169983e-02
3.874847879888313612e-02
4.496180812856184067e-03
-9.115056922859622601e-02
2.763878497355233901e-02
1.602532281704441286e-01
8.157643133638477206e-02
-3.790950247895650410e-02
1.945874506409259186e-02
6.886799064045509219e-03
4.522833497437114825e-02
1.039160885505371473e-01
-2.542666796695884461e-03
1.063911109143685363e-01
8.260584246139296080e-03
-9.227540725714004910e-02
1.414102928894274934e-02
-8.816615079312278835e-03
2.769078088153412720e-01
-6.488599563572644557e-02
-1.760242071842656880e-02
7.092265165697055410e-03
-3.151356504548506743e-02
-7.535587662124983155e-02
-7.288061756927158297e-02
-3.438251644790711603e-02
4.158144460723329073e-04
4.804063474899285952e-02
-6.547348120414646366e-02
1.449265703810755923e-01
1.598895216494169991e-01
3.152649973286224261e-02
2.437581817335091050e-02
-9.297879325379929116e-02
4.780662373698086991e-03
-8.943285298007008777e-02
4.946112505936394593e-02
-9.952879867843573980e-02
1.442018184814293225e-01
6.415662511872788874e-03
-8.403727160233526172e-02
9.008361264666989165e-03
6.517216120074839115e-03
-1.825216806342525727e-02
-1.520290827042119694e-02
3.041019287269299334e-03
-6.801929571330898351e-03
-3.984680135800144213e-02
-2.889844248964201431e-02
4.473548628283440659e-02
