-6.280369417471109994e-02
1.655837841345160766e-01
-1.172912297088510580e-01
-4.596180487612649274e-02
3.051802400032204918e-02
4.365587041147583197e-02
-1.960399999953289264e-03
-8.735261272747285588e-02
1.195177559018605409e-02
1.161545724896454912e+00
-1.082451307017686937e-01
1.186301083723325656e-01
6.882513954623650787e-02
-5.597479513515202926e-02
-4.624240377076335035e-02
1.636704136967123691e-02
-6.334501335587679194e-02
1.137904311249171130e+00
-2.002052597661133360e-01
-1.954252560301027869e-02
-2.087203557668919698e-02
-6.160041601653798611e-03
-8.002890885730902515e-02
1.499557134336374463e-02
5.040297256159703698e-02
-1.648378639149450028e-02
-4.688015410640131164e-02
-2.006638398808213361e-02
7.662278234354107098e-02
2.311791355488156119e-02
-1.237904092557941781e-02
1.085501983317128938e-02
-5.479857056166999090e-04
5.256771848230495231e-02
9.959801579536683991e-02
-7.271676058924164687e-02
4.746372528237071536e-02
5.417517863888617058e-02
-4.411218664731652445e-02
-1.593104430922107420e-02
-9.673992479155540513e-04
-3.139699819322826907e-02
4.956703595334768092e-02
-6.197407546053400676e-03
-6.599218045092347662e-02
-1.584156535954706416e-02
-8.062453459109240883e-02
7.477891272156181324e-02
1.054351421476005211e-02
2.265418364655437736e-03
3.254469985032177465e-02
6.669916354638870393e-02
-1.696632168868356452e-02
-4.730555698341819271e-03
-3.529046908801596050e-02
5.449775351027025261e-02
1.132253934998342197e-02
1.761262991108311984e-02
1.181542665130137781e-02
-3.753429948995260640e-02
-1.249550196728684871e-02
-2.020353842196825206e-02
1.499431599201059284e-02
1.038160918866657956e-01
-2.317189100904727683e-02
-5.023988304647838271e-02
4.868439390511365705e-02
4.216990862613329005e-02
-1.601280935042165288e-02
3.517020748999200724e-02
1.036692502806042110e-02
1.129725875002717678e-01
3.381782782791964426e-02
-1.040284386817819269e-02
8.673426858442313814e-02
1.998479278517676164e-02
3.227015178901740497e-04
-2.436702796156333881e-02
4.203508972964838108e-02
1.244967235382763160e-01
-3.620418439976518660e-02
6.114204424238223884e-02
-2.446067770331235292e-02
3.107969951315510404e-02
2.073265840124226614e-03
-1.776969320890269544e-01
1.673044806987792066e-01
-1.817377196594157918e-01
1.157021831414625640e-01
1.742204475110475242e-02
-1.891725844937981738e-02
2.380594429513990806e-02
2.387009726111953556e-02
-9.755207441582688932e-02
6.925543046417234616e-02
-7.134850192686081893e-02
-8.336508602591070904e-02
2.098515122647136993e-02
-3.811846251233163424e-02
4.397414842484563546e-03
4.728171791430225285e-02
-9.762941786008380585e-03
-1.071205906752437792e-01
1.577255288336105316e-02
4.264575844751138795e-02
-2.500717009982171835e-01
9.714405603183533244e-02
1.057048635421932274e-02
5.947471470773679769e-02
8.502269123210383361e-02
1.572838468628042635e-02
-1.094896855024785620e-01
4.050529680773651969e-02
-4.544470627941928076e-02
-5.873300641754720941e-02
-1.603991684488940278e-03
5.783088519118114411e-03
-5.102958132222330800e-02
-2.748939729716324762e-02
-6.995025284103262297e-02
1.372462629703007954e-02
-3.086918797271277076e-02
1.503914105898531382e-02
-1.648348516025013866e-02
-8.108572360723836914e-02
6.574837688643479783e-02
3.844968351663480277e-03
-4.546660725059518265e-02
3.419889464110518335e-02
-3.186265657867380641e-02
9.786073691555512155e-02
8.283996167340659800e-02
-1.327120426975304107e-02
1.041840173209398687e-02
6.436561267897859644e-03
6.624532616501700721e-02
9.176011948014844988e-03
-4.210981896442780870e-02
6.467874852903608696e-02
8.913175080716172205e-03
-4.962472585037341344e-01
6.751456865766558568e-02
6.255267167643685511e-02
-6.186646822879298194e-03
5.962760349785368313e-03
-7.452117953428874335e-03
-2.174116601025326279e-02
-6.565142554408678888e-02
3.747729048169991858e-03
-4.004191026321761437e-02
-6.383433763564801654e-03
-1.198325889975635633e-02
5.867387485698018212e-02
1.718279548454842293e-02
-6.813065688390732011e-02
9.780010450680583570e-03
-7.704591802416593804e-02
2.571985349895775444e-02
4.947239360820315790e-02
1.978753409247641093e-02
3.916635444778043817e-02
2.328414808343252929e-02
-6.068402943388611498e-02
-9.026085574769809883e-02
-1.406632497329843856e-01
-1.137635809376664614e-01
5.064243614025012649e-03
-5.561877430657469895e-02
8.136707624349107104e-02
6.422055855523486900e-02
7.280524030047071105e-02
-9.844982181760523685e-03
-3.907132461574889387e-02
-3.619177685732125754e-02
-4.912783283701040171e-02
-2.501317826978633266e-02
7.214775998183206585e-02
-3.466051626247431544e-02
4.679035800136429474e-02
-1.110327219830631873e-01
2.808721525128004409e-02
-4.664629780802596187e-02
-4.242571632206024873e-02
-7.337403389433791445e-02
-7.777183489669960148e-02
1.438270853905967647e-04
-9.597383501695855301e-02
8.420602811545402355e-02
4.045682113656252216e-02
-4.912707129921147073e-04
-5.102229338392361840e-02
2.806741891778500794e-02
-3.405069683093902427e-02
4.102074195012447161e-02
5.127304517218091162e-02
5.867074311364674395e-03
-5.529275982556338537e-02
-1.562265703134342043e-01
-1.059033722782071751e-01
1.796536984041570140e-01
-4.550031263822134665e-03
-8.782027755186760931e-02
-6.004096575066040359e-02
4.387932560635646878e-02
1.088261062463990320e-01
-1.225313688151572489e-01
5.208954622774827382e-04
3.951451606030170413e-03
-2.190521229950048374e-02
-6.102747286275396997e-03
-2.702711217085058959e-02
-7.002987343425572109e-02
1.809739591189231736e-02
-1.660948740304547255e-01
2.709168181793475405e-02
2.842695632256302465e-02
-2.595516685418908925e-02
5.745338139954233453e-02
-1.859780576685799436e-01
7.913265699567340050e-02
6.211389851130297984e-02
4.090973757307259789e-02
-4.816825075552511742e-02
-1.258692498644538998e-02
2.987601927098620588e-02
5.659525187794192669e-02
1.527253398209572747e-04
-2.027908642184799229e-02
8.087023843373936094e-02
6.256188112505299548e-02
-7.856102360064790013e-02
-6.792164751865711891e-02
7.394081043317679569e-02
4.021717376704007918e-02
-8.645970493075258445e-02
-4.524640853797736589e-02
-7.129684939401721711e-02
-4.490181591854732618e-02
-4.592149562379740924e-02
6.320657437642000775e-02
2.499719045466713280e-02
1.790098517850979495e-02
-7.878223482180953322e-03
7.596446866269336573e-02
-3.505504293694422513e-03
-1.259920513594016689e-01
-9.366120047938816459e-03
-1.101026154451890948e-01
-1.116015208849699403e-01
-4.663145652944917369e-02
8.665624040306449394e-02
5.539508821197371147e-02
9.868004476290983748e-03
-9.246196173931121864e-02
-1.921238014022056892e-02
1.767173227743262798e-01
1.252242115905162489e-01
-9.931740097661133360e-02
7.814287482317858885e-03
1.567262107680673922e-02
3.375377040665188122e-02
1.219766362180532415e-01
-5.954938290006142262e-03
1.095121597419256715e-01
-5.636193832661038489e-03
-1.088286965696985548e-01
2.489998698044059572e-02
6.155191380516624247e-03
3.299207522434747797e-01
-8.146198399061300999e-02
-2.896436878662122724e-02
6.911859716667889328e-03
-5.437945854089891451e-02
-6.438349944524617008e-02
-5.769987083204242140e-02
-6.030163826483329187e-02
-2.158697144240751681e-02
3.721231381095837371e-02
-1.037784154219526245e-01
1.327438882807998877e-01
1.788413984960158243e-01
3.854040388405814699e-02
8.799080893843286288e-02
-8.391535456175466812e-02
1.371574461985604343e-02
-9.945590896058224828e-02
5.145403870469567043e-02
-1.035593207815608402e-01
1.438139003032971319e-01
1.654940039535977153e-02
-3.611681937684125404e-02
-1.397207913870816137e-02
-4.219441849874713130e-02
-2.853163086245366284e-02
-4.290025771168971130e-02
-1.416799887843247542e-02
-5.373780148815347768e-02
-6.094373057682168221e-02
-2.980281344355710862e-02
4.258989663930606157e-02
