-3.042563981204110882e-02
1.557813305582473051e-01
-1.276352010035034235e-01
-5.206295112618488513e-02
1.977646433055514283e-02
7.603279828341051247e-03
1.540894102156010505e-02
-7.672129680531226958e-02
2.070447615531688119e-03
1.994431192774527073e+00
-1.611036950612164953e-01
7.522722642613333122e-02
8.940727352650230941e-02
-4.441851940929646136e-02
-7.921875412497049462e-02
-3.642160593060110585e-02
-4.997290440337203571e-02
9.865951076491122906e-01
-2.047848638623855355e-01
-2.809192258954194832e-02
5.064776019197709395e-03
-3.818212817224789918e-02
-6.967081231054253476e-02
-1.940988184240399761e-02
4.696002898738089321e-02
4.684638908332867252e-02
-2.675703967464562044e-02
-1.753168571820686375e-02
3.308242108397624337e-02
-4.541077802864068591e-02
-2.247404641358565283e-02
5.992444121693812215e-02
-4.091409613064179301e-02
4.458131622276160361e-02
7.623299129077994174e-02
-8.012087910594710427e-02
2.067720623318953371e-02
2.439536061171468373e-02
-6.707892349722957559e-02
-4.252812125840911561e-02
9.396319765929277449e-04
2.225188490526738491e-02
6.382571395474606266e-03
-2.541950434306011058e-02
7.901757840404212072e-03
3.173139922202086044e-02
-1.221461027667002097e-01
-7.421663595262165299e-03
3.844440956822332139e-02
1.557791315850058471e-02
-4.098616179163094841e-02
-1.048134681063104916e-02
-2.712114414743362761e-02
-2.691629083332556724e-02
4.400445123139589548e-02
2.602473305617413954e-02
-2.663114921483855646e-02
-2.646025108064520986e-02
-3.950411069688319378e-03
-3.812882809394139982e-02
2.617093406693264592e-03
-1.822374506022651081e-02
-3.033925201085032122e-02
1.359841898130893234e-01
1.652237974837485884e-02
-6.082825864904401608e-02
1.383337972711912861e-02
4.361395907971035019e-02
3.510521865546538389e-02
9.319254056835687972e-02
3.540651135327761712e-02
5.119097482661535969e-02
1.345155304653820882e-01
-5.672282944416556089e-03
8.792121650912190778e-02
6.962337514985775244e-03
5.678733442853726304e-02
-5.477780045702732026e-02
-2.437174515563465121e-02
1.187914583799212359e-01
2.878118544421176365e-03
7.740730366305144383e-02
-1.136173380371585107e-01
-1.128516707198141435e-02
2.684758884312921784e-02
-2.255135200032922227e-01
-3.974205855827525613e-02
-1.331178448747095955e-01
1.617025315865975865e-01
6.545312703822071809e-02
-7.115469158614724787e-02
-2.447777661227141036e-02
-4.085688642956530198e-02
3.867174700459201364e-02
9.825609956960543179e-02
-3.333962512656379884e-02
2.134911843071757645e-02
-4.574804592868324249e-02
-5.408294311112456926e-02
-3.982091222218080845e-02
-7.995666888347434040e-03
3.496317105020001897e-02
-7.178541170699626051e-02
-5.165784869297640469e-02
5.897330188067596152e-02
-6.720709118339482924e-01
5.738388402174723207e-02
1.556446302492918606e-02
4.018274796119693931e-02
2.126728326240325331e-02
4.638914217016541774e-02
-8.315224106249922975e-02
5.499506507941684386e-02
-8.979619151665362009e-02
-6.863357179787760685e-03
-7.193916998217236847e-02
1.581626365947582519e-02
9.232634643101244329e-04
2.625935591837178298e-02
-2.132209229131337355e-02
5.978227532207769368e-02
-2.358679815082910872e-02
4.473952855615161844e-03
-8.390801148372373230e-03
1.059445820283867919e-02
7.704413034169120544e-02
-1.328865007574416349e-02
-8.916775226184264769e-02
1.054531039262536843e-02
-1.701779932047662452e-02
2.107836416336280813e-02
-2.333159593215792041e-02
-8.355616059975712329e-02
2.653186708951981842e-03
6.952578926700148099e-02
5.978818373569751154e-02
-2.642532114897122152e-03
-1.122473094637305331e-02
2.248613924988042412e-02
1.280226904193144076e-02
-8.260113651187059869e-01
4.100174568751319831e-02
8.309188303835426948e-02
1.455283675919412205e-02
-2.314570838312415488e-02
-1.355498213208369135e-02
-5.777223179538903963e-02
1.991823744329863921e-02
-7.773174017509675016e-03
-6.039063567639422342e-02
-5.087451072997031115e-02
8.047636966976166178e-03
9.147045031283776440e-02
8.002449583397391181e-03
-6.368823414768985669e-02
-3.296124780090543480e-03
-5.853771712874100697e-02
-1.823900593452225730e-02
-3.526065421643807818e-02
-8.476614183453841378e-02
-2.884507850740902768e-02
2.240547939485032850e-02
-4.513502981722789659e-02
-8.371109570475072925e-02
-8.935457096230417506e-02
-1.221565607801299441e-01
5.678868717621408241e-02
-3.059924040852154969e-02
1.222497001874386646e-01
-6.231440514188733674e-03
6.551154541631337876e-03
-7.758437105458704242e-03
8.584995963352402837e-02
-5.921632482065598835e-03
-5.097462012418781802e-02
3.036394117248549657e-02
1.059658059115000696e-02
1.426326686355878712e-02
2.897901569274657571e-02
-5.406120815629930632e-02
-2.625257094852192271e-03
-3.303251500712794941e-02
-6.238899583077099631e-02
-3.176112934024542811e-02
-8.794862481491014239e-03
8.441476865855182532e-03
-4.848801208354298203e-02
1.198788840115561256e-02
2.558643370968593372e-02
-7.359403838396661596e-03
-2.007851984460216899e-02
7.241802749443274458e-04
-7.613419824744077635e-02
4.294622644787435273e-02
-5.287412960696116423e-03
9.372990896723938647e-02
-4.234859101684308041e-02
-9.639645974649969917e-02
-4.275652026806679024e-02
1.587934446745369044e-01
-2.638227093990315811e-02
-7.564919270930391126e-02
-5.827401019149180961e-02
6.841666962693960727e-03
1.342376894380567232e-01
1.124260480749296465e-02
1.909403952439963845e-02
7.913903755363431436e-03
-2.118455637252618373e-02
5.081582501549714942e-05
-6.643524004998882515e-02
-4.649083482511678217e-02
-3.052797851016548006e-02
-1.186961230324376088e-01
4.073433234295218558e-02
6.849077350864360425e-02
-3.992218934701619731e-02
2.502256540844390031e-02
-1.111936994909495241e-01
1.879056756827845315e-02
3.857409439427186143e-02
1.467365081344660814e-03
-6.102934489450945882e-02
1.243815092034400438e-02
-2.017515031149836116e-02
1.501493051268821578e-02
1.702160543985094254e-03
3.396842834935957095e-02
2.647288380278409181e-02
1.136727294148442979e-02
-1.445196879503497234e-01
1.044280487584130050e-02
5.446686260761805093e-02
9.277796890141068453e-02
-3.653076296230728381e-02
-5.718120844941485675e-02
-3.302989747070397136e-02
-5.163019319226516690e-02
-4.038423760451219369e-02
6.427831117690357976e-02
8.913098997884521049e-03
4.540056266053414669e-02
1.307884983010944996e-02
7.514025021003378768e-02
1.008874182479377046e-01
-1.173274092933546953e-01
-8.603253810696272208e-02
-9.818602966639956853e-02
-1.387002887673462193e-01
4.407526423590405612e-02
7.877621758452597878e-02
-8.317789928889391532e-03
-4.221385310193898760e-02
-8.045829259318357587e-03
2.525014245706924676e-02
1.344617845262942035e-01
7.609487150668381439e-02
-8.470555329733640837e-02
-1.616528469236067078e-02
5.873485432157143915e-02
5.371742826239548491e-02
1.177437644034263903e-01
-2.110553740649419655e-02
1.125548669604810315e-01
5.270659817662715768e-02
-6.941260735599678877e-02
-9.083666527825013520e-03
2.725871494648602830e-02
3.075834961968742509e-01
-1.174157155091319973e-02
2.585589437416141792e-02
-2.530733395974649885e-02
-7.563807348736846514e-02
-1.069707245505820414e-01
-9.899422664276706640e-02
1.231165877596207938e-03
1.034047376038327824e-02
7.276842250646019250e-02
-2.412150806688935847e-02
2.008036364575180588e-01
1.738580795651485100e-01
5.416538185968034630e-02
3.461444119170300343e-02
-8.502412840829326468e-02
-2.848607565254121510e-02
-4.699559169256177504e-02
1.038850525045656170e-01
-5.048633584112127703e-02
1.115915286305952103e-01
-3.111322386438106560e-02
-1.447730581968307839e-01
4.701843371667412119e-02
-1.607606097395503433e-02
-2.194768501317661061e-02
1.890323992410442369e-02
4.860048577351058080e-03
-3.025814781157212460e-02
-3.185220626230696878e-02
-5.287408885012953065e-04
4.296935964637452893e-02
