-8.123354331727433708e-02
1.770441003533338997e-01
-8.267625853754805021e-02
-5.434281427931442893e-02
7.263995508275392782e-03
8.065374902453828487e-02
-2.863064643023913430e-03
-2.682029754771859432e-03
-7.451466969104959814e-02
1.206034450056360008e+00
-1.251705929000838102e-01
7.773573968675033530e-02
8.068563640522485869e-02
-9.090629539488643239e-04
-3.133148605270383302e-02
2.345983316217592832e-02
9.477139111905329497e-03
1.050176666955692451e+00
-1.236899712825876435e-01
-5.632679644146145609e-02
-2.913900812139621002e-02
4.362123026806907257e-03
-8.177133150750383328e-02
-4.856772579765446457e-04
3.725827686042226805e-02
-2.921058978713031874e-03
-3.843024218095176386e-02
3.609361832960309574e-02
7.566370912092834633e-02
3.056077321260187996e-02
8.985899511749797369e-03
3.870706754756279150e-02
4.263744300774589130e-02
-6.817417822289616701e-03
5.395705035843702257e-02
-3.275765779786807275e-02
1.005052452800749355e-02
4.478136307001286120e-02
-2.027439567380469668e-02
-1.152851503086026706e-02
-1.910943592754780606e-03
-1.533778071620566993e-02
3.411958553828325913e-02
-1.291488841067931805e-02
-5.826397863315458704e-03
-1.018477973264332896e-03
-6.824911339110234509e-02
2.898601714012688166e-02
2.934828537482568264e-02
-6.364639861283472554e-03
4.613848900415293969e-02
1.816369133907410477e-02
4.791879837228858047e-03
-3.445121006364887384e-02
-1.162495226242483016e-03
-2.602835850114887731e-02
-7.572718398991842154e-03
-3.254825176712115853e-02
-2.367599735597939944e-02
-1.837607865292349360e-02
3.428669263043187393e-02
2.609018043388627514e-02
-3.990345469251278809e-02
1.670062436324026844e-01
-4.222530619788505274e-02
-6.744715176468250861e-02
-4.562789576085110599e-02
-4.229737739383273264e-03
-4.519722207356968724e-02
4.973092455819713015e-02
-3.335949594483402642e-02
1.169014943983207599e-01
4.357943673633992571e-02
5.381172339162846284e-03
8.018771626121780349e-02
4.434329174326976340e-03
-4.771891127859547929e-03
7.392616264254837921e-03
4.377431386316259221e-02
2.913140320337563940e-02
1.105612895920041021e-02
8.801010918171406350e-02
-3.830021589993569398e-02
-7.049617879242355348e-03
2.501779702527077986e-02
-2.417183130744385566e-01
1.244365269091953496e-01
-4.738850043534495460e-02
1.374684809577227627e-02
1.007168317048541817e-01
2.194253294215511851e-02
3.074024645537081976e-02
2.121073025672255696e-02
-4.542752178305370196e-03
6.718124953710728764e-02
-3.393739915148378389e-02
-7.124834858084997183e-03
9.757651390755513882e-03
-1.056011754200807812e-01
-2.470219028130780578e-02
2.429071852690829064e-02
6.463693433381384468e-02
-1.320316649099323725e-01
1.925989325919824288e-02
3.362145017738951691e-02
-5.299854561367380867e-01
1.253851641361112233e-02
1.155549299682839468e-02
9.852000356991892638e-02
3.438181849434773785e-02
5.609291213596310360e-02
-7.346383972441400401e-02
1.205539595870951802e-02
-6.598120017693791250e-02
-6.355341962556720903e-02
-5.050058953903111686e-02
3.666171681939868476e-02
-8.330401797084994661e-03
1.172280648549949011e-02
-6.659079318811599035e-02
7.494420025912960047e-03
1.638496434427747298e-02
-4.247054760433827993e-03
-3.972738258218264790e-02
-9.868543832101361879e-02
6.227728227558960994e-02
2.684331252404784096e-02
-7.453246565787666894e-03
1.287693614756297081e-02
-1.469195894107759581e-02
5.038198386559221420e-02
-3.195897734693380066e-02
1.033743245294526172e-02
7.963221501558480006e-03
2.533420642237672882e-02
6.592589296520491582e-02
-1.493747201474843883e-02
-5.540387939657757249e-02
7.851550927682159065e-02
1.464908138658722013e-02
-4.035066550424145082e-01
8.367068051099742221e-02
7.322072931795355066e-02
-2.612927758027688493e-02
-2.234522314194864814e-02
6.558846111204442997e-02
-3.564409023178957692e-02
5.458985702464812847e-04
4.465838955221791001e-02
-5.048153534724969700e-04
4.686080891602493678e-03
-3.049732656877727870e-03
1.075429186221061317e-01
1.881828408437111536e-02
-1.091197033783490866e-01
5.501790378695915751e-02
-2.441194737666280146e-02
1.225686807185088524e-02
-1.566939642120707826e-02
1.452566067632689827e-02
6.867575087972195569e-02
-1.316997951784417559e-02
-8.297691476417760545e-03
-3.385886615671696021e-02
-1.341425826974768087e-01
-4.733934630968380380e-02
3.025172176331866400e-02
-6.412282705741134681e-02
7.460302151525333159e-02
4.820540023058831475e-02
5.712957306953416609e-02
2.667975298238388360e-02
-3.347600589973698942e-02
3.820382695986516974e-02
-7.465302945216986674e-02
-1.811088580313974586e-03
4.592423177309134380e-02
-1.888997071243930445e-02
7.331542474809604748e-02
-1.181854077813845744e-01
2.033774000140448415e-02
8.334293341773787653e-03
-6.003447534610827085e-02
-2.009364171415268380e-02
-1.934360380775546409e-02
-3.999649542232976140e-02
-3.479725059227687517e-02
6.903912165994681438e-02
5.317071841739465232e-02
-3.039561365687050085e-02
1.601376990099966785e-02
3.272568926983077803e-02
-1.954813438218612563e-03
1.909295198989674480e-02
-1.427194378190572641e-02
4.056293921179983386e-02
-6.038316198399881762e-02
-3.961203691535521154e-02
-7.387854502433234549e-02
7.783243910364100182e-02
-3.230883885733691618e-02
-5.187719083734356612e-02
-4.352832537186090804e-03
6.302092365386283146e-02
1.062159971431616556e-01
-3.458529371220085691e-02
4.513356726914975747e-02
4.598979530432599494e-02
-3.574452374986790415e-03
-7.059622641956776745e-02
-4.560839922780463018e-02
-2.426897632913433203e-02
-1.293709191350138343e-02
-1.300846647708387427e-01
1.460283092482351358e-02
-6.061411175432500180e-03
-8.059364353467586214e-03
5.087912781754892061e-02
-3.572045341696111070e-02
2.180772249559235695e-02
1.481542287112254039e-02
1.960262262310236495e-02
-4.420240494780376672e-02
-1.377253917060238322e-02
2.333136455747908053e-02
5.211127271900018593e-02
3.588382773097668899e-02
9.495924723596600378e-03
5.931372457702895756e-02
8.591275358617662949e-02
-5.928810318307609767e-02
-3.700226402519762176e-02
4.049260209945555050e-02
9.041059599807797775e-02
-6.981970977981660775e-02
-2.044961750102513784e-02
-6.409427024624989033e-02
-2.951945512672873514e-02
-1.179075680728895736e-02
3.372610203465056800e-02
4.346836894615360714e-03
1.092899046542620406e-02
-2.277669595422736337e-02
1.564321934430908459e-02
1.806203487749826614e-02
-5.325815998001206392e-02
-7.661975192563369452e-02
-7.818461860575810773e-02
-6.985006594527659596e-02
-3.411883404325269376e-02
5.762109315727152736e-02
4.281867679521084158e-02
5.055435847924614687e-03
-5.655599184134656870e-02
4.643814147333557435e-02
1.486637811515506280e-01
7.861501004138486681e-02
-5.755334570385885196e-02
3.094407801593795915e-02
2.540364914979027430e-02
1.137583629048392019e-02
7.829591748948669383e-02
3.281726096798882279e-03
1.071918187325681393e-01
1.342139165109766490e-02
-5.588461041481509323e-02
2.334868819380279265e-03
-1.953675214319326378e-02
2.133686322897699328e-01
-2.941965270570952307e-02
-1.616862837388104114e-03
-1.658692069541388425e-02
6.611939940742958197e-03
-8.021088206577502155e-02
-7.144212757232867861e-02
-4.531159044404282216e-02
-2.221801232118793268e-02
6.619470238482326463e-02
-1.010184246541626918e-01
1.562535704834316086e-01
1.578623202395661729e-01
5.043726373419616521e-03
8.612716958379396104e-03
-1.092835151824294027e-01
8.918804765288555411e-03
-3.647842259485462035e-02
8.618617076405749033e-02
-1.009584955715844418e-01
1.361940441739645791e-01
-7.911641775739995316e-03
-1.013874192986068956e-01
1.031166552298296187e-02
-2.613931515474616357e-02
-5.737115578891369833e-02
-7.382227815697346707e-02
5.150804095448929115e-02
-3.704397729161247599e-02
-6.970197555836150916e-02
-4.904043469464435673e-02
-1.346982515300297611e-02
