-4.627227410674095154e-02
2.084621042013168335e-01
-8.878897130489349365e-02
-4.380775243043899536e-02
4.037261009216308594e-02
3.649478405714035034e-02
-1.299671456217765808e-02
-1.816294901072978973e-02
-5.841393955051898956e-03
1.175531744956970215e+00
-8.438137173652648926e-02
1.260802745819091797e-01
7.043577730655670166e-02
-3.282576054334640503e-02
-2.915085665881633759e-02
-3.725611418485641479e-02
7.419161498546600342e-03
1.232830286026000977e+00
-1.883539557456970215e-01
-8.652447164058685303e-02
-1.240208279341459274e-02
-3.947965055704116821e-02
-6.777227669954299927e-02
-3.878447692841291428e-03
6.030510365962982178e-02
1.134444959461688995e-02
-7.808252424001693726e-02
2.554771024733781815e-03
-2.670123707503080368e-03
7.322001457214355469e-02
9.841991588473320007e-03
2.389457309618592262e-03
-3.680338338017463684e-02
2.794420160353183746e-02
5.498188734054565430e-02
-9.349781274795532227e-02
-2.845638059079647064e-02
4.956575855612754822e-02
6.845063995569944382e-03
-2.958274632692337036e-02
2.181869465857744217e-03
2.908926270902156830e-02
3.263975679874420166e-02
-4.957463964819908142e-02
-2.329334802925586700e-02
-1.587837003171443939e-02
-1.096458584070205688e-01
2.428482845425605774e-02
-8.325100690126419067e-02
-1.882074587047100067e-02
3.277269378304481506e-02
1.501974835991859436e-02
-1.239419449120759964e-02
-8.174534887075424194e-03
-7.704374194145202637e-02
3.508377121761441231e-03
-1.654650643467903137e-02
4.529117047786712646e-02
8.031540550291538239e-03
-6.851043552160263062e-02
4.477574490010738373e-03
1.716754585504531860e-02
5.364570301026105881e-03
1.837695688009262085e-01
-7.285247743129730225e-02
-5.662643164396286011e-02
4.180037602782249451e-02
3.851103410124778748e-02
-3.684286400675773621e-02
1.110925376415252686e-01
2.513628453016281128e-02
1.978395134210586548e-02
6.726328283548355103e-02
5.753576382994651794e-02
7.889744639396667480e-02
6.733503658324480057e-03
2.471789717674255371e-02
-3.188095614314079285e-02
1.556206308305263519e-02
1.184910014271736145e-01
-6.193496659398078918e-02
5.833949893712997437e-02
-2.402375265955924988e-02
5.273605883121490479e-02
2.589122205972671509e-02
-1.551465541124343872e-01
1.374405920505523682e-01
-7.799956947565078735e-02
1.143030822277069092e-01
6.295262277126312256e-02
-1.018351688981056213e-02
3.485339879989624023e-02
7.435429841279983521e-03
-5.043810978531837463e-02
5.223262310028076172e-02
-7.915865629911422729e-02
-3.582122549414634705e-02
-1.867567375302314758e-02
-5.346541479229927063e-02
-9.566168300807476044e-03
5.821029189974069595e-03
4.327083751559257507e-02
-1.084338128566741943e-01
-3.278514370322227478e-02
5.406932160258293152e-02
-3.907393217086791992e-01
1.100553050637245178e-01
9.249459020793437958e-03
5.432453006505966187e-02
3.616743534803390503e-02
3.508317843079566956e-02
-1.234505996108055115e-01
5.600661784410476685e-02
-5.221145972609519958e-02
-2.412719838321208954e-02
-1.897920854389667511e-02
-4.350473731756210327e-02
-3.240232542157173157e-02
-1.254871767014265060e-02
-9.895243681967258453e-03
9.172326885163784027e-03
1.195146422833204269e-02
-1.291401870548725128e-02
-2.305670827627182007e-02
-1.030485928058624268e-01
3.919755294919013977e-02
-1.309408154338598251e-02
-8.442646265029907227e-02
5.379323288798332214e-02
-2.616448886692523956e-02
-1.736115477979183197e-02
9.621048718690872192e-02
-4.753476381301879883e-02
3.724659979343414307e-02
7.234473526477813721e-02
3.846175968647003174e-02
-2.124242950230836868e-03
2.494193427264690399e-02
7.443881127983331680e-03
-2.630971744656562805e-02
-5.371973514556884766e-01
6.938877701759338379e-02
5.328603833913803101e-02
-8.957724203355610371e-04
2.860842831432819366e-02
4.994977265596389771e-02
-2.014638483524322510e-02
8.310161530971527100e-03
2.407369203865528107e-02
-4.666043445467948914e-02
-2.249144203960895538e-02
-3.112220205366611481e-02
8.547557890415191650e-02
-3.823845880106091499e-03
-8.780294656753540039e-02
-5.966553930193185806e-03
-8.554428815841674805e-02
8.041987568140029907e-02
4.067539423704147339e-02
-2.954515069723129272e-02
8.703180402517318726e-02
8.863712660968303680e-03
-3.664644807577133179e-02
-8.144614845514297485e-02
-1.110699623823165894e-01
-4.608143121004104614e-02
1.951925456523895264e-02
-2.504348941147327423e-02
9.381043910980224609e-02
8.639753609895706177e-02
9.447371959686279297e-02
-2.797627076506614685e-02
-5.552880093455314636e-02
-7.459455728530883789e-02
-7.112136483192443848e-02
-5.708224605768918991e-03
6.773046683520078659e-03
-4.324182495474815369e-02
4.399157315492630005e-02
-1.492624133825302124e-01
-1.295490935444831848e-02
-2.412363141775131226e-02
-6.698900461196899414e-02
-7.798926532268524170e-02
-7.204577326774597168e-02
-2.618170809000730515e-03
-3.263998776674270630e-02
1.639987342059612274e-02
8.459881693124771118e-02
2.269788086414337158e-02
-2.500532008707523346e-02
2.799504995346069336e-02
1.689120940864086151e-02
6.227858364582061768e-02
-1.038792822510004044e-02
3.834162652492523193e-02
-3.012040443718433380e-02
-1.339213401079177856e-01
-1.557003408670425415e-01
1.205083057284355164e-01
5.155250057578086853e-02
-7.885560393333435059e-02
-4.072360694408416748e-02
7.624077051877975464e-02
1.344334483146667480e-01
-8.505966514348983765e-02
2.039498649537563324e-02
-1.631885208189487457e-02
-8.962116390466690063e-02
2.660042606294155121e-03
-4.220840707421302795e-02
-8.955153822898864746e-02
-2.197491563856601715e-02
-1.140012890100479126e-01
3.490827605128288269e-02
6.555031239986419678e-02
-7.600719481706619263e-02
6.585872173309326172e-02
-7.222581654787063599e-02
8.734205365180969238e-02
6.770206242799758911e-02
-1.242909114807844162e-02
-4.297298565506935120e-02
1.534140575677156448e-02
6.754092872142791748e-03
1.602252386510372162e-02
1.082388404756784439e-02
-3.624240309000015259e-02
1.036676168441772461e-01
6.165873631834983826e-02
-1.176330726593732834e-02
-8.733355253934860229e-02
8.181741088628768921e-02
3.348806500434875488e-02
-8.461017906665802002e-02
-3.786439821124076843e-02
-8.036331832408905029e-02
-1.809379085898399353e-03
-2.771347202360630035e-02
1.050333399325609207e-02
9.635940194129943848e-03
3.157596290111541748e-02
1.896884106099605560e-02
9.056434780359268188e-02
2.452305331826210022e-02
-1.330297291278839111e-01
-2.970761060714721680e-02
-4.025886580348014832e-02
-9.513234347105026245e-02
-2.056686766445636749e-02
6.690887361764907837e-02
6.939013302326202393e-02
2.177578024566173553e-02
-8.533594012260437012e-02
1.548724342137575150e-02
2.117536216974258423e-01
1.278042942285537720e-01
-5.505435168743133545e-02
-8.351880125701427460e-03
-6.208784179762005806e-04
2.271042019128799438e-02
1.113484650850296021e-01
2.500876598060131073e-02
2.745895646512508392e-02
5.905319005250930786e-03
-1.057549566030502319e-01
8.038921281695365906e-03
9.865574538707733154e-03
3.055017292499542236e-01
-6.532685458660125732e-02
3.210047027096152306e-03
4.052571486681699753e-03
-4.001829400658607483e-02
-9.833829104900360107e-02
-9.391718357801437378e-02
-2.888213098049163818e-02
2.452092617750167847e-02
4.048460721969604492e-02
-7.705537974834442139e-02
1.392432600259780884e-01
1.701996028423309326e-01
2.849004790186882019e-02
-1.033338624984025955e-02
-7.023460417985916138e-02
3.070864593610167503e-03
-9.708679467439651489e-02
7.633376400917768478e-03
-9.545095264911651611e-02
1.680245995521545410e-01
2.822099812328815460e-02
-6.190821900963783264e-02
-6.456755363615229726e-05
1.197393052279949188e-02
-2.377187833189964294e-02
-2.839108742773532867e-02
-5.874061957001686096e-03
-2.674520760774612427e-02
-2.322278544306755066e-02
-5.527105554938316345e-02
5.892474949359893799e-02
