-8.745670290249740741e-02
2.172866129691616854e-01
-6.612262027153965882e-02
-2.624076048339207996e-03
-3.732003736529702909e-03
3.478706680476030544e-02
-3.969284891257265913e-02
-3.634118341101433974e-02
-5.467647073370108558e-03
1.097828813652720337e+00
-8.718209882575020386e-02
1.025754554495032916e-01
7.436229941127320275e-02
-3.497458310399600978e-02
-4.248143989610778798e-02
-2.681198493213751005e-02
2.839607753986945430e-03
1.140690116848299684e+00
-1.611436152489722218e-01
-5.640381552693226469e-02
-1.465871087422532595e-02
-3.303800012622896964e-02
-9.940106916578669849e-02
7.232830271973772485e-03
6.512636453036416140e-02
-9.742518355462382110e-03
-6.803940238111409744e-02
-1.240475209222916507e-02
4.409590021760080580e-02
3.346228334831635037e-02
8.476745791313076636e-03
5.438217466725530497e-02
4.007172229378222830e-03
4.248338719423114251e-02
1.075248865701346063e-01
-8.372063374311827788e-02
8.835786391667991430e-03
5.838592973884058901e-02
-1.256585972501307082e-02
-2.195685009620954378e-02
5.253765909375608320e-03
-3.514539969490394072e-02
5.739637190226417468e-02
-8.750789206389813363e-03
-4.937595652885709563e-02
2.566751443007980272e-04
-8.836043945622866491e-02
3.336309378876575055e-02
-5.223493307862206274e-03
-1.851847476317651162e-02
4.776370381269158527e-02
7.048148943457110960e-02
-1.910146653674800812e-02
5.984344124186599971e-04
-3.227089481922985892e-02
9.254271521078315590e-03
8.570867494982878712e-03
-6.611588982854004620e-03
-3.805034925017108157e-03
-2.705596036218103212e-02
2.058077986316331209e-02
-8.910908798127198382e-03
-3.043459268890773978e-02
1.650673759143590769e-01
-8.104236295506504761e-02
-8.272142952226499424e-02
2.206328570726028004e-02
2.047111419012261416e-02
-6.740920865168237297e-02
6.771040411051507113e-02
9.425579316686380146e-03
9.352719705687864704e-02
3.552376435073616341e-03
4.672243369735226345e-03
8.141806634517792518e-02
9.825274145535595888e-03
1.913979114091286012e-03
1.017160881335717106e-03
4.853782239647942698e-02
7.539537360411262268e-02
-2.920774481211746779e-03
6.306387546326672200e-02
-5.330294099884920478e-02
-1.417184379317094900e-02
2.294757430929686079e-02
-1.989382389520816807e-01
1.646320821981269444e-01
-1.384507840773367138e-01
3.974554860664361589e-02
5.613830718460698782e-02
4.040382547867691493e-02
2.889900545027219297e-02
4.807813989758152884e-02
-5.556003473058764713e-02
7.425506285497893155e-02
-7.855178867892732841e-02
-1.573008902186003727e-02
-3.514175414256889233e-03
-5.865495723432966740e-02
-4.430555264100480978e-02
4.224002999379748019e-02
4.511070785297977004e-02
-1.125218938382321343e-01
9.383308179981687466e-03
2.151074862509739366e-02
-2.608098974085256705e-01
3.791090092884018270e-02
9.120979840568645483e-03
8.855981475097651767e-02
4.883187442492131769e-02
4.054728728656411402e-02
-1.019127833904460712e-01
4.286193393995858109e-02
-3.007276066923139993e-02
-6.423412154087768111e-02
-2.823871119740673299e-02
1.158606466006922679e-02
-2.037888784828302893e-02
9.670299375511002757e-03
-3.501518101602787286e-02
2.553176656963481936e-02
-6.272169663750371688e-03
-2.640085222976748178e-02
-3.756778349536989831e-02
-7.928319685760347457e-02
6.700992743596283219e-02
2.377276660573742623e-03
-3.850383568672404583e-02
3.725223860190842590e-02
-3.484457717620026429e-02
6.735924468620888006e-02
3.344221216110404571e-02
-3.532750998527797530e-05
-2.156738108546181650e-03
1.613689255261489429e-03
4.716781056331439959e-02
-2.070300160437341802e-02
-1.086384607658574288e-02
4.666881667068207423e-02
-1.328929349260823609e-02
-4.077796852733722166e-01
1.064297741622753507e-01
7.849144246073445907e-02
6.123119229139461529e-04
6.676799691924421160e-03
2.423203267568253480e-02
-5.277450736260905911e-02
1.211310540247178061e-02
7.748423379335356298e-02
-7.467836241618909521e-02
4.426034929382259564e-02
-3.051875701628033177e-02
7.700946348843050460e-02
3.944230760874753786e-03
-8.720185213781897482e-02
7.437799042918490956e-03
-5.941436345517525641e-02
3.078282365716724159e-02
-2.808467190639705319e-02
1.970072751057888594e-02
5.731717844130929801e-02
-6.120229850460319476e-02
-1.306235066375934298e-02
-4.792224091183450857e-02
-1.376781622599727306e-01
-6.211497060370767265e-02
1.474439824903758453e-02
-4.538706900335499894e-02
5.224046710966414458e-02
7.212084413541484940e-02
8.286685114304497002e-02
-4.287963295262537181e-03
-4.873363348489353347e-02
-2.361512462547800395e-02
-6.840790727585066566e-02
-4.741449669241652037e-02
1.593415485219036240e-02
-5.608744215573450986e-02
6.310754700267066919e-02
-1.295615633746322048e-01
1.624971976928291789e-02
-3.160573982991767700e-02
-4.852190360976409850e-02
-5.039161516855732159e-02
-6.715123420055411907e-02
-3.928338067453686355e-02
-4.147968015933684027e-02
9.977374898760521527e-02
4.246875993172102154e-02
1.201851502068681382e-02
-3.449235900240027464e-02
5.157779505060692410e-02
1.534096229005623216e-02
4.156625232834782607e-02
4.015769250238361565e-02
2.753701683578892601e-03
-8.131532008815524348e-02
-8.919107974467146982e-02
-1.410062299122932794e-01
7.840377399792138047e-02
4.282694765053925851e-02
-5.052671961341897305e-02
-2.032690399902348927e-02
3.845048272168882786e-02
1.422429394273946324e-01
-5.263754572596395648e-02
2.287456815034831503e-02
-2.102900008474000576e-02
-1.590364634727319676e-02
-2.847034706479198429e-02
-1.398972636546746973e-02
-6.083895970668744269e-02
1.467967436449800663e-02
-1.680696891243169677e-01
4.182977833119534694e-02
4.312859864697921736e-02
-4.402139729222839803e-02
4.912288786734552576e-02
-7.000822590788745303e-02
8.148987609216892802e-02
5.685643719291759608e-03
1.936637667309451874e-02
-7.816880169300602366e-02
-1.524867587732338207e-02
-1.830319288361352548e-03
5.496209406493166721e-02
4.424049085769061335e-02
5.549688895847323077e-03
6.570118791392849655e-02
6.907888914180959627e-02
-5.128840852820865104e-02
-4.943914610266451903e-02
7.059669039013082015e-02
8.782552817533140210e-02
-7.201924923717975546e-02
-5.192306752737310682e-02
-6.542974256498548802e-02
-1.488009464249328423e-02
-3.162416157051906040e-02
3.911952980429383303e-02
1.022872715964472622e-02
1.983052193877125891e-02
4.785076843787964933e-03
5.169917830226520433e-02
1.299453938560131069e-02
-8.782538800991378236e-02
-5.210830613857250077e-02
-8.403447412498334101e-02
-1.022196655605078913e-01
-5.076449522668672470e-02
7.493384893115459522e-02
7.503656014682287545e-02
2.189486694617519963e-02
-6.034063159978880764e-02
4.202329421089592842e-02
1.755361807791082640e-01
8.290656300940117684e-02
-1.007984082494797068e-01
1.755840047190091943e-02
7.223151975034857245e-03
4.618675776404281008e-02
9.195669361153258059e-02
8.180819050410532284e-03
1.206443796711126615e-01
6.466725520790615918e-03
-5.900921030963902220e-02
1.732540800350942239e-02
-3.203837540912283371e-02
2.089550403804553980e-01
-1.245726957125721512e-01
5.786499495244307179e-02
1.835659246616486856e-02
-4.322822622345987714e-02
-4.500617949279021174e-02
-9.299188530335961156e-02
-4.325725548263038150e-02
6.159649371802626561e-03
4.946757965881014296e-02
-9.916681270568274142e-02
1.507229772288063430e-01
1.664984548164361589e-01
2.407094506652971561e-02
4.351262185580935526e-02
-8.128741715823345482e-02
1.090056065566338828e-02
-5.601328463799837981e-02
5.479095709592633062e-02
-1.045089572910365833e-01
1.349588330163725980e-01
4.807080624269537833e-02
-8.058816693108539209e-02
-8.139847572511174287e-03
9.765325897010616873e-03
-5.004170722119416492e-02
-7.541049144558442663e-02
2.781625513165617708e-02
-3.759129874712940911e-02
-5.473545659645687178e-02
-1.774154911660545328e-02
4.327068132727519834e-02
