-7.299158722162246704e-02
1.860683709383010864e-01
-7.256209105253219604e-02
-2.217756770551204681e-02
-8.023652248084545135e-03
6.912785023450851440e-02
-3.478521481156349182e-03
-1.930355466902256012e-02
-2.863883785903453827e-02
1.476361393928527832e+00
-1.074455976486206055e-01
1.138112843036651611e-01
9.423573315143585205e-02
-1.965935900807380676e-02
-5.897134542465209961e-02
-3.505793958902359009e-02
1.480402518063783646e-02
1.252503871917724609e+00
-1.943530142307281494e-01
-7.657818496227264404e-02
-9.932913817465305328e-03
-4.546955600380897522e-02
-9.610583633184432983e-02
-1.643699407577514648e-02
3.905659914016723633e-02
3.286478668451309204e-02
-5.523991584777832031e-02
1.057126838713884354e-02
4.246068373322486877e-02
4.335420951247215271e-02
-1.413808017969131470e-02
-8.249670267105102539e-03
3.918105270713567734e-03
4.386204108595848083e-02
7.535839825868606567e-02
-7.023258507251739502e-02
1.487025897949934006e-02
4.281006008386611938e-02
7.889281841926276684e-04
-3.720817342400550842e-02
1.128928363323211670e-02
2.649872936308383942e-02
4.840227589011192322e-02
-3.466318547725677490e-02
-3.722443431615829468e-02
-1.543446630239486694e-02
-9.704048186540603638e-02
-1.622519083321094513e-02
-3.913898766040802002e-02
-1.959458179771900177e-02
3.499723225831985474e-02
3.490237519145011902e-02
-3.202084824442863464e-02
-2.912785392254590988e-03
-3.726550564169883728e-02
3.404237329959869385e-03
2.084372565150260925e-02
-1.983303017914295197e-02
6.936689838767051697e-03
-4.005467146635055542e-02
1.273484807461500168e-02
3.268885239958763123e-02
3.675396787002682686e-03
1.740373224020004272e-01
-4.704799503087997437e-02
-5.396216362714767456e-02
3.182415151968598366e-03
4.935558512806892395e-02
-3.369899839162826538e-02
7.533934712409973145e-02
2.186835743486881256e-02
2.199050597846508026e-02
7.482103258371353149e-02
1.604473777115345001e-02
7.946726679801940918e-02
-2.161609195172786713e-02
-4.768439102917909622e-03
-4.079677909612655640e-02
2.632958069443702698e-02
1.146767362952232361e-01
-3.437787666916847229e-02
4.132599011063575745e-02
-5.215290561318397522e-02
1.683800108730792999e-02
3.269361704587936401e-02
-2.358344942331314087e-01
3.881128132343292236e-02
-4.246756434440612793e-02
9.063753485679626465e-02
8.284246176481246948e-02
-2.158268541097640991e-02
6.610072404146194458e-02
-1.450155396014451981e-02
-1.569151133298873901e-02
4.893324524164199829e-02
-7.119413465261459351e-02
-2.957096882164478302e-02
-9.843680076301097870e-03
-5.698015168309211731e-02
-2.654591016471385956e-02
1.402088347822427750e-02
5.667058750987052917e-02
-1.247974336147308350e-01
-4.702378064393997192e-03
6.296081095933914185e-02
-6.690648198127746582e-01
7.552877068519592285e-02
1.017956621944904327e-02
2.669514156877994537e-02
4.828573018312454224e-02
1.185920834541320801e-02
-9.927574545145034790e-02
3.988780453801155090e-02
-7.401972264051437378e-02
-4.534923285245895386e-02
8.299789042212069035e-04
-2.452003397047519684e-02
9.890902787446975708e-03
-1.175407785922288895e-02
-2.060345187783241272e-02
-5.009378772228956223e-03
4.944996908307075500e-03
-1.795728132128715515e-02
-1.273455936461687088e-02
-7.826737314462661743e-02
4.346157237887382507e-02
-1.730880141258239746e-02
-7.972532510757446289e-02
3.093753941357135773e-02
-2.325158938765525818e-02
2.370950765907764435e-02
3.944117575883865356e-02
-4.931705072522163391e-02
-1.066287513822317123e-02
3.888534381985664368e-02
8.518821746110916138e-02
-1.069229468703269958e-02
-2.480502426624298096e-02
5.821176618337631226e-02
2.220270689576864243e-03
-5.335258245468139648e-01
6.552647054195404053e-02
6.954122334718704224e-02
1.786920940503478050e-03
3.586771199479699135e-03
-1.527893170714378357e-02
-2.043994702398777008e-02
7.842024788260459900e-03
5.114702135324478149e-02
-4.793453589081764221e-02
5.742616951465606689e-03
2.243319153785705566e-02
7.418452203273773193e-02
6.654139142483472824e-03
-9.557652473449707031e-02
6.377834361046552658e-03
-6.274391710758209229e-02
6.492067873477935791e-02
-2.332548983395099640e-02
-3.219638392329216003e-02
7.421164959669113159e-02
2.117849141359329224e-02
-2.945752814412117004e-02
-7.453175634145736694e-02
-1.429600417613983154e-01
-6.781185418367385864e-02
6.420533359050750732e-02
-3.739121556282043457e-02
9.710818529129028320e-02
5.093118548393249512e-02
6.916353106498718262e-02
-2.247912576422095299e-03
-1.419104542583227158e-02
-5.170973017811775208e-02
-6.357349455356597900e-02
-1.508782501332461834e-03
2.481105178594589233e-02
-3.983034938573837280e-02
4.576954245567321777e-02
-1.198847591876983643e-01
-1.692584919510409236e-04
-1.357179880142211914e-02
-6.165309250354766846e-02
-6.034409627318382263e-02
-6.490338593721389771e-02
-3.719128668308258057e-02
-2.769104391336441040e-02
1.681764726527035236e-03
3.439308330416679382e-02
-4.359139129519462585e-03
-1.689067925326526165e-03
-3.114959108643233776e-04
-1.920709945261478424e-02
5.416185781359672546e-02
3.003221377730369568e-02
5.823376402258872986e-02
-5.741089209914207458e-02
-8.856258541345596313e-02
-1.259780228137969971e-01
1.422235816717147827e-01
3.585724160075187683e-03
-7.401772588491439819e-02
-1.273991819471120834e-02
8.111468702554702759e-02
1.598945856094360352e-01
-4.842279851436614990e-02
9.413895197212696075e-03
1.800765469670295715e-02
-4.115156456828117371e-02
-1.075346302241086960e-02
-6.023997440934181213e-02
-7.101050764322280884e-02
-2.825364656746387482e-02
-1.343073993921279907e-01
4.901748523116111755e-02
4.146596416831016541e-02
-4.905175045132637024e-02
8.464495837688446045e-02
-8.371901512145996094e-02
6.093035638332366943e-02
5.374077707529067993e-02
1.234572380781173706e-02
-3.681115061044692993e-02
1.671604998409748077e-02
1.454263553023338318e-02
1.774753816425800323e-02
-5.003741011023521423e-03
-1.795212738215923309e-02
6.586108356714248657e-02
5.747038498520851135e-02
-5.243164300918579102e-02
-5.573449656367301941e-02
6.256468594074249268e-02
4.672021791338920593e-02
-8.334731310606002808e-02
-2.288157679140567780e-02
-5.838406458497047424e-02
-2.393079362809658051e-02
-6.598896533250808716e-02
1.693240739405155182e-02
3.899244219064712524e-02
1.790338382124900818e-02
1.578110386617481709e-03
5.767960846424102783e-02
4.256355389952659607e-02
-1.118759587407112122e-01
-4.724451526999473572e-02
-7.006873935461044312e-02
-8.193541318178176880e-02
-2.293512411415576935e-02
5.580975860357284546e-02
4.383295774459838867e-02
1.977323926985263824e-02
-6.276629120111465454e-02
4.661169275641441345e-02
1.812715679407119751e-01
1.095908209681510925e-01
-5.191212892532348633e-02
-2.821880334522575140e-04
-8.387880399823188782e-03
3.301184996962547302e-02
1.272904276847839355e-01
-7.780727930366992950e-03
8.059955388307571411e-02
1.846425817348062992e-03
-7.858413457870483398e-02
9.757321327924728394e-03
1.242151297628879547e-02
3.705534934997558594e-01
-4.628770053386688232e-02
1.608919724822044373e-02
1.275554019957780838e-02
-2.587310224771499634e-02
-1.297431439161300659e-01
-9.817804396152496338e-02
-4.220999404788017273e-02
3.087532520294189453e-02
6.661964952945709229e-02
-7.668043673038482666e-02
1.564224362373352051e-01
2.009125202894210815e-01
2.138088084757328033e-02
2.243107184767723083e-02
-1.128884553909301758e-01
-2.593898959457874298e-02
-8.384691923856735229e-02
4.833232238888740540e-02
-1.139903292059898376e-01
1.590529531240463257e-01
-5.332509521394968033e-03
-1.202639862895011902e-01
8.802000433206558228e-03
2.243543416261672974e-02
-3.058436326682567596e-02
-2.731220424175262451e-02
4.584135022014379501e-03
-2.964565157890319824e-02
-2.054604329168796539e-02
-4.503344744443893433e-02
5.390878021717071533e-02
