-5.773461610078811646e-02
1.134782955050468445e-01
-9.697028249502182007e-02
-5.737579613924026489e-02
1.802436262369155884e-02
5.656696483492851257e-02
-1.958138309419155121e-03
-2.253504842519760132e-02
9.250443428754806519e-03
1.623550176620483398e+00
-1.827755421400070190e-01
9.368663281202316284e-02
8.789294213056564331e-02
-3.874816000461578369e-02
-3.152307868003845215e-02
-1.579538173973560333e-02
-5.249368399381637573e-02
1.269501924514770508e+00
-1.884751617908477783e-01
-7.917269319295883179e-02
-1.219428027980029583e-03
-3.606851026415824890e-02
-1.005072072148323059e-01
-9.968494996428489685e-04
6.961542367935180664e-02
5.874479562044143677e-02
1.791161671280860901e-02
-8.585019968450069427e-03
1.505968254059553146e-02
-1.644285023212432861e-02
-1.318070944398641586e-02
1.651974022388458252e-02
5.448535084724426270e-02
3.851899504661560059e-02
4.218108206987380981e-02
-7.354265451431274414e-02
7.512338459491729736e-03
2.725853212177753448e-02
-6.188476458191871643e-02
-5.158808454871177673e-02
-9.567763656377792358e-03
5.289939790964126587e-02
-2.158590650651603937e-04
-2.268015407025814056e-02
-3.398691117763519287e-02
5.365255754441022873e-03
-4.216634109616279602e-02
3.189786151051521301e-02
1.236782502382993698e-02
1.387834548950195312e-02
-1.147014554589986801e-03
3.824211424216628075e-03
-5.981326103210449219e-03
2.879331354051828384e-03
-2.335088886320590973e-02
3.804279491305351257e-02
-1.481330487877130508e-02
-3.203892335295677185e-02
1.260596618521958590e-04
-3.606370463967323303e-02
3.663330152630805969e-02
1.881045475602149963e-02
-2.832194976508617401e-02
1.653963178396224976e-01
4.820901900529861450e-02
-2.537398599088191986e-02
-5.046364385634660721e-03
7.727219164371490479e-02
1.066967938095331192e-02
5.446307733654975891e-02
1.447597518563270569e-02
5.751978605985641479e-02
1.522794812917709351e-01
-3.945219144225120544e-02
7.226130366325378418e-02
-1.519967988133430481e-02
3.545144200325012207e-02
-5.866400524973869324e-02
1.834953017532825470e-02
1.278251111507415771e-01
-1.863582991063594818e-02
7.721207290887832642e-02
-4.557088389992713928e-02
-3.435312956571578979e-02
2.274333871901035309e-02
-1.805474460124969482e-01
-1.426625847816467285e-01
3.437367966398596764e-03
1.097129359841346741e-01
6.868829578161239624e-02
-8.313748240470886230e-02
-6.086123641580343246e-03
-4.434294998645782471e-02
-1.808327436447143555e-02
1.170411258935928345e-01
-5.450136959552764893e-02
-1.484716776758432388e-02
5.293690599501132965e-03
-1.510164351202547550e-03
-5.985596403479576111e-02
1.431130897253751755e-02
-2.697706222534179688e-02
-7.721558213233947754e-02
2.443332597613334656e-02
8.446629345417022705e-02
-7.459900975227355957e-01
5.480950698256492615e-02
5.005722865462303162e-02
8.101925253868103027e-02
3.657525777816772461e-02
1.096422038972377777e-02
-7.272174954414367676e-02
6.207069009542465210e-02
-5.176018178462982178e-02
-3.383854404091835022e-02
1.767071546055376530e-03
-3.329059574753046036e-03
6.957817822694778442e-02
-1.515208650380373001e-02
8.633567951619625092e-03
3.150367736816406250e-02
-1.030746567994356155e-02
-2.897093817591667175e-02
2.035924792289733887e-02
-4.163525253534317017e-02
5.223300307989120483e-02
1.824388466775417328e-02
-3.775726258754730225e-02
4.919872060418128967e-02
-2.362963929772377014e-02
3.964757919311523438e-02
3.272961452603340149e-02
-3.309527412056922913e-02
-3.497691079974174500e-02
2.025527320802211761e-02
7.442440092563629150e-02
1.463591004721820354e-03
-5.935098510235548019e-03
8.164008706808090210e-02
1.981698907911777496e-02
-4.608660638332366943e-01
2.166330348700284958e-03
4.669675603508949280e-02
-3.059466369450092316e-02
-6.061923224478960037e-03
-4.540619999170303345e-02
-2.186843007802963257e-02
-3.111579455435276031e-02
6.357252597808837891e-02
-1.949700526893138885e-02
1.102086249738931656e-02
-1.380048319697380066e-02
3.806190192699432373e-02
1.691885851323604584e-02
-7.163525372743606567e-02
3.461342304944992065e-02
-7.581182569265365601e-02
2.982795983552932739e-02
-1.515903789550065994e-02
-3.431580960750579834e-02
1.779477298259735107e-02
6.267868913710117340e-03
-3.966022655367851257e-02
-8.644880354404449463e-02
-1.657672077417373657e-01
-1.068683117628097534e-01
3.783711045980453491e-02
-4.122728481888771057e-02
1.259650737047195435e-01
3.332749381661415100e-02
4.209918528795242310e-02
1.233219262212514877e-02
2.032273635268211365e-02
-3.423647582530975342e-02
-3.812060505151748657e-02
3.536088019609451294e-02
5.033568292856216431e-02
-9.453563950955867767e-03
4.814056307077407837e-02
-1.891305670142173767e-02
1.186572946608066559e-02
-2.024800516664981842e-02
-5.559389665722846985e-02
-6.963726878166198730e-02
-6.962466239929199219e-02
3.450241871178150177e-03
-9.664499759674072266e-02
9.833983145654201508e-03
1.389788184314966202e-02
-2.219915017485618591e-02
-5.121282860636711121e-02
-1.741953194141387939e-02
-3.502838686108589172e-02
9.965076297521591187e-02
4.005461465567350388e-03
8.703518658876419067e-02
-5.612071231007575989e-02
-5.586289241909980774e-02
-9.198749810457229614e-02
1.758294403553009033e-01
1.533353002741932869e-03
-1.313929855823516846e-01
-5.307293310761451721e-02
8.729317784309387207e-02
1.072924062609672546e-01
-2.659080736339092255e-02
3.090277686715126038e-02
4.553949832916259766e-02
-4.180562868714332581e-02
1.015107892453670502e-02
-4.437166079878807068e-02
-5.685360729694366455e-02
-3.797839581966400146e-02
-1.456587463617324829e-01
-3.327075683046132326e-04
4.926450550556182861e-02
-6.981434673070907593e-02
6.523928046226501465e-02
-1.838049441576004028e-01
1.921673305332660675e-02
4.500348865985870361e-02
3.311625495553016663e-02
-3.574580326676368713e-02
2.687615714967250824e-02
-5.648082587867975235e-03
4.390162602066993713e-02
2.422140911221504211e-02
2.961089834570884705e-02
6.481646001338958740e-02
4.960274323821067810e-02
-1.147063598036766052e-01
-1.731660962104797363e-02
1.621977984905242920e-02
4.340011626482009888e-02
-8.322113752365112305e-02
-2.654791437089443207e-02
-4.746058955788612366e-02
-3.086486458778381348e-02
-5.008169636130332947e-02
3.745682910084724426e-02
3.952367603778839111e-02
-1.816467964090406895e-03
2.605630084872245789e-02
3.326404839754104614e-02
8.740859478712081909e-02
-1.697874367237091064e-01
-3.250740095973014832e-02
-9.139095991849899292e-02
-9.103607386350631714e-02
-1.959405280649662018e-02
8.218501508235931396e-02
2.365294471383094788e-02
-2.555728890001773834e-02
-3.586046025156974792e-02
3.949183225631713867e-02
1.270820647478103638e-01
1.075090989470481873e-01
-6.538530439138412476e-02
-5.058540962636470795e-03
1.877785287797451019e-02
7.554298639297485352e-02
1.004243269562721252e-01
-1.021955814212560654e-02
8.030141144990921021e-02
9.850434958934783936e-03
-1.104048117995262146e-01
8.957652375102043152e-03
9.603697806596755981e-03
4.826386272907257080e-01
-8.610877394676208496e-02
-9.426371194422245026e-03
-2.256389893591403961e-02
-3.979196399450302124e-02
-1.400314569473266602e-01
-3.668496012687683105e-02
-3.070553578436374664e-02
2.217070385813713074e-02
1.018939465284347534e-01
-3.573726862668991089e-02
1.238130778074264526e-01
1.616350561380386353e-01
5.765619128942489624e-02
6.836626678705215454e-02
-1.155147626996040344e-01
-2.279265783727169037e-02
-1.322287172079086304e-01
5.611371621489524841e-02
-6.211268529295921326e-02
1.306581497192382812e-01
-9.256563335657119751e-02
-1.863424330949783325e-01
2.696623839437961578e-02
1.681564748287200928e-02
1.398672629147768021e-02
-2.151307649910449982e-02
-2.703003957867622375e-02
-6.755573302507400513e-02
-4.018084704875946045e-02
-2.606675215065479279e-02
7.768676429986953735e-02
