4.352285745959080972e-03
1.242259735367117618e-01
-4.855692718703405464e-02
-2.543771871263932755e-02
4.691338613688950110e-02
1.340399663121806528e-02
1.470455230994782616e-03
-3.288230976457378468e-02
-1.357317730351980181e-02
1.823531199996363261e+00
-1.363838268493390293e-01
4.963815816576432755e-02
8.377257870174649457e-02
-3.707857774954655822e-02
-5.955073987625236070e-02
-3.253100358648242790e-02
-4.506554667043966705e-02
9.263248264646519736e-01
-1.525785327001054625e-01
-5.908239970719461609e-02
-7.775293592019760433e-03
-3.885428617109653454e-02
-3.261320283520619673e-02
-1.690024033885702964e-02
5.165828466502109251e-02
2.292516027088901953e-02
-7.639574825967456427e-03
1.131824257850855102e-02
-1.224120454498963534e-02
1.440193297793816891e-02
6.393233406144026298e-03
6.710279391057985543e-02
-5.109020357730562067e-02
6.630622053052721843e-02
8.375524789586970276e-02
-7.079956933657674534e-02
-1.793481598022469981e-02
1.566085798782525240e-02
-2.811477109556831389e-02
-3.553971183699723702e-02
1.488147113824187136e-02
7.335497979398501733e-02
6.613612981334722300e-03
-2.783405998419203123e-02
3.747246847888653469e-03
1.191563931922321601e-02
-7.715609075546403517e-02
1.518303004600618684e-02
1.054628591241294801e-02
8.673800876924571759e-03
-2.570957242380411765e-03
3.974470959393637537e-02
-6.622252303718680067e-02
4.411192285042605382e-03
1.512303256287957261e-02
2.178471200604362168e-02
3.168895459797644448e-02
-4.469619274867717845e-02
7.444397944850534785e-03
-5.265218684938450383e-02
-1.376529332637544019e-02
5.494412044775131253e-03
-1.270989541426876569e-02
1.317535185087324590e-01
-1.254470895113394581e-02
-5.156162902046285135e-02
-1.374831544034168379e-02
5.045417543150865387e-03
8.816178369213428963e-04
6.144035706147946835e-02
4.047587072383673074e-02
1.117154556375406921e-02
8.120724653554349526e-02
-1.259861801206280975e-02
6.794694710041411512e-02
-1.410786085401381437e-02
1.222190826413795985e-02
-3.098978043573623678e-02
-2.583480014810736122e-02
1.621754309404320193e-01
-1.392571537162930022e-02
6.665907378491163493e-02
-8.096316805994981103e-02
-1.118899178995688345e-02
3.054348332932736027e-02
-1.801162776326914738e-01
-1.201395435293021313e-01
-9.017580539948359675e-02
1.198426025443895954e-01
4.345855834969816062e-02
-6.082299149455187848e-02
-3.627051005875711435e-03
-7.247169023514210030e-03
1.934329243831369588e-02
9.935616056167721755e-02
-4.965921793602035006e-02
-1.319825324121583904e-02
3.715059836826911308e-03
-2.726484245018956018e-02
-3.973041966972597899e-02
2.190504879403161118e-02
6.612633573279761041e-03
-9.252512398628991164e-02
-2.795999243837051645e-02
5.672785613101407470e-02
-5.884538406770492003e-01
3.033876540452942056e-02
5.873200135435985986e-02
4.314376716744171975e-02
-1.173523956926980985e-02
-1.853626158828951872e-03
-8.403398798321695673e-02
3.038098704763755528e-02
-8.853441294310041010e-02
-5.184051560283929605e-02
-3.153157454419980299e-02
-7.378359206486323832e-03
2.599286162573187162e-02
-7.785820147715288506e-03
-2.803891996477584844e-02
1.246420105411075348e-02
-3.490329803193783532e-03
-3.638878148879577668e-02
2.029371889333428727e-02
-3.587367833072518941e-02
6.659670685566905501e-02
9.972990933431522334e-03
-5.333284270816286698e-02
2.746232218877282111e-02
-1.111387646374281842e-02
3.382817933633809615e-02
-3.369348381586842467e-02
-3.604510858957356290e-02
-1.905549185537357137e-02
2.574440383661425261e-02
5.076861147430040272e-02
-2.381154842156133974e-02
-1.828742257915277414e-03
2.679104423148388064e-02
-8.957098402433529352e-03
-7.293928194777802299e-01
4.103218781678440175e-02
7.910783959003836463e-02
9.219489172854261269e-04
6.575074939088255055e-04
-1.283062008114084452e-03
3.097850198320531087e-03
-2.620375009872876956e-02
3.806057166373463807e-02
-1.478134622503795778e-02
-2.970521657612030728e-02
-1.454675996144890078e-02
9.411815532606916668e-02
1.422348649504054895e-02
-4.998294975430031539e-02
1.882868647549367294e-02
-6.851366977967715544e-02
-3.188731330673480469e-02
-4.505419552529956601e-02
-2.224280418192345690e-02
-1.112929728518608115e-02
6.202743256150162858e-03
-1.046756703044312252e-02
-3.096081437314759238e-02
-1.054932990154965750e-01
-1.131297208689041045e-01
3.863708731373645400e-02
-2.607605304533511595e-02
1.074817870276929266e-01
7.108786711476743590e-03
3.628866323445682079e-02
-6.002795298287318462e-03
3.982385242364217676e-02
-1.629246825417203547e-03
-4.932183100532311348e-02
4.257139777069014058e-02
-5.613590190259575355e-03
-2.431628594650633510e-02
1.988980324279265854e-02
-7.523986474584515305e-02
1.441760517153378111e-03
-1.580255086556010824e-02
-2.552092123035084453e-02
-6.921261976013028117e-02
-3.302637652766791942e-02
1.261834795149519451e-03
-3.705821716011164363e-02
1.000901872231332694e-02
2.610120801754332170e-02
-3.017519482595893213e-02
-4.803732263624854726e-02
1.481605666846793484e-02
-3.874835694726661700e-02
5.883170675907111596e-02
-1.321445647929224421e-02
8.124632075514583163e-02
-5.053008649208579062e-02
-6.150034899555194973e-02
-7.498340078142046172e-02
1.281285300862790022e-01
5.791672655205889857e-03
-2.453172908313786330e-02
-7.627211311390828807e-02
2.547896372221956918e-02
1.565944142528547522e-01
-8.879641375374175069e-03
4.573410559120208441e-02
-9.159051233555622409e-03
-2.105203043531006860e-02
8.440980322361513188e-03
-5.990344219636428019e-02
-2.928901753934377156e-02
-2.210361392760382473e-02
-1.357012132842615737e-01
2.714632575195809541e-02
1.141833219972816227e-01
-4.118244288505073375e-02
3.054091300745167756e-02
-8.073016993565440558e-02
1.222492805939863827e-02
3.482152883490958334e-02
1.301295145683890701e-02
-3.955594408996790379e-02
4.957283026123491219e-03
-8.956683888089587986e-03
1.953618553683787089e-04
3.565459501458060482e-02
7.786874024076750889e-02
7.629042055331296257e-02
3.769747263579396879e-02
-1.015757555805194973e-01
5.746559178025447551e-02
4.220054782393264925e-02
6.933044171678394429e-02
-8.412361630561768222e-02
-4.393276275916657703e-02
-4.629893715281566124e-02
-3.913942764729480550e-02
-4.307550492308531709e-02
3.790872734636382968e-02
1.676058285417916793e-02
4.197290786631072829e-02
2.393486172218774882e-02
1.340998184100889237e-02
8.205063173628536488e-02
-8.541131649063113396e-02
-4.245821482329396879e-02
-7.207133707735562111e-02
-1.059127009663202723e-01
-1.054284993809208835e-02
3.013236278689586378e-02
1.918219895750940956e-02
3.734353065698811994e-03
-5.382848422356853457e-02
2.490984607119154162e-02
1.745193329401229232e-01
8.870118643571804629e-02
-3.445113613021288240e-02
-3.777187601836241426e-03
2.767793179702842180e-02
9.720591540180194279e-02
1.020714947592779448e-01
-2.187578974138459920e-02
1.202036905951114620e-01
2.656744620489444667e-02
-8.589142065445669327e-02
5.494331028584749019e-03
-1.654023879293494217e-02
2.782301070759691797e-01
-4.560447968659084306e-02
-7.929815328011071210e-03
-3.317149761104785238e-02
-6.784203446330187848e-02
-9.226783432260982076e-02
-4.489326407687604242e-02
-1.648918527526433905e-02
2.503162561325482718e-02
6.847830676748081769e-02
-3.859977547372763548e-03
1.469666011221270607e-01
1.893073580067186623e-01
3.646459710564177448e-02
3.363406676380441274e-02
-8.748351975314114237e-02
-3.944668987289984968e-02
-4.795782022783474929e-02
6.805137142076242429e-02
-6.750980149408593312e-02
1.281468819181167673e-01
-6.062117905449941613e-02
-1.690124338588260833e-01
3.883014112674103291e-02
1.374881263559224812e-02
-2.637508269422435270e-02
-4.317916569358453555e-02
2.916996813191527482e-02
-3.233000130833378616e-02
-2.993147370945159480e-02
-3.810200312153384089e-02
5.618143411140128635e-02
