-2.263831113931312478e-02
1.561574495899057669e-01
-8.531351288213326334e-02
-5.005847297748981101e-02
4.670502399079377170e-02
5.970933270702366569e-02
-1.443400195355184698e-02
1.985044032000045020e-02
-2.614967457709032467e-02
1.550893586010515968e+00
-1.188018091470939841e-01
9.576820656889968586e-02
1.070866998984406071e-01
-3.701473743503895519e-02
-6.247371754157185486e-02
-1.656994602699117525e-02
-1.970898614515841432e-02
1.173245228155090247e+00
-1.592152036571020945e-01
-7.741485261836811294e-02
-6.098948012117123580e-04
-5.923594087459986557e-02
-7.386935085955879943e-02
-1.107169825156557354e-02
4.418529764673884835e-02
2.981565068110673955e-02
-3.973183644218346300e-02
2.336544137054552897e-02
1.750169119177208410e-02
1.823165869819185630e-02
-4.197984425443237588e-04
1.974801594116787004e-02
-2.309349450713567287e-02
3.556373795589237025e-02
3.659824803529992260e-02
-6.238082816497293737e-02
-7.527417399888879611e-03
5.252980871442207433e-02
-1.541498671100649878e-02
-2.981485034352623215e-02
-3.020926611893696989e-02
4.803028258959562979e-02
2.375956525813278583e-02
-2.646369879647306189e-02
-1.481167341134685157e-02
-1.891469032873825326e-02
-9.988977562526514531e-02
5.844411041178555234e-03
-2.427812908517409593e-02
-3.328994122672329636e-02
3.749776156563757595e-02
1.905889860643086159e-02
-5.263845375633139506e-02
1.183515674715087361e-02
-3.056853608953777682e-02
2.909626960080090655e-02
-2.589422408357518017e-03
-1.437231632685651191e-02
-4.414468384926797094e-04
-2.502292323759513007e-02
1.223885173062738696e-02
3.054672610582423800e-02
-1.454416449828538176e-02
1.903923133042796367e-01
-5.719298347370061625e-02
-6.972310629708369789e-02
1.641914987250842062e-02
3.991681485780079058e-02
-8.517908127723784056e-03
1.228884395448468225e-01
2.589668786789164553e-02
5.766793204118297184e-02
9.889961680213274486e-02
-1.724846751987800086e-03
7.291192113560106269e-02
-2.355934590411958365e-02
1.589607119993941692e-02
-2.492221409204783619e-02
-6.721295320669092369e-04
8.151843134135523805e-02
-3.525038853094025759e-02
7.652710561975330228e-02
-3.145610732774274665e-02
1.978091452359487940e-02
5.615125152459601171e-02
-2.276705940581331133e-01
1.894987065791440065e-02
-2.143188383974426944e-02
1.182343164466748975e-01
7.031750289452286251e-02
-2.024295254740107741e-02
1.693207524283058332e-02
-1.580642868305436738e-02
-8.732670871006322291e-03
8.216596407698266435e-02
-6.829817899158921457e-02
-3.358858013308779061e-02
2.673197823061694220e-02
-2.252608968692149799e-02
-1.530763319425161063e-02
1.284688780665672013e-02
3.686770443647396228e-02
-1.298674711270842164e-01
1.231511684024764672e-02
5.631882652106071779e-02
-6.216089288698625204e-01
4.367352099623812711e-02
2.503306555481635623e-02
7.653454405138390704e-02
3.300870260093267256e-02
7.214001672460734066e-04
-1.009923646162758509e-01
4.497153359293647873e-02
-3.786179276019772250e-02
-5.035872511333031043e-02
-3.272917763913796990e-02
-4.404386387265866662e-03
-5.584366060700012187e-03
-4.140691161239988538e-02
-2.592329909244354708e-03
-9.122484705329135524e-03
2.742668694339189112e-02
-1.655889979909078505e-02
-2.437688132687258064e-02
-7.715981170937945277e-02
5.507107198583953422e-02
7.120938497063696027e-03
-5.528906511129751816e-02
4.805958122219972789e-02
3.787673710290199568e-03
1.627752621441404257e-02
3.670457209822576214e-03
-2.660573203909393641e-02
1.198664495824736109e-02
5.003262364292876407e-02
7.008340886009230275e-02
-3.522779076396120174e-02
-2.308031718426600820e-02
5.484080074032293001e-02
1.611561321400908908e-02
-5.289347834471055387e-01
9.171789580440818657e-02
4.298932338368718215e-02
-1.800532636900285463e-02
8.294715161926558347e-03
4.896764424104445290e-02
-2.622886248816881302e-02
-2.126866205200178203e-02
6.471654591424337577e-02
-9.457658237599149420e-03
-3.475862345853098639e-02
-1.638397268191102082e-02
9.776206404387943749e-02
4.283639299565640546e-02
-1.173925621810199688e-01
2.142517669696173549e-02
-5.095782330173261737e-02
6.914425194160013499e-02
-1.977687517274737475e-02
-2.165041993932549647e-02
6.854153811048119271e-02
3.586745508266966226e-02
-1.691413826529095457e-02
-5.727812056079421843e-02
-1.240411265298186072e-01
-4.905438828045656507e-02
2.864492314549667643e-02
1.363693163351925759e-02
1.233145957671269027e-01
4.399835761940459194e-02
5.698701738200149386e-02
1.353187555640724023e-02
-4.903872991108732676e-02
-1.834351136758070183e-02
-8.552686718820304290e-02
3.144180796297099678e-02
2.917002620135755384e-02
-3.882878887217658392e-02
4.649534182185808412e-02
-1.130282303357244833e-01
-6.045696727321081543e-03
-1.928456555692548233e-03
-6.946389735551891653e-02
-6.074881743374535570e-02
-3.485266469353008600e-02
-3.861878970678744860e-02
-2.401334445846510512e-02
2.154358742664262694e-02
7.086360304220178097e-02
-1.703373851631699229e-02
-7.964499603271092470e-04
6.278153600612690517e-03
1.361746244106753524e-03
6.394360812619717671e-02
-3.641506959459405238e-03
4.374121700123413670e-02
-3.588441282364019519e-02
-6.414326567461464679e-02
-1.374589021944540856e-01
1.601285802897656485e-01
-1.154922908471209785e-02
-6.709138290901757451e-02
-4.155984513900941313e-02
7.693082100399166456e-02
1.582137082875351985e-01
-6.233425165636610060e-02
2.133607244633180938e-02
1.678892466617574325e-02
-5.255019378338443570e-02
-1.463128202856839831e-02
-3.976564521244713157e-02
-8.216612100592000922e-02
-3.006610612654588705e-02
-1.438086487378996414e-01
1.184827992953715013e-02
7.013451119925244448e-02
-4.835329883708878312e-02
5.753036813469795951e-02
-6.092017755617905317e-02
5.691471708198349300e-02
8.596320495993868549e-02
2.595696741130828350e-02
-3.864904560590940591e-02
-1.545265436383971673e-02
7.896869704589937547e-03
1.448552957013221967e-02
2.002509595011859461e-02
-5.540168594783471435e-03
7.615441194785117773e-02
7.545199802425212043e-02
-3.811226075995185342e-02
1.665413055543503440e-02
7.026065067909804951e-02
6.510444286159640381e-02
-6.648623981794837823e-02
-7.730069152431078179e-03
-5.621509021631185266e-02
-6.097373426391942269e-02
-2.503305927765886452e-02
1.020157280332631075e-02
1.953769507145715345e-02
3.705766691514166683e-02
1.827442011721072495e-04
3.564509619417447622e-02
5.335762141328242308e-02
-1.057705180693753466e-01
-3.870976768892938485e-02
-4.709793638698465262e-02
-7.654869276437580028e-02
-2.250310901333529498e-02
4.467467739930033183e-02
4.646284497751070053e-02
1.989868341392199078e-02
-3.844307009847403728e-02
3.639145963596905706e-03
1.778958360450653697e-01
1.141139023872883712e-01
-5.262444314080437502e-02
-8.694621880855332718e-03
2.633475028864881023e-02
6.780402232217465353e-02
1.098578766173975152e-01
2.071392924347898595e-03
4.896553825470515570e-02
2.018965320311796874e-02
-9.939180244409412390e-02
2.807855405626904360e-02
3.087765471033880951e-02
3.255319815650429827e-01
-4.204590741383521652e-02
7.065823484975397237e-03
1.770721003599974976e-03
-1.028066969562113457e-02
-1.182945269413590988e-01
-9.736002466069201833e-02
-3.642750307430065587e-02
1.030769207398890552e-02
6.904996275888002077e-02
-5.211438015429956105e-02
1.591194770053157848e-01
2.261949096571406470e-01
1.011425048078004726e-03
2.250726449159644316e-02
-9.863478352745316813e-02
-1.178282251583249833e-02
-7.080820712731561439e-02
7.273729061411289554e-02
-9.065960471383392727e-02
1.495518963242572774e-01
-2.289467338995429882e-02
-1.375651995794605897e-01
6.951604797998059415e-02
9.271644090995281515e-03
-2.857219913734782013e-02
-2.920708653920321002e-02
-1.258071985136494444e-02
-4.473088306750324511e-02
-1.605637097086836523e-02
-5.391660856529689738e-02
1.918274221592296963e-02
