-1.464537432780117603e-02
1.275112697791480065e-01
-1.816458307086482246e-02
-2.490646602755284753e-02
1.627674274700701904e-02
6.860071442232337259e-03
1.367081753195549141e-03
5.830679191848050591e-05
-1.177330889541913263e-02
1.860500001916119972e+00
-1.502880976138558367e-01
4.123642414057230449e-02
8.627880886320436760e-02
-3.122829208266428985e-02
-4.698354520031117892e-02
-2.746642284240105245e-02
-7.202507709987583662e-02
9.069782453323318450e-01
-1.601148887548669575e-01
-1.942819306117883615e-02
1.844379229273390578e-03
-7.121233536937043862e-02
-2.003678568545837549e-02
-4.689854638201826700e-03
3.734187669337098864e-02
4.946481853356227663e-03
-2.587788269765256208e-02
3.291188225490909725e-02
-3.090850775813009516e-02
3.956460201350672778e-02
1.533662207875540265e-02
1.080412832231245068e-01
-3.800320378246865166e-02
3.390985140729428637e-02
8.715919112434085403e-02
-6.532738465916058945e-02
-2.276901552931375958e-02
-1.799674130310586345e-03
-5.101468355638565794e-02
-2.786880241486200047e-02
2.254915199417786842e-02
8.622877268446486887e-02
1.214881539454428866e-04
-4.224658610300485728e-02
1.052904067629213507e-02
-3.625218686543496896e-03
-7.479652752362575541e-02
3.109518536843633094e-02
4.431976050776219832e-03
1.145069623565065677e-02
-8.606809367802574842e-03
7.224699522455009515e-02
-6.543801064596235784e-02
5.598906188923676898e-03
8.583405197810641679e-03
2.820448828939350894e-02
2.565658207256633558e-02
-4.674124584681004640e-02
1.694380883985165467e-02
-7.393388434156371314e-02
-4.125366547755457414e-02
1.995160068168361917e-02
6.667542087724042700e-03
1.068885948709301648e-01
-2.589381605823471572e-02
-2.675737613362445463e-02
2.100292928331845121e-03
1.700030069610242167e-02
-2.900933538122643304e-02
2.536798709086049083e-02
5.863006552501446970e-03
3.250722541881591321e-02
4.929245849324950801e-02
-1.619135378124712463e-02
8.107887851416395453e-02
-4.737421286391908098e-02
-3.544754513899533825e-03
-2.146517076281213507e-02
-9.053956724790567998e-03
1.572718008940615642e-01
-4.751703864742051753e-02
8.303835066144460431e-02
-3.814798311012133208e-02
-3.885530456247317244e-02
2.951216903818443954e-02
-1.888472718284382734e-01
-9.758924568106566722e-02
-1.844475460970552982e-01
9.441502834420412160e-02
5.089400542477504757e-02
-6.984923309694800186e-02
8.292609672118346487e-03
-1.950428702082930132e-03
1.542323200960982015e-02
9.908122947356520771e-02
-3.682367478151442330e-02
-2.241205024473641796e-02
-8.620410264031746345e-03
-1.753395132492507891e-02
-6.606849643745400791e-02
3.169287818938162915e-02
2.450370098565209445e-02
-6.840078115419399862e-02
-3.376459304965816199e-02
4.423262570225795776e-02
-6.888857738633576977e-01
2.152173372507606985e-02
4.672215575348542121e-02
3.710414309439956371e-02
1.461267117537670863e-02
-7.371069192228504874e-03
-5.521330651284375030e-02
5.815007069846343818e-05
-1.278168310298378185e-01
-7.752190873568658158e-02
-2.540100647792246577e-02
-6.419051833050146497e-03
-2.518349505485372244e-02
-2.964794222790618008e-02
-5.995821825635960084e-02
1.662640282433682989e-02
-3.869086816460140694e-03
-3.707630321903358783e-02
5.989271839096702715e-02
-7.973466050187012766e-02
7.420989543014976098e-02
9.419164693262730911e-03
-5.482307297015834996e-02
6.197476607768333257e-02
-2.665933029752073219e-02
4.455091586491019377e-03
-3.680246647748176142e-02
-4.485513639300960781e-02
-3.275429261762102112e-02
-4.009172679441039104e-03
5.432953361760569505e-02
-6.541273245828128045e-03
3.450924890134473427e-02
2.858636126189910420e-02
-1.445875659624287247e-02
-7.019757471909682245e-01
3.339940379329472964e-02
9.155480767664710140e-02
1.111092270096744822e-03
4.336756865816995127e-02
-1.713862621745470237e-03
5.797176418389816954e-03
-1.455061620920101648e-02
2.453936065125563240e-02
-4.698655878542187282e-03
-3.647043882020663264e-02
-2.915339242148219656e-02
8.296015650149074494e-02
2.326592680385925621e-02
-5.207119541213823394e-02
7.316275834087007657e-02
-7.208033769937227664e-02
-2.990699453235176955e-02
-3.872073970717256324e-03
3.872371727147395915e-02
7.346001047967906997e-03
2.616866886729049199e-02
-1.224531248203637561e-02
-1.628629902093456719e-02
-1.301738381846296588e-01
-1.265074474791526016e-01
5.461737450132978650e-02
-6.359688135912303086e-02
1.435244337626080668e-01
3.497197923467894667e-03
4.418120482747256439e-02
4.685211696223615108e-03
2.784641524797945231e-02
-3.005999034694704572e-02
-1.571517178075084939e-02
1.720566421818474356e-02
8.278667279904883963e-03
-1.018576704167129671e-02
2.649704579215272221e-02
-1.115307921072145741e-01
1.392408241507277385e-02
-1.393142036851058134e-02
-5.805660020684514505e-02
-8.418904056042675332e-02
-4.957472691099431422e-02
-3.111036311067789982e-04
-4.463541132747830820e-02
-2.831569248035498143e-02
2.355023297024457299e-02
-2.022320132624241124e-02
-6.670264980225641682e-02
7.513147894788968148e-03
-2.243749122776342655e-02
5.507620663461317706e-02
6.962862201306842073e-03
8.733443376500321653e-02
-2.852528868143164656e-02
-7.991809156131200742e-02
-6.275688731346572291e-02
1.269463287621098724e-01
-8.176981938653503715e-03
1.238860887507233291e-02
-6.549240300361380829e-02
3.181279052794253742e-03
1.563158965620976282e-01
-1.272168721725255164e-02
4.605934666537647715e-02
-4.200356820452855883e-02
1.524769395153090842e-03
-1.138983510201183047e-02
-7.155682529105861223e-02
-3.421136008303625551e-03
-1.978549703492415990e-02
-1.192154509803827617e-01
5.833395108241615223e-02
6.901121504997240197e-02
-5.484456944066543049e-02
6.130584561486372708e-02
-1.145948849417882803e-01
1.774830227282961012e-02
2.028370880102627408e-02
-5.034629451745393364e-03
7.632005455170997113e-04
-1.692525765525840914e-02
-4.309178305049407055e-03
-9.849893110447068348e-03
1.976392758719303783e-02
1.062501826301811836e-01
5.955960543138565794e-02
3.025712802603240659e-02
-1.283030764024081782e-01
3.557044626912287538e-02
2.967362646834665815e-02
2.997994181701820957e-02
-5.744645447754116035e-02
-1.901884509942746229e-02
-5.347883998817754003e-02
-2.988360439644138083e-02
-1.587991879962750638e-02
5.860842777808648874e-02
3.584868129183129207e-03
4.105647353335389882e-02
1.790951457436748898e-02
6.972745469334416801e-02
7.649801208544745879e-02
-1.004010768354512834e-01
-1.542998427404443026e-02
-8.034117982450257600e-02
-1.260641052294745323e-01
-3.073904528785390694e-02
6.525331464797044789e-02
5.402059296007955674e-02
4.550601464059338304e-03
-6.131552351749800650e-02
9.529365915196364584e-03
1.592079802083972151e-01
8.199315214662916684e-02
-5.290943051957508469e-02
-9.092154687943103386e-03
4.116662049017222325e-02
4.831547309959224878e-02
1.546239177515099095e-01
-3.272936808879491066e-02
1.645226232687856394e-01
3.131597328174340333e-02
-1.008706983706274124e-01
-3.874143997745325627e-03
-1.897675033963225691e-02
2.817123238127721141e-01
-3.899984063271238338e-02
6.227487461988970990e-02
-1.991279551060284869e-02
-8.707331751496490135e-02
-7.761868776202940357e-02
-3.680422541570221862e-02
-1.305648052419772047e-02
4.665677482693395364e-04
8.102387239934621954e-02
-3.467760034016517754e-03
1.335092042018594105e-01
1.873897033463118589e-01
2.989143588174689604e-03
3.902428613155504294e-02
-8.162015245608253422e-02
-2.867887954108448711e-02
-4.253708036374662799e-02
6.954785587376985379e-02
-6.653697279157597122e-02
1.275179462595422697e-01
-7.201749495341912277e-02
-1.528884370305506057e-01
6.349575363871175215e-02
5.265441815940393594e-02
-2.432820386031102344e-02
-1.563043306076926375e-02
3.778918216767773730e-02
-9.839736177829343233e-03
-2.582932851792434439e-02
-3.400291046642191228e-02
3.809570522075617777e-02
