-7.164031511969731758e-02
1.901576936661540651e-01
-8.161663552723703863e-02
-3.174324141047941278e-02
-1.892423471774861560e-02
1.673753347146815507e-02
-1.899344650777352525e-02
3.045830039176293524e-03
5.925389012718914120e-03
1.351095799263593467e+00
-1.274998964623732522e-01
8.585896158207056983e-02
7.979442213501619641e-02
-5.790836647147870608e-03
1.740144560992648581e-02
-4.283968815052886098e-02
-2.480533064203877675e-02
1.313938196241701384e+00
-2.106235172630434027e-01
-4.850868150790636768e-02
-2.207178009702061641e-02
-5.706853575525424466e-02
-1.075001509109748260e-01
2.453256912797094347e-02
4.725818384355894713e-02
-6.165865319164746472e-04
-6.436031963432854719e-02
-1.440459295842554110e-02
2.719230485403929462e-02
6.156947618336670348e-03
-2.848743175307565448e-02
2.187910151854534704e-02
2.673387003429635034e-02
9.233437172537835302e-03
8.202090844695122951e-02
-8.419635241824825755e-02
4.336456928005404110e-03
2.934664448714883328e-02
8.824740552777621608e-03
-5.661952066181250715e-02
2.151339117570296236e-02
1.941368809182498004e-02
6.410236687014740815e-03
-2.614326296291086954e-02
-2.046946053917316974e-02
-2.544716319844920333e-02
-9.432534198673468706e-02
2.463750017826053795e-02
-5.014838236132990873e-02
1.678255494038577086e-02
6.321599687589862793e-02
5.600646924580848091e-02
1.282633857302098619e-02
-8.400663620023160472e-03
-3.954084566700892533e-02
-9.477193194325278167e-03
2.204148496301557708e-02
-5.669828495781915889e-02
-2.927830683002071322e-03
-5.916025221765875558e-02
4.158735598990567078e-02
3.777646316736837928e-02
-2.533991231925846604e-02
1.780361359015353306e-01
-3.690575507060875338e-02
-7.614602111737807377e-02
6.888619746002666230e-03
8.307169173595873451e-03
-3.165282302665097663e-02
4.082264270708306497e-02
9.876637207037355752e-04
7.100836930777477962e-02
6.273425388051211138e-02
-8.380608546552471144e-03
6.156932737855231458e-02
-1.226213252811339527e-02
-1.771169677999934189e-02
-2.097752977707958467e-03
2.736908497352562308e-02
4.500419229711313807e-02
6.569199146957400634e-03
8.872982920980083954e-02
-9.554402747107197669e-02
-1.313247815160721588e-02
1.691200139306946529e-02
-2.345883510011502471e-01
5.915265783041396414e-02
-4.299707327943906587e-02
9.758224440564714289e-03
8.960286629268093828e-02
-3.338142827030431137e-02
4.977994164091900653e-02
-3.625447827325782059e-04
-3.545106972927059702e-02
5.485059618137604065e-02
-6.054589212512346413e-02
8.575204799379242820e-03
-1.386398888328222931e-02
-4.233439278698285929e-02
-1.017522894757714146e-02
5.149858993473613311e-02
4.497895194818742753e-02
-1.063977804267781935e-01
-7.526398706648991174e-03
6.987969318480176384e-02
-6.585032620213044918e-01
4.477936119530868952e-02
-9.808768475849946947e-03
4.222221990239331813e-02
-7.445312292436361522e-03
4.000518384082398654e-02
-1.066327790944638226e-01
4.011064753603890698e-02
-3.408634491079354234e-02
-1.283771489185592599e-02
-3.586638930792324792e-02
-1.185963839825728526e-02
6.056297949642424142e-03
4.228448288913737654e-03
4.170708052804970867e-02
2.089440893396878052e-02
-1.259494479735146812e-02
-2.479573845477320293e-02
-5.174841719295037584e-02
-8.080156364282096992e-02
1.597464705390520476e-02
-2.169849368137213505e-02
-6.234662268075716329e-02
7.977629847172602873e-03
-6.213422403041896080e-02
-1.500354206586038174e-03
1.474193118332567561e-02
-2.443463724566861256e-02
6.006760445383706876e-02
6.629293246299212961e-02
6.226818193983409133e-02
-3.276350216120144099e-02
-7.362241814031966237e-03
5.241936665447657906e-02
-2.709256747332245557e-02
-5.405818169954865748e-01
3.795488548152419622e-02
5.389242748263693705e-02
-1.054534772843330852e-02
4.694198200711401092e-02
-3.824850256265394099e-02
-5.133839353948651402e-02
2.843352015037570527e-02
4.819142659123657607e-02
-2.850497393293731016e-02
4.062055813813560123e-02
-6.284478685973699311e-03
7.210605129566595439e-02
-9.962212948034660995e-03
-1.095026272184401739e-01
-2.485842419981042911e-02
-8.547799683799994774e-02
6.768970754918232635e-02
-1.357107538183895297e-02
-4.746599472700448880e-02
4.415771725515109380e-02
-5.543839351262533875e-03
-5.247630624437380625e-02
-3.830804890765850124e-02
-1.235712662182901350e-01
-8.556916000900191555e-02
2.104550763179753939e-02
-4.718867139149882095e-02
7.016727260597564741e-02
4.729340250916601318e-02
6.138486435203418384e-02
-9.760316102083803000e-03
-4.029962507169491948e-02
-5.977360887430766684e-02
-7.421461093685532973e-02
-1.401941436725225899e-02
2.710127904132753063e-02
1.823325040494444809e-03
5.261766318702099099e-02
-8.996386829857594414e-02
1.106325868783249178e-02
-2.101406174056127604e-02
-8.362282966575709797e-02
-7.953344748845067591e-02
-6.190023876167435879e-02
-1.403477255029975113e-02
-8.256163003974281711e-02
6.155611656344160687e-02
4.246593319049048187e-02
-8.140533345391559464e-04
-1.783618917701652179e-02
-3.960408847622306876e-03
-7.965514693356713638e-02
4.363051477052155153e-02
6.779127942617493852e-02
6.836776301292149527e-02
-4.586871011359445333e-02
-6.028657188285323210e-02
-1.352170637041621437e-01
6.065150538825438142e-02
5.095681831412612883e-02
-5.592929830596814200e-02
-5.833925942783349007e-03
5.249079296538014527e-02
1.406571845735968829e-01
-8.423565825609035176e-03
2.220946041610014077e-02
3.487027614461823272e-02
-2.440390561754138266e-02
2.634010044517272244e-03
-2.332407410256320118e-02
-5.040642975011096205e-02
-3.052607526145204378e-03
-1.246855777165147561e-01
1.531650854224491515e-02
3.770066581043002990e-02
-6.389249561234887353e-02
8.303994213028080551e-02
-7.939144954044921598e-02
7.322617457576922895e-02
1.654211535820502427e-02
1.659954028072762461e-02
-7.316907015592376273e-02
1.029685131943076926e-02
-2.145641190452189997e-02
7.242120005188602827e-02
2.293959451246671208e-02
2.078285874029481284e-02
6.361274866612280643e-02
1.080196094404436008e-01
-5.695974188460359994e-02
-4.227822850832364115e-02
6.327949913966092466e-02
6.473596098155233458e-02
-9.502959320261805676e-02
-4.986533881613905428e-02
-3.761639497318961661e-02
-3.853281590892752156e-02
-9.834802908313329539e-02
1.785628927348233488e-02
3.365798545179132101e-02
1.467776654736397193e-02
4.109788735379705377e-02
6.133938960075890900e-02
6.231722190184164206e-02
-1.003080464168948360e-01
-1.789470686104781619e-02
-9.819534771256079042e-02
-1.092607056929284920e-01
-3.258749430054667939e-02
2.834265916761218029e-02
2.075779848334958697e-02
3.755281029445319690e-02
-9.990045858377717691e-02
3.002338436370853916e-02
1.750534464159571313e-01
1.061016115338571930e-01
-5.391702377380193367e-02
4.366873700407430253e-02
1.115729112089639333e-02
3.434021050273964454e-02
1.094223611384606692e-01
7.657215785215930673e-04
5.680572356000650192e-02
2.812625270760661655e-02
-5.683821337424827674e-02
4.661610098981971290e-02
2.405644866526324491e-02
3.317510635072453140e-01
-9.828248170705024267e-02
1.324345388238750698e-01
3.860531056208819228e-03
-3.214589350236925214e-02
-9.195247447113762129e-02
-6.197018770785667208e-02
-3.398384815464692427e-02
-1.470152647916197867e-02
5.177156664345861081e-02
-7.337377063719791037e-02
1.743038974883725223e-01
1.346222351546578766e-01
7.631753583574009403e-02
6.415913399908027351e-03
-7.523051895598127647e-02
-1.295238922353031223e-02
-8.261294099214833153e-02
5.772728169579785518e-02
-9.998755594938923963e-02
1.421149894743257980e-01
2.480233775751565853e-02
-1.015309075932541855e-01
-1.573602517976476281e-02
4.515347633930803795e-02
-5.657175660570058773e-02
-2.054279002549760577e-02
-1.378011943748984162e-02
-5.341304704984184415e-02
-4.336910973464673524e-02
-1.518932087033338270e-02
4.463012599161696875e-02
