-3.361864364524514565e-02
1.584715230626358717e-01
-9.202693233143126317e-02
-3.983423018542726901e-02
1.136656734320323769e-02
5.274883043942361210e-02
5.005418378925925553e-03
-8.756754576707971582e-03
2.440442877643517194e-02
1.127680071476857115e+00
-6.224871417458644612e-02
8.646944204890381902e-02
1.067862692961832616e-01
-3.259988304135352094e-02
2.054136225782948397e-02
1.118792600668625046e-03
-8.546205778199309974e-03
1.145379975544774886e+00
-1.778928120526483136e-01
-6.328113738542825994e-02
-1.140602936604882475e-02
-3.870837247660516289e-02
-8.635277594142674873e-02
4.189938726799844609e-02
5.660938416449617927e-02
5.512963840004672655e-03
-9.662062957085719439e-02
8.129747060164244782e-03
5.215833528531924057e-02
4.243487926475266597e-02
-3.708635049776158599e-02
3.048783881711931987e-02
2.027722122016827055e-02
2.283200413189335684e-02
8.599905616044682677e-02
-4.917728518524501491e-02
-7.784257365666090445e-03
3.765018706445343727e-02
-2.629280039768735686e-02
-1.155579784731680139e-02
2.119244033006890786e-03
2.210423408007926305e-02
2.543846030458021823e-02
-1.442477460517072214e-02
1.345506848804038473e-02
-2.526141595918827282e-02
-2.973568673970925294e-02
3.247789363012631991e-02
-3.735727510714693944e-03
-2.361579993314577575e-02
3.227061809711508078e-02
1.708183937806933075e-02
-3.977327026736096963e-03
-1.638890379629675750e-02
-1.910906994395263417e-02
-3.458074423371971379e-02
3.748767258765607624e-02
-1.773471426757760802e-02
-3.254722925696543201e-02
-4.685807868978149326e-02
3.461458685415672726e-02
4.860786643073007618e-02
-1.333025157732888044e-02
1.578723099873747537e-01
-6.075281080793369648e-02
-1.038962104756508131e-01
3.704667327753035505e-02
-2.569481702177277282e-02
-3.639137620391449252e-02
6.540220695565585052e-02
1.581733144989992679e-02
1.198535529043065068e-01
3.542605250873163969e-02
3.199383542656639157e-02
5.409098255514852016e-02
-6.980246601576997612e-02
-4.233852584884981174e-02
-2.613588752501855642e-02
-7.914938000630020176e-03
2.807309762663366334e-02
-1.049734303392665415e-02
9.522257791167952623e-02
-1.028167803892622301e-01
-2.625457616431558366e-02
4.648381322156169143e-02
-2.417719910629075875e-01
1.244848206948200031e-01
-1.113535085833532168e-01
-1.195817569882131129e-02
2.927815444547445661e-02
1.238068259601078289e-02
8.771785224181180562e-02
1.208575296096069639e-02
-2.759567009139229227e-02
9.752975924195429747e-02
-2.743659553671431647e-02
-3.857537725622647157e-02
-1.934870922213413266e-02
-5.111564408493386030e-02
-2.865708508235412927e-02
2.766538110013718951e-02
7.877793799250105977e-02
-1.048051848163041450e-01
-2.273387412403985244e-02
9.933256320499310454e-02
-4.851142693587296439e-01
1.617764953868929337e-02
1.380713221996613359e-02
9.534130861963840964e-02
3.205127856630414496e-02
6.517145063722760978e-02
-6.207308721949392899e-02
4.139315564358994615e-02
1.820871846546051522e-03
-2.963415564234730265e-02
-3.669417672379512996e-02
1.257946592241637913e-02
2.513934564668827282e-02
-4.391308446671485948e-04
-1.731999816295861847e-02
3.345849795771532742e-02
-3.293263533608252577e-04
4.551137911351258586e-03
-4.622524628159628557e-02
-1.056901476591909222e-01
4.279967604800415104e-02
-1.780045828241083638e-03
-4.402201014266376305e-02
-3.652724503750297974e-02
-3.075379689736758293e-02
1.118452572619053551e-02
6.179209282868336137e-03
-3.011710388044443534e-02
3.017734296817009901e-02
3.969774003006368984e-02
2.791019158767595737e-02
-2.599190752981930461e-02
-2.836815751273295480e-02
4.099026730505408306e-02
-2.378504863189087257e-02
-4.481306602413711038e-01
6.437637881657255756e-02
1.971746045960000304e-02
-2.410472677530270738e-02
2.191111303375682662e-02
5.536402233154723990e-02
-7.841785613542825994e-02
1.104441827266695745e-03
4.438496884899727213e-02
-1.376543894001676718e-02
-3.453491285366670771e-03
-2.837195663650356539e-02
9.893817273615197749e-02
-5.763939409037042126e-03
-1.331284550668376532e-01
-2.519138296337763636e-02
-7.667981849534091787e-02
1.591570739762274145e-02
-5.679842778666958220e-02
-2.569498367839473732e-02
4.092260471653643567e-02
-4.023584351990383556e-02
-3.572490585551244859e-03
-4.387134608430590804e-02
-1.041338984151324171e-01
-9.019454439095554721e-02
1.977492058860504109e-03
-1.985064822500795176e-02
7.868352297109446059e-02
6.485688707228208505e-02
1.012682976673923707e-01
-1.968833600139258816e-02
-6.047291182035682139e-02
2.502638643553082437e-02
-5.975885129823113595e-02
-4.031850196834738109e-02
1.364448344705592939e-02
-1.380586530603411174e-02
7.654103721593168153e-02
-1.150679643179046696e-01
-1.042118338472699905e-02
-3.160026691465690069e-02
-7.462121765191731537e-02
-6.102051635567441040e-02
-3.069837628944978997e-02
-1.890165364272672344e-02
-6.353812513254863958e-02
5.715377853730913005e-02
4.597006425088476234e-02
-5.209677265277060099e-02
-1.090818315856587409e-02
-7.501572138254036445e-03
-3.491863648968937528e-02
5.945868815984372419e-02
3.515560278981761516e-02
4.580965967928198740e-02
-5.352803913850836398e-02
-7.810463229556027787e-02
-1.083408552100730282e-01
4.230159603584281169e-02
-2.643056232105932962e-02
-1.437459801775571935e-02
2.320835038084953852e-03
4.991787485274674224e-02
1.417547442059673424e-01
-3.261663931297551638e-02
6.562228430607471019e-02
1.481781564078157344e-02
-3.577521269397666154e-02
-5.443875123850140663e-02
1.501122105507789704e-03
-2.380485164544645857e-02
-2.372673984853417711e-02
-1.441366071191877429e-01
3.644358664932764724e-02
7.121972849118634631e-03
-6.793980805506402709e-02
5.404291425490264505e-02
-3.429333437197623624e-02
6.335368964687383697e-02
2.325376188329671828e-02
6.357317075491216926e-03
-8.984165951111089399e-02
-1.323259645994669803e-02
-3.111580420473298095e-02
9.232616348715604049e-02
7.238457575942089384e-02
-9.359188129386014111e-04
1.157407134140885918e-01
8.683831302025343812e-02
-1.225111144110200972e-01
-2.201079634604806087e-02
5.621747251065360024e-02
6.400535263531559327e-02
-7.725676754032792526e-02
-5.725904080137254187e-02
-4.062446410996898433e-02
-1.098305566851530586e-02
-2.114121768919662372e-02
2.273890618320791035e-02
-9.234984450322321218e-04
3.191361048840862108e-02
3.710568590196039462e-02
3.719642800558195517e-02
3.881238238896565773e-02
-9.161064027001815380e-02
-3.815925994156261353e-02
-9.800227445191135589e-02
-1.200195493718851092e-01
-5.504327143725809557e-02
5.330272909376491258e-02
4.481166805014315246e-02
3.994587394188901797e-02
-5.415245781432254102e-02
4.524446720725803367e-02
1.214333541269020794e-01
6.827238347938537066e-02
-6.939674289663524953e-02
6.427998980410967733e-02
1.960800508256745241e-03
5.552427157270624358e-02
8.012507362663034982e-02
9.748372803575747550e-03
7.580996801021287756e-02
-1.055677958102615825e-02
-6.025923618765450206e-03
3.536456754140488573e-02
-2.284014239543050769e-03
2.698842643218811177e-01
-9.736086974486042600e-02
8.601162498218876962e-02
2.606429960674473689e-02
-3.776433876037193355e-02
-6.799814758090437505e-02
-7.572367547659522580e-02
-2.995180963591372383e-02
-2.174318464378379931e-02
4.452863009318169807e-02
-8.280336527548579073e-02
1.807552673589019610e-01
1.694754553045967893e-01
5.852614242434785868e-02
1.577325643647937634e-02
-7.199324659474246046e-02
-1.820564057653690018e-02
-2.093293898040268428e-02
9.606090926092532289e-02
-8.115176902735804498e-02
1.378597168305299159e-01
4.182829122946324363e-02
-5.237225443085268689e-02
-1.664599186099540579e-02
-1.945469919314636587e-03
-5.377429614080476983e-02
-1.471315042811141387e-02
3.633474854900654860e-02
-4.390496218117908439e-02
-5.959484823801428771e-02
-4.698195148263944326e-02
3.552631507413611667e-02
