2.121606086763547921e-02
1.311672703484066671e-01
-7.532043447515619598e-03
6.748413088792188860e-04
3.737723618835941952e-02
1.612476376115445052e-03
2.409135654872076020e-03
-3.127663805562755361e-02
-5.789565480995778786e-03
1.758115173170465617e+00
-1.353316908188082757e-01
2.830198729905424732e-02
1.001616317360309871e-01
-5.633215871377178496e-02
-5.578891137656488697e-02
-4.995267838959847190e-02
-6.836240477670636750e-02
8.016425591850893095e-01
-1.451754201127966049e-01
-1.814696557662101237e-02
2.481046272637760577e-02
-3.732147459445449289e-02
9.143862293573242969e-03
-3.065872727637020123e-02
1.993634180314770438e-02
-2.657707233148838815e-03
-7.682051365281328259e-02
1.465308588543046998e-02
-4.301061877358049179e-02
3.797921780239546519e-02
3.971453382972545132e-02
6.082686671394132993e-02
-2.703484028539704723e-02
7.349352955405584475e-02
4.797101791727729353e-02
-6.188856365563905060e-02
-1.314593278816434709e-02
-1.723487527855675772e-02
-3.192295489463319730e-02
-9.117230898886942783e-03
1.250914585296344396e-02
5.864569011675267035e-02
2.309824684330762101e-02
-4.073350559111035135e-02
1.202009098221524033e-02
1.900840227115715986e-02
-5.949423693840424215e-02
2.833895361987368022e-02
8.418602833544615999e-03
-3.584956881938340754e-03
-5.346090033622985212e-05
5.522624454092092683e-02
-6.417794058251613531e-02
-1.240152502516389359e-02
-2.896207230362662140e-03
1.819492054737925288e-02
6.640987926141900255e-03
-4.198563694006072350e-02
1.735914750792187655e-02
-4.965744263582168999e-02
-4.036873341692066158e-02
3.502258203721820423e-02
1.454027047501783160e-02
1.011816844730246967e-01
-3.585061696606747783e-02
2.326662972876586410e-02
-1.459856798441348802e-02
3.016695379002837588e-02
-2.941054491401889556e-02
6.555541562081007578e-02
1.884079395801015883e-02
5.857712048438425828e-02
3.635035503501995308e-02
5.955649865940754357e-03
8.416325362574443580e-02
-3.137411046364901174e-02
-1.788391358784513149e-02
-3.868389971177231546e-02
-1.858762870917748944e-02
1.244370933704709858e-01
-1.185961653714853389e-02
7.575273051393782708e-02
-7.926207976540332323e-02
-1.098531090411460076e-02
6.899999578267262609e-03
-1.660202229525895579e-01
-5.951619140076899739e-02
-1.712936178225655526e-01
1.007999326080220442e-01
5.266491470462995872e-02
-2.957560874760784692e-02
-4.265056635204896723e-02
2.454978012956116756e-02
1.766332795423630406e-02
1.008319888635761247e-01
-4.688431009274344335e-02
-6.983609615981435995e-03
-5.932245316665562401e-02
-2.616507170491838563e-02
-4.658744145679703103e-02
3.794723005937997162e-02
5.049391221942136493e-02
-6.927872191777618982e-02
-1.784957358100484198e-02
4.065878124902559676e-02
-6.086809223090954291e-01
6.624810022343004257e-02
5.586216269907003096e-02
4.995209603302048357e-02
-1.241425408389540061e-02
-3.914733184465229651e-03
-3.907731393334321068e-02
1.324246600346935289e-02
-9.148110832216020671e-02
-3.401146638025786401e-02
-5.896211146996117869e-02
3.942255242153152456e-02
-2.037094918854358283e-02
-3.320616619546280096e-02
-5.171654511425820971e-02
4.706344754363365329e-02
3.446047472063936551e-02
-5.316201884709901432e-02
5.577804072044253297e-02
-8.334520630252019446e-02
8.808318329594883034e-02
3.524027301607176449e-02
-2.520725880297815941e-02
2.019937476066286514e-02
-1.120307039550674615e-02
-1.053511001735833730e-03
-3.455255176624715679e-02
-3.280878966541034281e-02
-3.637780953173232884e-02
1.096463629403316049e-02
2.711581639662779403e-02
-1.208740740606535115e-02
6.152987387237496275e-02
3.945538134627077365e-02
-2.265189717004848641e-02
-6.484038222810326602e-01
4.021062170287214438e-02
6.977782814887281693e-02
-2.037852743656165186e-02
4.413538531329901093e-02
3.070365627667421410e-02
-5.917569264806259513e-03
-9.718553079739095102e-03
1.521409700139193105e-02
-1.698058528221563224e-02
-5.426919669566157567e-02
-2.888218573207200490e-02
8.773580188780362443e-02
9.919092134870190550e-03
-5.149860672901530878e-02
5.595653872097260811e-02
-5.819259386156886565e-02
1.539052725544495098e-02
-1.683751397351286941e-02
4.201153087339418862e-02
-2.920117630547749716e-03
1.875119478254790029e-02
-1.590630867718304670e-02
-3.537114718978009997e-02
-1.168744053111650666e-01
-1.188157004795025035e-01
2.671211006926038981e-02
-3.027790604001668121e-02
1.166762442120607424e-01
3.466042475825122093e-02
1.745335224847798655e-02
2.607530695748788013e-02
1.680966933595576945e-02
2.058740646592106989e-03
-2.717939983868799050e-02
3.397230004569938566e-02
-1.540122282396869449e-02
9.100765052113378092e-03
4.523337867543886920e-02
-7.569632185716847206e-02
-7.099588021925474016e-03
-4.647284662350721629e-02
-6.341426557116436324e-02
-6.341038700022995356e-02
-3.232787731956050792e-02
-1.101077948877100809e-02
-2.122420815034902972e-02
-3.416371265975297333e-02
9.189401245783282435e-03
-9.582718407924507159e-03
-1.292269705150047958e-02
1.315631624401230812e-02
-8.715027089553257361e-03
4.209766635940569157e-02
3.267581586786324696e-03
9.366887354180958303e-02
2.740841632079507248e-02
-6.436748432676717147e-02
-7.099795272354697540e-02
9.620954684771677867e-02
1.817958325436628761e-02
3.001443916975713930e-02
-2.217455318558335386e-02
1.623822908912062393e-02
1.992662824767702789e-01
-1.418307083946799760e-02
4.929242305524266649e-02
-2.824240232487099100e-02
-7.752316968448666294e-03
2.782279537917335677e-02
-3.099738094834994864e-02
1.207130743527909649e-03
-9.026118738197573890e-03
-8.993223013733200877e-02
4.540335447741924296e-02
8.582968410177808927e-02
-8.309027114644071399e-02
1.048822888548613385e-04
-6.503858747973247090e-02
3.322663241323937228e-02
2.291794277613537142e-02
-1.149911212317494824e-02
-3.538572703861646730e-03
7.609682427179392979e-03
-2.904974075768899586e-02
2.236565939633937058e-02
2.867664431006107517e-02
1.025546072337547993e-01
6.484567139608213293e-02
5.058585223995198249e-02
-9.082669177859281628e-02
7.030489510821692767e-02
1.453707036852803190e-02
2.459434753591153294e-02
-7.576604478393642039e-02
-4.269844900401648102e-02
-7.491166297774859428e-02
-1.810568867524886202e-02
-8.921841702906246896e-03
3.752789906696275130e-02
3.151690962532350399e-02
4.424680192604884404e-02
2.081677359900688945e-02
4.365609443086238689e-02
8.389782082625268922e-02
-9.192194083293707407e-02
1.472925089395160300e-02
-5.510439879729740059e-02
-1.024151766052274620e-01
-3.507820279979381728e-02
6.645740602881107517e-02
5.791520943034594859e-02
1.404564229956824228e-02
-5.724233637013384501e-02
6.062808138948543729e-02
1.616503714414891935e-01
3.522979440392021155e-02
-6.058953547402638057e-02
-4.809392560524890226e-02
2.053628707228687816e-02
5.487315375456019301e-02
9.692010561040348415e-02
-5.031644951947437244e-02
1.488468395805400413e-01
1.129034204778314211e-02
-1.199772011586596882e-01
6.585056002453540565e-03
2.084610838427824325e-02
1.820567853843815254e-01
-3.776932202793216453e-02
6.097188872686772759e-02
-2.811557372140986982e-03
-5.247911250623616547e-02
-6.551892127525646425e-02
-2.540828220369453772e-02
7.698387609169401449e-04
7.619147148916174256e-03
7.366443027530712728e-02
5.496318018182557927e-03
1.104136196349505827e-01
1.801989537130507246e-01
-2.149081513402258971e-05
1.996321204015602188e-02
-4.533795925933865184e-02
-1.304905986485551533e-02
-2.429619428986662388e-02
4.907564557690358847e-02
-3.953902373712817053e-02
1.101392954304511868e-01
-1.675293334150205690e-02
-1.137952615144912916e-01
8.336853101565666613e-02
4.786997334161898626e-02
-2.269658447334137533e-02
-1.681890330365633929e-02
5.036585086604720681e-04
-1.131932380316816658e-02
-7.594114855911737218e-03
-3.330518965123280967e-02
4.304726536921985730e-02
