-6.434466466814817501e-03
1.390112677408961717e-01
-3.745887801223481486e-03
-2.873156142088262657e-02
4.641678494791322274e-02
1.297221792310694968e-02
5.414130674950484246e-04
-5.169089044222126977e-02
-7.052014296498083576e-03
1.806238640869737733e+00
-1.529802098134624144e-01
4.381588295552177326e-02
8.972420806209106814e-02
-5.536420082322714847e-02
-6.673808504684092258e-02
-3.422823810079472784e-02
-5.818128449045006922e-02
8.462819501354834628e-01
-1.469980529418082049e-01
-2.314202062404996374e-02
1.879856673592293984e-02
-3.835756592942469317e-02
-4.549138048542726576e-03
-3.111665607341715725e-02
4.526007696843400985e-02
5.853394111349423216e-03
-7.530026828200382660e-02
2.040663395151097112e-02
-4.394133519089534964e-03
2.217907455874942174e-02
1.915590980695674322e-02
7.993442554812967005e-02
-4.183681912340558862e-02
5.951786042520322562e-02
7.372172351050822192e-02
-6.245722254808010188e-02
-2.778487149725728661e-02
4.147661368062669288e-03
-5.939608538554953104e-02
-1.270609883321079277e-02
1.965841255896421183e-02
5.307472939453770217e-02
1.881026470387779995e-02
-3.533469806399114344e-02
1.486424968039538018e-02
1.420684162997323460e-02
-6.935126587180291680e-02
1.199171280452795627e-02
3.331737784288051063e-02
2.465094030041285137e-03
-8.844336608721333273e-03
5.461929358601546464e-02
-3.944713886743275721e-02
-6.700466156762193912e-03
5.172200562515747802e-04
2.118532814720193794e-02
1.859284385119952532e-02
-4.568869696835139993e-02
2.352834722589386071e-02
-6.828642485832066289e-02
-5.499310578241689562e-02
2.600247874293668687e-02
2.293541676132608564e-02
1.082841878841451361e-01
-3.359357896764093854e-02
-1.077911435442964819e-02
-7.396432020542728419e-04
1.542095032807233417e-02
-3.581547002532053242e-02
5.203673078035159910e-02
1.885491060364483454e-02
4.965530525597283695e-02
5.436781793172956040e-02
-9.873410076736088836e-03
9.116883772346506820e-02
-3.026791283209966446e-02
8.984777571448929624e-04
-5.794561400100579560e-03
-1.062638084427251946e-02
1.339841168379485858e-01
-3.539241019058555343e-02
7.236723112938668601e-02
-4.048377567679763145e-02
-2.008410080608518875e-02
-7.150377365958390840e-04
-1.908158075722027613e-01
-4.710316684806853567e-03
-1.684556565370761982e-01
1.029923434298790630e-01
5.363225293375355196e-02
-2.433898574842211296e-02
-2.352112030196698914e-02
1.843299152247455594e-02
-1.167060923146190018e-02
1.202303786514440503e-01
-7.698274909540017696e-02
-3.470850825963667403e-03
-8.193390677148734702e-03
-3.811077914339765921e-02
-5.627422850852554365e-02
1.893091351158218347e-02
3.249801021598869993e-02
-7.914722491284449657e-02
-3.011486468694236918e-02
2.503135378114466902e-02
-5.671746951622497201e-01
4.310079020822318169e-02
4.355708840707818441e-02
5.248912750520454834e-02
1.842347825087981700e-02
-5.063407746178169404e-03
-4.074433863529343391e-02
2.777157615160927989e-02
-9.225313770157292370e-02
-4.694258682506113195e-02
-3.286737234402881819e-02
2.505600987056787535e-02
-2.323622234309943163e-02
-3.364164874161489766e-02
-6.102809551789372539e-02
4.707489487641266374e-02
2.557043648232519215e-02
-2.667671734559844132e-02
3.966392076903377251e-02
-8.037157780384640571e-02
8.453759045998281152e-02
3.829313190841649589e-02
-4.201469600385797365e-02
3.419182434344227028e-02
-1.284701094168222597e-02
5.022074791611591885e-03
-3.997965295791752055e-02
-3.373804967863987953e-02
-3.686879701130956616e-02
1.097154592728710916e-02
4.353472834639977862e-02
-1.021253981504238045e-02
3.192147626871158494e-02
3.368051826548146277e-02
-1.914228853171882211e-02
-6.984323883913818864e-01
3.958331934955554993e-02
1.039989882629204915e-01
-1.895233773482420114e-02
3.539634070781838560e-02
1.994030615695839559e-02
-3.429703021993341268e-03
-2.458335065170428116e-02
7.692805585129453179e-03
-2.389903082093466913e-02
-2.930159936554094235e-02
-2.918298358399147585e-02
8.217808612079505193e-02
2.208657348221366654e-02
-3.306413377854239971e-02
6.494577564272024928e-02
-6.334055627726191406e-02
-7.679832942045717627e-03
-9.418038840996959676e-03
3.139563889428161059e-02
4.675152593134541609e-03
1.458212918216069331e-03
-1.467540575329621261e-02
-3.315970859700283907e-02
-1.268326278625008241e-01
-1.032655885991507483e-01
3.847422936046031305e-02
-5.005688600802987026e-02
1.232587227793933010e-01
1.974890803906301576e-02
4.082059325123091331e-02
2.317826657606899751e-02
-5.094554594303499044e-03
-3.778934157317758065e-03
-3.846705890948218937e-02
1.652735865885847019e-02
7.146775904496563761e-03
6.243490685900427578e-03
3.857803309430969663e-02
-7.028445069311348159e-02
2.694747931863806113e-03
-1.386205975625371713e-02
-6.221872599092921619e-02
-8.484441605809266151e-02
-2.651757496251486851e-02
-4.362111743636821505e-03
-3.655360373570815113e-02
-6.711329131832000430e-03
4.994138107919998681e-02
-8.760690490549203485e-03
-3.042016712894884609e-02
1.964155457700664242e-02
-8.673987572337006971e-03
4.291784367048608745e-02
1.651641420139118507e-02
7.036342246464212524e-02
-4.222003164550426450e-03
-8.344857257038530707e-02
-6.519668334049302794e-02
1.050811713122067337e-01
1.871451723954547022e-02
1.116983697195533939e-03
-3.939218907478851672e-02
2.240702196907425059e-03
1.661370257046791421e-01
-1.879522837789554535e-02
3.241030611307085113e-02
-4.329423103335040823e-02
-3.805967354505031177e-03
1.674320673991412569e-03
-3.923188657598638412e-02
3.035309985501619123e-02
-4.711784981474290840e-03
-8.041816314602472093e-02
6.232655382575507524e-02
8.946271572021016749e-02
-7.030063745373736628e-02
2.271248737587568470e-02
-8.790587592318749310e-02
4.200263983605677376e-02
1.673034663934968094e-02
7.587120495330364547e-03
-6.764955440584519836e-03
6.441764788684034744e-03
-3.704957821484039255e-03
2.068378382181035660e-02
-1.073444021818823965e-02
7.713542613260855607e-02
5.719131692593020649e-02
3.092181149213535027e-02
-9.280109956380939995e-02
4.187966434286399114e-02
2.340750641016373784e-02
3.641052709978686436e-02
-6.684109815940783572e-02
-4.374729575251139896e-02
-6.750298048088361480e-02
-2.082506623147429084e-02
-1.640361352004989642e-02
6.088576432489591073e-02
-1.191842866569460015e-02
3.003414386751536436e-02
4.102993685872546176e-02
4.310125167289009102e-02
7.658809676739805616e-02
-6.527344137243076827e-02
5.365174578214840055e-03
-5.351605742143612787e-02
-1.298955657053400270e-01
-4.288231734518538341e-02
7.414842020314255100e-02
5.143023389998182399e-02
-5.402256329875339096e-03
-6.951612815783821120e-02
5.226371653703489745e-02
1.470427278848060182e-01
4.804543251953770355e-02
-6.702620680432555544e-02
-2.728249782627552647e-02
3.370429176339138216e-02
5.634739808794858584e-02
1.291965145025114059e-01
-4.085195025940122765e-02
1.628327967004824517e-01
1.167976833699235079e-02
-1.167740405665521064e-01
7.753945619712840874e-03
-1.648832778370976776e-02
2.228598365937479453e-01
-5.028767965497157877e-02
2.788059798592294053e-02
-1.301361340129535311e-02
-5.973043751239177912e-02
-4.379848606028187430e-02
-5.440097239318286704e-02
7.807214232841775195e-04
5.594040480713229416e-03
8.064526830265679458e-02
-1.463634099437826318e-02
1.195387496075936834e-01
1.922857435686669836e-01
2.479445218141770099e-03
2.682160918344375644e-02
-3.347008069629402865e-02
-2.009639416027113323e-02
-4.652749451663802660e-02
8.368199624322582297e-02
-5.835955829505650588e-02
1.261734239723085182e-01
-2.663446428534548341e-02
-1.344586961370695943e-01
5.621570317146917101e-02
5.269157818592624248e-02
-1.356782923922741392e-02
-1.746169068778501143e-02
3.676668504565337552e-03
-1.165632964299286208e-02
-2.067950478580811088e-02
-3.953630158594111099e-02
2.985241714547121755e-02
