-4.743884412407780964e-03
1.394918821597812275e-01
4.284145012355466096e-03
-3.154244831648262554e-02
1.385379246391507148e-02
1.376297879739433842e-02
-2.134404896815188940e-02
-1.789435864195281292e-02
-1.289077871530135665e-02
1.848176193358380237e+00
-1.490858217648122486e-01
1.459720327100971424e-02
9.880622065965942447e-02
-3.297929894231763082e-02
-7.032075341242922939e-02
-6.109481508665549898e-02
-6.046578251980011531e-02
8.427768902376013838e-01
-1.468411819128794815e-01
-3.288250695795105066e-02
1.916788000238967005e-02
-3.710980749322773109e-02
9.306485684301164102e-03
-4.246652084340561684e-02
1.050489017930131275e-02
4.987905200742596967e-03
-7.123827337862324860e-02
1.150608587170336324e-02
-1.876515672516589420e-02
3.076879001427343038e-02
1.135279135021617820e-02
6.969283811974549825e-02
-3.317718621866672796e-02
5.622384569287491168e-02
6.744013947733597247e-02
-6.868982865886963385e-02
-1.509334508542375594e-02
3.755169077965381155e-03
-4.227552462581839199e-02
-1.562508289453531582e-02
8.967468659522416854e-03
6.156104999437182063e-02
1.776161385597583436e-02
-3.681593915731404959e-02
2.325897400381240002e-02
9.266782805995301200e-03
-8.794059238424405123e-02
-1.147574264241079268e-03
1.318410913776304864e-02
3.485802834944091814e-03
-8.721929639752747099e-03
5.066834043467991627e-02
-6.450969511418744307e-02
-8.578854572825861738e-03
1.008713145522091917e-02
2.095399774250068445e-02
1.243932403838590717e-03
-4.958385645791967694e-02
2.654561798726647742e-02
-5.439224047753710850e-02
-5.012065984396105872e-02
2.746427865434864293e-02
2.303249712305504779e-02
1.110008862074565034e-01
-2.569506779533175037e-02
3.350466243197169729e-03
-8.213259037147823544e-03
2.313759658150433066e-02
-1.826087682985001390e-02
5.391083586985805781e-02
1.188592124690450100e-02
4.608141817643324895e-02
5.822784991700743346e-02
-1.286512555970390284e-02
9.863263229448844538e-02
-3.592826843205404463e-02
-1.415485640590515883e-02
-2.961909867315690864e-02
-2.708781492426870496e-02
1.585199839550779088e-01
-4.510354738441935823e-02
6.937198581053152791e-02
-5.561242280860871634e-02
-6.102976360006670715e-03
2.389258739477151394e-02
-1.948910497660154006e-01
-3.932820221445759018e-02
-1.615615502448718988e-01
1.165550867777478405e-01
4.129829176131540741e-02
-3.880567470904162236e-02
-3.975188699678548071e-02
-8.470625845668424900e-03
1.549705588885085493e-02
1.154534616527284618e-01
-5.508505858726259891e-02
1.610117774681638818e-03
-3.479845556091718667e-02
-2.922035433362827478e-02
-6.187617176831834015e-02
2.620910581909834808e-02
4.863138743481461995e-02
-6.949607532578849778e-02
-2.210229249090264747e-02
5.166718714823884118e-02
-6.880658164734018145e-01
4.573345935417112706e-02
3.507057669569638159e-02
2.562232964264756982e-02
9.123242808848604571e-03
-4.263216394757213257e-03
-1.981395100036260210e-02
2.417191134384756926e-02
-1.186439209443898996e-01
-4.529040247935104541e-02
-3.871609815335771282e-02
3.614680365591715211e-02
-3.644941195914126741e-02
-2.799001922403564560e-02
-5.548829725224942860e-02
3.777727789569785416e-02
3.219278477891407420e-02
-4.196660912968984414e-02
5.927810565890285349e-02
-6.158291973525416990e-02
7.161186823695923909e-02
3.232139384840086033e-02
-5.140474665354040351e-02
3.195783283294827831e-02
-2.484393734164981257e-02
5.959798575938198700e-03
-4.625187817392363565e-02
-3.336845995274175664e-02
-3.307380231668746035e-02
6.978367881709295929e-03
4.182865099826357097e-02
-1.573997472048251078e-02
3.252730747823463081e-02
1.844258525537167959e-02
-1.954854432294396080e-02
-7.135961800352822459e-01
4.293761048760324356e-02
1.083584751257574974e-01
-1.332687605326517317e-02
2.856318447819864922e-02
2.720084522728153514e-02
-7.856200737579716736e-03
-3.919513125650469533e-03
1.056125576023313542e-02
-1.255258252662774278e-02
-3.510943621220816852e-02
-3.533104574209840892e-02
1.065983718532946128e-01
2.917526331052690963e-02
-5.428043016583750796e-02
3.831776107828519656e-02
-6.985855510817175207e-02
1.006012495623168600e-02
-2.504300496409960289e-02
2.561866786665276466e-02
1.149392199967338209e-03
1.133575832526397160e-02
-5.541755127149549341e-03
-5.534667644380078869e-03
-1.286676434862598639e-01
-1.205831845364410682e-01
4.520599061362830934e-02
-3.469946506930963320e-02
1.262668591626746606e-01
8.048103388890068613e-03
2.820230311870289969e-02
2.700220829600436315e-02
2.701508217774987314e-02
2.508485949621343334e-03
-2.482345698526155359e-02
2.304129475612917699e-02
8.540639291017887783e-03
1.111535707332870701e-02
3.460497250727050111e-02
-6.468411963293203837e-02
-1.626613156490120185e-02
-2.343220015590515709e-02
-7.054851155437373567e-02
-6.673453398451051344e-02
-2.546885041051103957e-02
-9.222555868321843583e-03
-1.825396054231652118e-02
-4.023783638746595420e-02
2.002212801142151319e-02
1.059576691775108992e-02
-8.481954465152348813e-03
2.224500804783397997e-02
-1.765069015539308742e-02
4.521077687201521811e-02
-8.901479203245982880e-03
8.540702543152443871e-02
2.954678580548000116e-02
-6.621895880773034926e-02
-5.437607604315059656e-02
1.057284045174897991e-01
1.783411774149499043e-02
1.038111962779978900e-02
-5.007329462730386593e-02
-4.619465121064657981e-03
1.694382034069855936e-01
-4.149007998212592141e-03
4.430224195262734421e-02
-2.568537454086518984e-02
1.837693458545697212e-02
2.315371956862318295e-02
-3.997714028211937082e-02
-6.765871795052185236e-03
-7.010877857021429946e-03
-1.113762903291285050e-01
4.474743606481447478e-02
8.586889215764066663e-02
-7.382970071699304637e-02
1.554137022619741723e-02
-8.499029658194258430e-02
1.554931188309166025e-02
3.613783302555192978e-02
7.889779331575372603e-03
-2.189766192431114727e-02
6.386663535031259636e-03
-1.882860888783962836e-02
1.117669182124166917e-02
1.544758947592892590e-02
8.269101121068578308e-02
5.409158560205825500e-02
4.561255947646868092e-02
-9.401544992674142065e-02
6.872132137406904151e-02
3.502374849146362018e-02
2.450722694741897315e-02
-7.486836924449545572e-02
-3.879945041067250217e-02
-4.450767983991061466e-02
-1.445529503477014852e-02
-1.421122468991965586e-02
4.791336578224300591e-02
1.484449298732414164e-02
2.671956856551568893e-02
2.133933298991448971e-02
4.962091752342614320e-02
8.914502835771595524e-02
-7.446956723920312993e-02
-1.079871256280954921e-02
-4.354153682258873892e-02
-9.401712944210910416e-02
-2.928183324595047890e-02
6.256175282469976506e-02
3.726023945016386507e-02
-1.025932502973246792e-02
-5.006223721711482860e-02
3.818635161514884191e-02
1.353204273125355184e-01
4.236602383372146258e-02
-5.108159492199897816e-02
-2.484679359900796372e-02
2.704604508874530397e-02
6.000923546038500200e-02
1.073066227630296993e-01
-3.614115961929523918e-02
1.415659178498143711e-01
1.288168464416071871e-02
-1.077348054749260042e-01
4.664229521676329510e-03
1.177376043548492707e-02
2.221145810651466157e-01
-5.404890843178416712e-03
4.942491519672790462e-02
3.280577590164458334e-03
-5.040466373017220281e-02
-9.228089258759659963e-02
-3.299806914840122674e-02
-6.307290891182282169e-04
2.472612979052565482e-02
7.302221423615468110e-02
-1.141289979962300388e-02
1.090352981942773469e-01
1.783368092333498245e-01
1.127992457584812459e-03
2.181465746363366390e-02
-4.564263577634725816e-02
-1.979895249563585341e-02
-3.913074743133622413e-02
5.743705407064932794e-02
-5.274305009332626998e-02
1.182455009747820640e-01
-4.221120207052384693e-02
-1.348839695635485891e-01
7.958097403472125242e-02
4.540432119553584195e-02
-6.639306706580217279e-03
-4.241059226083932106e-03
1.262329967449983027e-02
-1.779071884814712942e-02
-1.323750673391955665e-02
-3.121978313982240807e-02
3.615202240753179197e-02
