-5.317181529805706935e-03
1.461937995305007953e-01
-1.160360025694814473e-01
-4.107815378873645729e-02
2.923571844546372922e-02
1.021429138779746115e-02
-4.703898523866209720e-03
-6.291667360371160089e-02
-1.375679960472717990e-02
1.984656227801456119e+00
-1.450580838771976522e-01
7.592257494783341554e-02
7.162350610737436285e-02
-4.271211402282010239e-02
-6.822978232940418719e-02
-2.826678886271310684e-02
-4.711711153935801977e-02
1.046292149484993717e+00
-1.866837526083288956e-01
-4.323413966075075748e-02
-9.858968359097518286e-03
-3.165497384387209318e-02
-6.654408474710309107e-02
-1.756775303391660062e-02
5.542991555535206616e-02
2.712651210236858429e-02
2.930186642060968183e-03
-1.225573038932083539e-02
2.212782277029501712e-02
-3.536906769931517230e-02
-5.606963032834421344e-03
6.603103824670351896e-02
-6.084550177727091058e-02
6.145022999772464800e-02
7.464322777925767871e-02
-8.254889229266559880e-02
1.313479705848483864e-02
2.796227860421106326e-02
-5.035929557083555080e-02
-4.304281162593234095e-02
-2.848835699385932931e-03
3.266797317236614512e-02
-1.131264238284718573e-02
-2.717312687647065184e-02
-9.166987152722859238e-04
1.520261742509378816e-02
-1.198661878718256107e-01
-7.999643045681828621e-04
2.330027874780789265e-02
1.954022696970453624e-02
-2.513901404474116336e-02
1.121203463701218699e-02
-4.394815235276815918e-02
-1.236812677588350166e-02
3.304138562963394865e-02
2.989200408453205476e-02
-9.938030076945702021e-03
-2.412952009176323048e-02
2.938160991990488007e-03
-4.576732735082578857e-02
3.632932800824086473e-04
-5.706724242405323069e-03
-1.615540537142326136e-02
1.288571790784274473e-01
1.699389357948743670e-02
-7.090530951013362948e-02
1.225729989573621538e-02
1.691045393594055313e-02
2.103265197678032272e-02
9.302971795362724450e-02
3.424899725015539270e-02
3.373025370160717684e-02
1.211924121215148253e-01
-1.722979212798015497e-02
7.551256957856064544e-02
1.149132331762786353e-04
4.827018281194503380e-02
-5.707315408702939158e-02
-2.224203687941195967e-02
1.334848644085198099e-01
-1.269617312713661010e-02
8.398444437044930155e-02
-9.689539491209377131e-02
-1.080950935321767920e-02
3.682798244372668950e-02
-2.203793037426744761e-01
-4.956182155700585706e-02
-9.517311742474693359e-02
1.570277294496980891e-01
4.776853040784274224e-02
-6.141977637048259830e-02
-1.293408450257225659e-02
-2.392869480887053688e-02
2.883421095623002126e-02
8.905140072811223995e-02
-5.289437360565396595e-02
6.258584593100692886e-03
-2.082550097604222300e-02
-3.853221494294974125e-02
-3.911376909768469329e-02
1.341316224499422907e-02
1.693180269171217292e-02
-8.337791251831379313e-02
-5.202887319498090968e-02
5.462185821235127081e-02
-6.978490998490498587e-01
3.050005341524595834e-02
3.845988757824986976e-02
4.173787109721852073e-02
3.113773476694303710e-02
3.849739531305496065e-02
-8.074570284751819704e-02
5.299114538242541417e-02
-1.082761200552743719e-01
-3.622666855007436459e-02
-4.858109249439486466e-02
-1.775007971098189813e-03
3.754835987446723550e-03
1.387039696719332728e-02
-2.843886226219809882e-02
4.646740525384034787e-02
-2.404878589573898953e-02
-9.101703191942483659e-03
3.568817298549082544e-04
-1.278133050223858366e-03
6.844814316118362496e-02
-2.339684783279779440e-03
-7.103872622674702042e-02
8.371393863906277655e-03
-9.329987249711419600e-03
3.023461389448477143e-02
-3.168126307632969374e-02
-6.701294660695258920e-02
-3.013101671585031310e-03
4.032672007497558470e-02
5.545176291122802525e-02
1.105301805678110018e-02
-2.238001903871980960e-02
3.298888954212728791e-02
1.245517476670717980e-02
-7.608364966258213125e-01
5.983768788986192771e-02
7.842445488700941492e-02
1.280986695788381355e-02
-1.085906478402204334e-02
-1.827560760817801275e-04
-1.055672126814730973e-02
-2.767958155831696122e-03
5.297591423315130277e-03
-5.042901287238057279e-02
-4.567936562111525600e-02
-1.018077787339338042e-02
1.037813918625688087e-01
2.700631695982618624e-02
-5.643312497918886311e-02
1.339535571778991373e-02
-5.687152454049014538e-02
-1.816455242879817106e-02
-3.082832305263274661e-02
-5.693306913597717678e-02
-3.257097160598139418e-02
1.327092789392703316e-02
-3.493460491101158666e-02
-4.611552364977357377e-02
-8.901641200774729201e-02
-1.251211468183937026e-01
6.245033942960841883e-02
-2.193639718328227808e-02
1.201798030017980773e-01
3.249360621240121594e-03
3.133302125302454832e-02
-1.369107760749644839e-02
7.576969982019179928e-02
7.617562533991519870e-03
-3.613165921628041372e-02
5.143961458472074560e-02
7.215867527762053618e-03
-3.578001227943665603e-03
3.115814918947567083e-02
-7.586247412482241548e-02
1.827549041005566274e-03
-3.507065336904523906e-02
-4.664922086579870175e-02
-5.046284397337284788e-02
-1.840979214185424484e-02
1.050590416229632909e-02
-4.875814755927011107e-02
1.247477733820036468e-02
2.994116388699276377e-02
-1.926412607801678348e-02
-3.764983149917865146e-02
1.831493238809159263e-02
-6.510193814098294562e-02
3.681232640045063037e-02
-1.223650068399263074e-02
9.643579834287870078e-02
-5.318529159174658488e-02
-9.504170377985704521e-02
-6.270766477562822461e-02
1.616139139084976084e-01
-2.619222221990987268e-02
-5.032601943343766732e-02
-7.610648468022997160e-02
1.455094817264362440e-02
1.474182399884567674e-01
2.573795958789790866e-03
3.142980170110215576e-02
-1.171613505923542594e-03
-5.340627657755338611e-03
-8.332893264545596437e-03
-5.744615899290756583e-02
-5.960710051639362544e-02
-2.226893093547438127e-02
-1.319249744716746719e-01
3.384989171272864694e-02
7.501908554486325098e-02
-3.361289407617985142e-02
4.158603219066329265e-02
-1.084111929913647715e-01
1.588706204701096497e-02
4.776773264767580907e-02
2.165699685959976070e-02
-5.548785722312866292e-02
1.796579877514332003e-03
-6.594463843601547186e-03
6.395826439644934462e-03
1.676381889699598074e-02
4.847583150889051701e-02
3.351049462170906795e-02
1.116459066925834694e-02
-1.280162878346430555e-01
3.460431269146244104e-02
5.142901824859039128e-02
8.037772729921417725e-02
-5.572303171755682571e-02
-4.714625146371648201e-02
-2.946251429031255392e-02
-5.629826015444636816e-02
-4.299652852929097824e-02
5.003186705014651264e-02
2.070179395450408300e-02
5.156507537793020984e-02
5.202717036723328303e-03
5.116624298664757681e-02
9.971545975958977237e-02
-1.175438559980465231e-01
-8.264733763152637414e-02
-1.054854249217501289e-01
-1.342738925701474073e-01
2.211129092509656405e-02
6.875994598816817516e-02
-6.682049455407288070e-03
-3.199435792793242639e-02
-1.685908836997480550e-02
7.552465412761110407e-03
1.630655772731308961e-01
9.364415803698276919e-02
-9.170958963217012982e-02
7.679175280525425695e-04
6.172511473872314275e-02
5.753427247047593340e-02
1.132679308737346846e-01
-4.587135592694181925e-03
1.173746181156766072e-01
5.345317425301900072e-02
-6.892435395300568202e-02
-1.445507495997325025e-02
2.133850330697603052e-03
3.175547471585863923e-01
-2.919908868040756514e-02
1.311743493572134142e-02
-3.361915475922904600e-02
-6.699274246359439300e-02
-1.165722187999467252e-01
-8.378196937155922563e-02
-6.735708581852967690e-03
1.933758288034429992e-02
8.590341309547593063e-02
-2.390616892328738252e-02
1.638101649906766044e-01
1.999388326063310239e-01
5.060204011554342296e-02
5.105877948937799504e-02
-9.907125975348517188e-02
-3.817378650273042101e-02
-6.904881321035340191e-02
9.816116281521931886e-02
-6.467570008657431979e-02
1.288257976214260414e-01
-5.314778385694148705e-02
-1.658747509600870251e-01
4.124998872730199079e-02
-8.820652474816792661e-04
-2.152894117802122212e-02
-3.115431863997846634e-02
2.600020481625155491e-02
-3.232112959717967776e-02
-2.847702468061845058e-02
-1.498392491585364555e-02
3.732404619100736926e-02
