-8.786692375158572377e-02
1.729264019768608218e-01
-1.010868808634660526e-01
-3.063290563399802269e-02
4.331678765955511434e-02
4.309508783367670126e-02
-1.086908908462820740e-03
-3.962464597940780486e-02
1.724095121292002972e-02
1.085600919224301464e+00
-9.538271638894078863e-02
9.796808275415729017e-02
5.475052246463481959e-02
5.134339357855200250e-03
1.579148854557461956e-02
2.356652664211429877e-04
-2.686845017728687474e-02
1.153956241579718656e+00
-1.988716246656472286e-01
-4.702372821482658088e-02
-4.693477650759914771e-02
-8.271993788582713072e-03
-1.354344842178111796e-01
-2.195928588407423596e-02
6.090031458509524015e-02
1.632012578064306538e-02
-5.848157721551740934e-02
1.454835782615990919e-02
8.679855252596151149e-02
1.394711751140425768e-02
-3.816361718926702951e-02
4.212961728745243106e-02
1.263072587781434095e-02
9.984947378426808212e-03
8.458104528574870995e-02
-5.159922637127663941e-02
1.232827686853420722e-02
4.686034517622358203e-02
-3.397034007719001297e-02
3.345493815990882667e-03
2.805277793612755491e-02
9.664184341030771907e-04
1.392314736714086662e-02
-6.330545350744672811e-03
-2.542249395983095517e-02
-6.748058375099261035e-03
-5.808888843987550232e-02
7.646291634296728534e-02
2.481677004687699722e-02
5.931320245199210237e-03
4.176603168576493302e-02
-1.078389516688137324e-02
1.254655787575966949e-02
-7.997342367875336089e-02
2.481615932918398732e-03
1.506261063383591836e-03
2.866239603718199677e-02
-1.244732810487122511e-02
-1.052974057235787561e-02
-5.730566205538455832e-02
-2.676936205689036969e-03
4.110989220195891691e-02
-7.585304615205430180e-03
1.092887996735143474e-01
-2.357143654226981355e-02
-5.502243378862266276e-02
1.151291622964688982e-02
-3.258332697026519037e-04
-2.440534979431772250e-02
8.780545223979487057e-02
2.884412881663085335e-02
1.010734168641642672e-01
5.491765083827896549e-02
9.376069941385314216e-03
9.446555106132423218e-02
-4.165475682134989893e-02
-3.935192316616104025e-02
-1.142834008210696396e-02
6.326739394094678393e-03
-1.667603074453342504e-03
-2.184183601855289175e-02
8.114556469357550594e-02
-9.683035560630944005e-02
-1.422955538762796408e-02
2.523833391517273095e-02
-2.184078876525484547e-01
1.256576712298036191e-01
-1.857521961876407446e-01
3.039617885169487374e-02
3.086938752901002142e-02
-9.385429677704507784e-03
9.617880175707303747e-02
8.862361827867934819e-03
-6.223822989089281693e-02
6.023705416299943854e-02
-5.775986075651004525e-02
-4.277074662082427925e-02
2.137732324092945016e-02
-5.394156850943809117e-02
-9.373190715072426613e-03
-5.007320281346495580e-03
6.979573979855245580e-02
-1.180741840624354583e-01
-4.855892184134960599e-02
8.459801453451208653e-02
-2.757770475420153744e-01
4.953292502907147982e-02
1.545742266632207061e-02
9.066157751821730948e-02
4.541139509159053400e-02
7.720161645587281241e-02
-5.935611774933866741e-02
4.021995257906459814e-02
-3.771396330816263048e-02
-3.035429832319621463e-02
1.815211200019176130e-02
6.305790126636116009e-03
-7.660812730405328584e-03
1.048076911626687723e-02
-2.662288584480007603e-02
4.366612178123985971e-02
-1.117642668646866982e-02
5.252934191505472666e-02
-5.749660211680958366e-02
-1.109268651691677626e-01
2.633831000649037787e-02
2.463425218758297230e-02
-4.019759580989586134e-02
-3.985790112423049508e-02
-1.932661305626100223e-02
3.220603998465911000e-02
3.161410658739514934e-02
-3.223219010598491613e-02
3.918866497205941712e-02
3.283390458976020304e-02
3.710524312717575213e-02
-9.390463071880008825e-03
-6.241844773033464883e-02
5.231087364107720600e-02
2.419381519187793067e-02
-4.595095478001553491e-01
6.474573170094602426e-02
7.567377905150753092e-02
-1.383028946753397589e-02
-1.358933717903054901e-02
4.572462034210927201e-02
-5.609770027209187021e-02
1.879867687108487811e-02
3.952828042948352411e-02
-2.390077873774449496e-02
7.025442449873204459e-03
3.889338611861287848e-02
7.545658323110168708e-02
7.670263699244755928e-03
-6.483427046097660351e-02
-3.455109508986960176e-02
-4.258874254467051590e-02
4.492405137577872368e-03
2.326948811142306311e-02
-5.982304578789249261e-02
4.785060215768175557e-02
-1.278944525403435950e-02
-3.465841094307766518e-02
-9.195164376800833705e-02
-1.386227438869986062e-01
-8.687215316123179931e-02
2.817335851760637954e-03
-8.455668140113482834e-02
7.012236182441070054e-02
7.202369556318775901e-02
7.702827946914120316e-02
2.075768636863992156e-02
-8.245901527881580040e-02
1.996082792494148841e-02
-5.035296613633234719e-02
-2.790924517324267981e-02
9.759990671618858082e-02
-9.089361542915163142e-03
8.810823856931428166e-02
-1.056790169505797128e-01
-2.336904679955550609e-02
-5.377557814144105774e-02
-1.019649698621532263e-01
-7.030943170629321004e-02
-8.278038423219324926e-02
-5.681313729276581299e-03
-8.759759574843395402e-02
1.121554599071679370e-01
3.428579812359866530e-02
-3.551402012873657813e-03
-3.807665819234996168e-02
-4.949123176732488083e-02
-4.398559405853878085e-02
7.974413234684921137e-02
6.675677974787096181e-02
4.930554958009224220e-02
-6.390918711094611959e-02
-1.340117946938705340e-01
-8.702678748131557895e-02
7.601471978133082785e-02
-4.592859224879288632e-02
-4.086281052860928770e-02
-2.765207270298409778e-02
3.776002132574565739e-02
1.349583080827326531e-01
-3.978266550616339770e-02
5.789444312898887890e-02
2.112792714259285540e-02
-1.218413308784934909e-02
-7.357407700347383395e-02
-3.384425193251605624e-02
-8.336563604777802450e-02
2.398457820843453991e-02
-1.413483202306788367e-01
4.423250767198270983e-02
-2.564895468275206827e-02
-2.498605198816981204e-02
1.766580305322785691e-02
-1.394598934926589984e-01
3.168093921017760273e-02
1.574401402307218714e-02
5.353662576581538074e-02
-9.102476937955432390e-02
-8.519752503266701110e-03
-2.105206730201890017e-02
7.794898845991209135e-02
5.397911309236987087e-02
2.919954190519008855e-02
1.363183256669846244e-01
7.590568731622888976e-02
-8.626243182337814397e-02
-6.574125616001975925e-02
8.682713231335247028e-02
1.667377303976462499e-02
-6.844443251912694925e-02
-1.031217622058740353e-02
-1.854708158883950145e-02
-5.910314917757820280e-02
-3.460670371180756683e-02
2.818254179102459497e-02
-1.028220633769077845e-02
2.954551482876097840e-02
4.102164034419590599e-03
4.162963906801620678e-02
6.048855821272457883e-02
-9.423232232591528812e-02
-7.675266122380493272e-02
-7.749350290008014119e-02
-1.038736118059721270e-01
-7.205695701938017068e-03
1.867012064665303159e-02
4.367043371824878145e-02
3.286229470954331322e-02
-5.906813029494340644e-02
-1.116647183801913702e-03
1.756378900987324021e-01
3.584878165595590388e-02
-1.003260976789524944e-01
3.858254011618759277e-02
6.336750122462853074e-02
3.642753975682749747e-03
1.312304320649234357e-01
1.195691609535261962e-02
8.679050485733462439e-02
-6.845172992031770378e-04
-3.225101521627830869e-02
3.341414581929953026e-02
-1.562501200427897710e-02
3.464325434043996621e-01
-1.168992436497556242e-01
3.369417683758813703e-02
-2.713232343607100902e-02
-2.462390209824808981e-02
-7.381786950438345984e-02
-7.645104171020218609e-02
-4.348418012733678423e-02
-1.023530561972349484e-02
7.493779670736264165e-02
-1.275874791183166379e-01
1.865975087030062318e-01
1.519405502776849104e-01
6.578164335621355940e-02
6.421161331209619683e-02
-7.774218354338964521e-02
-2.050347167769478972e-04
-1.396359458472954361e-02
6.426861923210720751e-02
-9.836489620005604839e-02
1.624677939600153442e-01
2.390378701005639595e-02
-5.213489571297042630e-02
2.409146190759939646e-02
-4.050512623046740451e-02
-5.819818499911495052e-02
-4.945889223975798860e-02
4.677099012522249050e-02
-6.283658557741005068e-02
-4.599828429082791770e-02
-1.989106625808838638e-02
3.022136533864897001e-02
