-7.610759884119033813e-02
1.344930678606033325e-01
-6.956750154495239258e-02
-5.075242742896080017e-02
-8.089139126241207123e-03
5.382851883769035339e-02
2.791236527264118195e-02
-6.448476761579513550e-02
3.834269568324089050e-02
1.580388307571411133e+00
-1.245962902903556824e-01
2.552412264049053192e-02
9.548100829124450684e-02
-1.160798780620098114e-02
-7.286977022886276245e-02
-3.366255760192871094e-02
-4.990497976541519165e-02
1.258467674255371094e+00
-2.051986455917358398e-01
-6.580204516649246216e-02
-2.433521486818790436e-02
-1.393346861004829407e-02
-9.010997414588928223e-02
-7.055390160530805588e-03
3.840024024248123169e-02
5.441602692008018494e-02
-1.700278185307979584e-02
-3.138281032443046570e-02
2.140343748033046722e-02
-1.445550657808780670e-02
-1.832763664424419403e-02
1.588335447013378143e-02
4.203427210450172424e-02
2.536063641309738159e-02
3.530060499906539917e-02
-9.603676199913024902e-02
-1.968130469322204590e-02
4.802265763282775879e-02
-2.882332727313041687e-02
-6.194468960165977478e-02
-1.224518660455942154e-02
4.225945100188255310e-02
2.686731144785881042e-02
-2.425321750342845917e-02
-2.298209629952907562e-02
1.142856664955615997e-02
-4.569166898727416992e-02
1.475815847516059875e-02
-3.217223659157752991e-02
-1.945390738546848297e-02
-1.852480135858058929e-02
1.207039318978786469e-02
-5.812934041023254395e-02
-7.773314137011766434e-03
-4.521237686276435852e-02
1.406577229499816895e-02
-5.210937815718352795e-04
-5.807041656225919724e-03
2.062874118564650416e-04
-7.967023178935050964e-03
7.047206163406372070e-02
4.668244719505310059e-02
-4.640148580074310303e-02
1.394417136907577515e-01
5.046037584543228149e-02
-3.104600682854652405e-02
-7.670112419873476028e-03
2.891352586448192596e-02
1.850578747689723969e-02
5.890459194779396057e-02
5.695947632193565369e-02
5.474589020013809204e-02
1.412329077720642090e-01
-2.916335128247737885e-02
1.011262163519859314e-01
-5.248071253299713135e-02
3.895830363035202026e-02
-5.479196831583976746e-02
-1.594131626188755035e-02
1.726130098104476929e-01
-2.053790725767612457e-02
4.360961169004440308e-02
-4.186648130416870117e-02
-3.216743469238281250e-02
3.289824584499001503e-03
-1.681170463562011719e-01
-8.933465182781219482e-02
-2.938297204673290253e-02
1.451637744903564453e-01
6.040732190012931824e-02
-3.239782154560089111e-02
4.346429556608200073e-02
-1.068731117993593216e-02
4.029965028166770935e-02
9.991203993558883667e-02
-6.391034275293350220e-02
5.460138898342847824e-03
3.362376242876052856e-03
-1.806616410613059998e-02
-3.227167576551437378e-02
3.622324671596288681e-03
1.870909333229064941e-02
-6.524465233087539673e-02
7.375406567007303238e-03
4.220584034919738770e-02
-6.937806606292724609e-01
6.249263510107994080e-02
5.548569932579994202e-02
7.077183574438095093e-02
2.649563923478126526e-02
1.264715194702148438e-02
-8.658087998628616333e-02
6.838356703519821167e-02
-6.294418126344680786e-02
-7.325950264930725098e-02
-1.699261926114559174e-02
-1.601750962436199188e-02
7.183225452899932861e-02
-4.887920618057250977e-02
-1.171811716631054878e-03
2.273513376712799072e-02
-7.776974700391292572e-03
-3.596208244562149048e-02
-4.071658477187156677e-02
-9.219612926244735718e-02
6.063616648316383362e-02
1.366866752505302429e-03
-3.124824166297912598e-02
2.539205551147460938e-02
-1.417268533259630203e-02
1.495838630944490433e-02
5.835886672139167786e-02
-5.152880772948265076e-02
-1.977713778614997864e-02
7.651024032384157181e-03
5.450283363461494446e-02
5.991604644805192947e-03
-1.027611549943685532e-02
6.154831498861312866e-02
-3.376943524926900864e-03
-5.688913464546203613e-01
3.502427414059638977e-02
7.129576057195663452e-02
5.820968654006719589e-03
2.792102051898837090e-03
-1.993921957910060883e-02
-1.046254485845565796e-02
-1.154052373021841049e-02
1.551852840930223465e-02
-2.941035479307174683e-02
3.589383559301495552e-03
4.723975434899330139e-03
6.568527221679687500e-02
2.135260729119181633e-03
-5.583834275603294373e-02
4.743145778775215149e-02
-9.395850449800491333e-02
4.239062964916229248e-02
-1.417568605393171310e-02
-5.797879025340080261e-02
4.941425286233425140e-03
3.633372858166694641e-02
-2.518793381750583649e-02
-7.162577658891677856e-02
-1.310950219631195068e-01
-8.828870952129364014e-02
5.677484348416328430e-02
-3.415930643677711487e-02
1.044570431113243103e-01
2.116245776414871216e-02
5.349832773208618164e-02
2.029879577457904816e-02
1.318551227450370789e-02
-4.351545125246047974e-02
-7.559859752655029297e-02
5.646609142422676086e-02
1.075279340147972107e-02
-3.077626973390579224e-02
1.660916209220886230e-02
1.945110270753502846e-03
-1.833459711633622646e-03
-3.890759870409965515e-02
-4.221202805638313293e-02
-6.331969797611236572e-02
-5.125220865011215210e-02
1.952888816595077515e-02
-2.905328758060932159e-02
4.124302417039871216e-02
-1.086898241192102432e-02
-8.721699006855487823e-03
-4.344566166400909424e-02
-1.769223250448703766e-02
-6.650520861148834229e-02
9.895893186330795288e-02
3.201501071453094482e-02
7.556420564651489258e-02
-6.450322270393371582e-02
-6.990595161914825439e-02
-8.737559616565704346e-02
1.551745831966400146e-01
9.632232598960399628e-03
-1.108882874250411987e-01
-6.278564035892486572e-02
5.144171416759490967e-02
1.306638866662979126e-01
-2.254164591431617737e-02
1.555388048291206360e-02
3.269289433956146240e-02
-5.247118324041366577e-02
9.486340917646884918e-03
-3.862212598323822021e-02
-1.026452407240867615e-01
-5.165529996156692505e-02
-1.156244650483131409e-01
-2.401773119345307350e-03
3.560280054807662964e-02
-8.718151599168777466e-02
4.708050191402435303e-02
-1.771848201751708984e-01
2.003245800733566284e-02
4.521889239549636841e-02
2.182241901755332947e-02
-3.223098069429397583e-02
5.277602747082710266e-02
-8.785834070295095444e-04
-1.213599112816154957e-03
4.848439991474151611e-02
5.457364395260810852e-02
5.831005796790122986e-02
7.727448642253875732e-02
-8.260454237461090088e-02
5.385048687458038330e-03
4.675455018877983093e-02
6.222975999116897583e-02
-9.313757717609405518e-02
-4.989035800099372864e-02
-2.272068336606025696e-02
-4.597705602645874023e-02
-4.397433996200561523e-02
2.063781395554542542e-02
5.380926653742790222e-02
3.651882335543632507e-02
2.831466682255268097e-02
2.652805764228105545e-03
9.391336888074874878e-02
-1.644989103078842163e-01
-4.434478282928466797e-02
-7.153131067752838135e-02
-1.060543134808540344e-01
3.859041957184672356e-03
6.090955063700675964e-02
1.769704557955265045e-02
-1.546086184680461884e-02
-4.628212377429008484e-02
3.959568589925765991e-02
1.108631864190101624e-01
8.469113707542419434e-02
-6.178110465407371521e-02
2.885519526898860931e-03
-1.227715052664279938e-02
1.000631153583526611e-01
1.183778345584869385e-01
1.345103792846202850e-02
5.406424775719642639e-02
2.416668273508548737e-02
-9.539449214935302734e-02
-2.144242636859416962e-03
-1.624186057597398758e-03
4.559780657291412354e-01
-7.772950083017349243e-02
2.655971050262451172e-02
-1.892009377479553223e-02
-1.295906864106655121e-02
-1.594259142875671387e-01
-3.038953430950641632e-02
-1.945388689637184143e-02
1.715275645256042480e-02
1.002974137663841248e-01
4.290677141398191452e-03
1.279078423976898193e-01
1.946661770343780518e-01
3.957977145910263062e-02
6.693454831838607788e-02
-9.549096971750259399e-02
-8.158309385180473328e-03
-1.380462199449539185e-01
4.293289035558700562e-02
-6.969591230154037476e-02
1.397790312767028809e-01
-1.015010178089141846e-01
-1.769513636827468872e-01
3.219878673553466797e-02
-1.594088855199515820e-03
2.753638103604316711e-02
-4.000717401504516602e-02
-4.528995603322982788e-02
-4.412448778748512268e-02
-5.537888407707214355e-02
-4.455631971359252930e-02
6.703092157840728760e-02
