-6.311477244669384812e-02
1.560891979011761466e-01
-1.060511992005017112e-01
-5.090482572350089191e-02
1.589539271915322433e-02
-5.100737245057822278e-03
-1.508355078729364807e-02
-3.087708714141806574e-02
3.284886383532926307e-02
1.668788045641626416e+00
-1.733594489319994492e-01
1.186470188857532276e-01
7.757397189926847070e-02
-2.577798320311913347e-02
-7.770662959681007634e-03
-2.384764656842864108e-02
-5.112695177544762659e-02
1.121054378276478358e+00
-1.770496238621513119e-01
-4.141361459530327332e-02
-2.838706033344035734e-02
-5.099213956155273370e-02
-6.207480298882429859e-02
-1.149825312914253862e-02
5.793482372029576388e-02
3.398111260383338689e-02
-3.184909123490378691e-02
-1.980493958758149098e-02
2.754527520834741672e-02
8.618361544552127079e-03
-3.065133050021217470e-02
2.830014989419509311e-02
-9.785153169500021651e-04
4.070291391240630358e-02
8.308511838038694364e-02
-6.033219348966548101e-02
1.104154608709611955e-02
3.522485713521247147e-02
-4.092381876614768765e-02
-5.664690335233502766e-02
5.490421409023036464e-03
4.099424119598973903e-02
4.633586482953862967e-02
-4.627863354067152102e-02
-1.219949319320989822e-02
-2.754497816013530206e-02
-1.043956945054676788e-01
5.100829385012504991e-02
-2.107821566204814544e-03
-7.287919275116695392e-03
-1.621108299861500658e-03
2.173294934461042840e-02
-1.084281899956157126e-02
-4.856194779837546410e-02
-1.563122517703779968e-02
1.260777129171172968e-02
-2.674000959385045527e-03
-1.504793067267323065e-02
-1.591936927731118362e-02
-4.248794996423099768e-02
-6.076569043128642565e-03
-6.508370334538777190e-03
-1.139338410848101009e-02
1.510955607472248552e-01
-1.317648476284961553e-02
-4.399156400680456075e-02
1.710490336090175409e-02
3.658201907469056657e-02
-5.315278024217775892e-03
6.195439944684782291e-02
3.959156853660643349e-02
6.848658498002192785e-02
1.150489802430226943e-01
-2.761534603945692019e-03
6.471568628141288748e-02
-7.702371208990037472e-03
2.208969324557252811e-02
-4.749396045975846220e-02
1.255867949058270608e-02
1.494556345806483111e-01
-4.728935291780263922e-02
6.462217843804921036e-02
-7.436863832747510339e-02
-8.297294600769550624e-03
3.813770090140710528e-02
-1.554877816222417497e-01
-2.987349325411578146e-02
-1.062161306362001123e-01
1.124614409417106081e-01
3.283571303423497845e-02
-5.873303260612410676e-02
2.403173944743927648e-02
-1.469390696320909025e-02
-2.802616509203242900e-02
5.391415881696596385e-02
-7.479196503509305538e-02
-2.814424175634735667e-02
-1.770071056279385116e-02
-2.966714009550605949e-02
1.051899427484678448e-02
1.686070956060452264e-02
2.382242864212499867e-02
-7.759873325146830758e-02
7.844953605891717924e-05
8.986652369626199621e-02
-5.725720027263304646e-01
7.427903978527330975e-02
3.778696030813918222e-02
4.119751752188387239e-02
4.677278974419997459e-02
5.496615689379515807e-02
-1.149870841970468544e-01
3.462999425325394981e-02
-5.774290857169948887e-02
-3.086151594748434007e-02
-8.777302507972921386e-03
-2.604524591425953425e-02
1.102936619358401739e-02
-1.191703449486665456e-03
-4.558389644872921226e-02
2.428979733126605464e-02
-2.500504908615354405e-02
-7.651334842250236655e-03
-8.247290568248388451e-03
-6.416528161520060336e-02
4.682681951344764421e-02
-1.567561004754649059e-02
-5.700493812947816930e-02
1.525774664331119683e-02
-2.767031600296854590e-02
4.773055019255178361e-02
3.242802719852642956e-02
-5.866491321674139475e-02
-6.605706340895286209e-03
3.396859990630585885e-02
7.785505285316494939e-02
-2.024388378831437803e-03
-2.444957993128783411e-02
5.771802619985767768e-02
2.600699041357208609e-03
-6.205269966803358406e-01
5.798250912649460104e-02
7.623585405072251520e-02
-3.659770578737344630e-03
3.007460956276380992e-03
-3.220432055671030441e-02
-2.528830105908175946e-02
3.399878376359996828e-03
4.608948717479308121e-02
-1.834919798156253376e-02
7.014375002787119270e-03
1.178289866158437060e-02
4.893404285755861838e-02
-3.050873314775814742e-03
-5.749160211698999684e-02
-5.286283276587589765e-03
-7.564965690858155289e-02
2.799908236306385481e-02
-2.479350308472466277e-02
-4.945425128946795423e-02
1.647157823636740889e-02
2.905700490145685794e-02
-4.368176839240382747e-02
-9.757887077437549239e-02
-1.416525667781983744e-01
-1.154086726225346665e-01
4.846017394673891865e-02
-5.449709943055931066e-02
1.168230328455229644e-01
1.337257692272486587e-02
6.928978134200426686e-02
9.079171335824490208e-03
3.467965264634310929e-02
-3.250425123665938443e-02
-5.165461575075481343e-02
2.034269403394581982e-02
5.433004098297170015e-02
-3.322335361651870822e-02
4.204138748535442283e-02
-6.743409549010109805e-02
1.185492276805161227e-02
-1.746363308417075988e-02
-7.349360030530395493e-02
-7.926824688687605924e-02
-7.995752342588210992e-02
1.269245066051200325e-03
-6.556450338115676901e-02
1.451647016450691337e-02
2.627900818814496789e-02
4.910145061184010423e-03
-4.127799558379523226e-02
3.360640049489258853e-03
-3.566802006232819289e-02
6.962159519672014851e-02
4.871331769964925423e-02
5.062466525233578346e-02
-6.299513902971173862e-02
-7.692156601118321779e-02
-7.260275638443888790e-02
1.739936798702176601e-01
1.901826790762114680e-02
-9.583227129429348901e-02
-5.454084619750124152e-02
3.780094357767976171e-02
1.031283548111659315e-01
-3.926391702412201923e-02
1.235574513685869236e-02
2.606735033522880954e-02
-2.928679186346660676e-02
1.590978855565507166e-02
-3.740899396268945049e-02
-2.638332711952480827e-02
-1.844106289160489173e-02
-1.487949260116714079e-01
1.862899722743266775e-02
7.625723418747089311e-02
-5.041111325865966358e-02
5.539376329602466176e-02
-1.435251880454538609e-01
5.592954658912960286e-02
4.748068130449844410e-02
8.544636745388989665e-03
-6.562008440217881322e-02
-3.164872304767886446e-02
1.100376595522959723e-02
1.163605920395303873e-03
1.222227880807299875e-02
2.026475188362305418e-02
7.031909373685653331e-02
4.336341705604186691e-02
-7.612098073965796463e-02
-1.702569233796922057e-02
6.132164641516643644e-02
4.667737125739789689e-02
-9.829306269058026013e-02
-3.845270769493638885e-02
-4.365549612831027410e-02
-1.939023277900762954e-02
-6.688592785363435544e-02
4.668996830194861031e-02
1.453753308310285278e-02
2.452027740577073303e-02
1.176212820712319550e-02
9.788285744596157689e-02
6.245465797414116726e-02
-1.564329816986616273e-01
-3.512796074187358314e-02
-8.494359135131734906e-02
-1.237897742421852770e-01
-5.641003765808539315e-03
5.603461730919441497e-02
3.476960691294706668e-02
-1.526544605962392755e-02
-6.428097639292580656e-02
-2.596567870851710768e-03
1.989482087567407131e-01
1.008023352888934021e-01
-7.319788697651449794e-02
1.135795927555559304e-02
-1.655225180917763595e-03
5.985585651160192644e-02
1.283692015015471810e-01
-1.013899718313214515e-02
1.015822885450933522e-01
3.143764645577035860e-02
-8.697217393171781386e-02
1.906971225724486685e-02
1.826846137768877928e-02
3.979472017559671504e-01
-6.591939164760864112e-02
2.696807936048585888e-02
-7.342425330000760739e-03
-3.560226605685675588e-02
-1.301314088481816955e-01
-6.783896853594925669e-02
-3.643249747340325528e-02
1.375256301265387164e-02
7.468198385137367334e-02
-4.899146484404338225e-02
1.476478505033947675e-01
1.729036229496192234e-01
3.951676372882024363e-02
2.117460047235506567e-03
-8.568147377925360020e-02
-3.603788909355143833e-03
-8.862557361843390047e-02
4.846616991990934653e-02
-8.725506651298199634e-02
1.507330739141619080e-01
-5.968319265423388705e-03
-1.200182594435807298e-01
3.997762852902077280e-02
-1.324661656218784241e-02
-3.488670258470964042e-02
-2.398170882726950032e-02
3.620129082263901128e-03
-6.199847260009688776e-02
-6.723634206059513063e-02
7.128692723677157103e-03
2.977313496556411795e-02
