-1.148883031337265825e-01
1.988383316392746958e-01
-3.835894047299603926e-02
-5.071489963663595307e-02
-2.088314616195764348e-02
8.860131752143586559e-02
-3.715205283194835534e-02
-4.104454140858541933e-02
-3.114138026247401103e-02
1.162907477487729047e+00
-1.489288747170589011e-01
1.089472365764433126e-01
7.325504791353995571e-02
-3.696915384461612469e-02
1.742092881955123115e-02
-3.612750254877658551e-02
1.206760185699806307e-03
1.089623519172335797e+00
-1.762633863630072850e-01
-2.812193716727509271e-02
-3.459613123681402197e-02
-1.743997466552593342e-02
-9.466731810077316789e-02
-6.930170363177597624e-03
2.461046011616347187e-02
-2.914011130426626128e-02
-5.266852319540466648e-02
2.611772791367835897e-02
5.237341845145099262e-02
-4.219109517936198671e-03
5.788753099233521354e-03
3.808839950934128377e-03
3.658314621962227564e-02
2.191593768164358177e-02
7.058254465741059525e-02
-6.380274607611423343e-02
-1.765887950706737652e-02
1.831818443493277160e-02
-2.609028615783654664e-02
3.087702097704640367e-02
6.021879442278763473e-04
-2.921651093052258022e-02
2.927160768119764153e-02
2.097842945242052969e-03
-5.812168092008143661e-03
1.891982173076154142e-02
-9.225972374606342119e-02
6.448852267257870752e-02
3.810091828999003644e-02
-9.169438062758722072e-03
3.105023410878163248e-02
2.651994770875364376e-03
3.031011160316125080e-02
-3.408669127280444106e-02
1.837822772953597722e-02
-5.794281245002398661e-02
2.185169417958226362e-02
-4.401751041711517154e-02
-1.800604760195875093e-02
-4.984886401162057917e-02
3.743689207065224039e-02
-1.980269722936836563e-02
-2.279273586899441956e-02
1.625286929581493123e-01
-3.725331432258669612e-02
-1.317649979932709325e-01
3.951171346407570881e-03
1.311492478802482424e-02
-4.458578632256517127e-02
3.194447734798835231e-02
-3.586136827399771104e-02
1.544712264074782626e-01
6.307597953943645808e-02
-1.928300227189026078e-02
6.959674981009116024e-02
-2.676079664453370061e-02
-5.906199354237850856e-03
3.144361800085958975e-02
2.985609876009515454e-02
2.294750833301938131e-02
2.101720741351843433e-02
7.620669001955984734e-02
-3.413240851122230357e-02
-2.531787446352673845e-02
8.749356498784430225e-03
-2.692617399417510105e-01
1.726171557844542181e-01
-5.444953129228739114e-02
1.028881812811581128e-02
6.308444903177244656e-02
4.023533247310522032e-02
-2.129315969200168586e-03
8.588495460880699733e-03
-2.883921607051691954e-02
8.976921246071116467e-02
-7.324825429947470767e-02
-2.893965463885027345e-02
3.485566261127351351e-03
-8.569348851974128989e-02
-1.993552109410559950e-02
1.577853657888444311e-02
7.212789663845969867e-02
-1.258138040855773798e-01
6.135336664002240259e-03
1.166708684759200192e-02
-4.925251744547232691e-01
5.896578896937162279e-02
6.443956555300570750e-04
1.165917162646545047e-01
2.312680478274274642e-02
6.727774874790869164e-02
-1.035259325523748553e-01
1.177042910779028040e-03
-6.108317406683253653e-02
-5.055858644581370104e-02
-5.957123753675158673e-02
3.349170042610316589e-02
-1.317718757015863204e-02
5.491283054326231289e-02
-5.413989626325517446e-02
4.245108381630663397e-02
4.431272328224759860e-02
6.437854090853697628e-03
-6.355094987098500181e-02
-9.273783559852809277e-02
3.268090871670059627e-02
3.849297169089606341e-02
-4.733903207229760157e-02
2.887202183817152296e-02
-2.429385427446748708e-02
4.053699356520408525e-02
-4.564176382836238749e-02
1.029612832114623448e-02
3.734519630096784504e-02
1.153141729349719743e-02
3.470903978109737831e-02
4.755370667272017238e-03
-6.777552063471072030e-02
5.126070135373482495e-02
1.625447249262661556e-02
-4.452332111355780109e-01
4.498124253723597560e-02
9.305595814009275102e-02
-2.004726583403427728e-02
1.024565675422912416e-02
4.909656886329177156e-02
-6.665930761888139156e-02
5.346234138142537395e-03
4.872217825828217830e-02
-1.118930236202968741e-02
2.054693584819671306e-02
-2.261909025254416408e-02
1.503731574228985568e-01
1.007393329206788396e-02
-1.212228707143647999e-01
1.855141533265955434e-02
-4.348557524119191914e-02
1.953785590368546307e-02
1.900092462829380477e-02
4.428806789928334091e-03
3.622199745564436829e-02
-2.701581546146311283e-02
-4.449064869535699490e-02
-6.317314443874633145e-02
-1.334819022446148973e-01
-8.022401651053648330e-02
3.910497059968907202e-02
-6.907459059074720631e-02
9.540740156263455285e-02
5.248726404595024930e-02
1.208571688474147782e-01
1.278965723856395099e-02
-2.641867120128492050e-02
1.307289418146597403e-02
-1.047748162612715112e-01
-3.630939841183924294e-02
4.509340925009841516e-02
-1.697953311737289070e-02
6.086628898897759876e-02
-8.691402645960707996e-02
-5.469967189186690677e-03
-3.184891924952945597e-02
-7.575154791084894035e-02
-4.236045424157942885e-02
-1.528480271777239198e-02
-4.457169452893380152e-02
-4.657599989024498871e-02
7.330891628748970046e-02
4.597209505302839172e-02
-4.094322285399162181e-02
-4.352902343653892309e-03
2.819026374551753672e-02
-1.412586681950356131e-02
2.748818788135540953e-02
7.044814665342846944e-04
6.117713737790476253e-02
-2.267869655738322457e-02
-4.354525212513378485e-02
-7.324973195558440175e-02
6.082452418031652347e-02
9.596820809665207105e-03
-3.586282190317878482e-02
-1.906601507958871969e-02
2.623646899488245657e-02
1.316846279170613421e-01
-7.640171359574327199e-03
6.191611560104996054e-02
2.962041261060075620e-02
3.324223483304936805e-02
-1.737453131871701667e-02
-4.722402117176063147e-02
-3.310122078902127257e-02
9.769976126603461316e-04
-1.149746799420893334e-01
3.270289861227187664e-03
-1.643041868749154158e-02
-2.891417708442255499e-02
7.393051695762957454e-02
-6.041964640626345390e-02
3.844568669538621364e-02
-2.390920116757417821e-02
3.122603313870880512e-02
-5.445627685249541938e-02
-2.363321735374712337e-02
-6.839069259976364792e-03
9.188681380052959868e-02
1.284552435263765745e-02
-4.036620114652659207e-03
6.761193329125096685e-02
1.014311207543455995e-01
-5.836103718292142556e-02
-2.738259553683462799e-02
4.658121373375394975e-02
8.071503683039833732e-02
-8.719972466100886499e-02
-6.047746720996998587e-02
-6.387796237613638239e-02
-2.070595206848789560e-02
-3.977791681627433802e-03
9.956127759396643170e-03
-1.596538649429043305e-02
7.679848828812170340e-03
-3.717836231877929415e-02
2.617603526268929420e-02
4.648684496826138712e-02
-4.613843347981430587e-02
-5.074907193585540682e-02
-1.035443371796922057e-01
-1.055969336641489065e-01
-2.369494103167018445e-02
3.710170740640646170e-02
5.050050735262458929e-02
7.293615200521057912e-03
-3.437099891571276239e-02
7.203947153443270024e-02
1.647080675314310794e-01
9.534015619617967896e-02
-7.440672467600167872e-02
2.775645154268258780e-02
1.847772624428735758e-02
1.178225617568951465e-02
5.857455849077058269e-02
-2.685262306064242852e-03
1.115678296533048758e-01
-9.477896523130436082e-03
-4.117703490305422293e-02
9.349351891921204314e-04
-5.253834529618091331e-02
2.194101158367060822e-01
-9.611319859736557059e-02
5.571690972948369069e-02
-2.221131423022718390e-02
-5.498898614602490756e-03
-4.393059600622470362e-02
-6.033154566577273586e-02
-2.341368781206175018e-02
-1.788184640122741226e-02
6.143943335083774937e-02
-8.353365985288599416e-02
2.047393453065605440e-01
1.638396622505812472e-01
1.458112305612536790e-02
3.565240907921889829e-02
-1.106047102198636917e-01
7.982370385291983131e-03
4.935074823940278216e-03
8.274689206873007963e-02
-1.197403731785665892e-01
1.302784158796085612e-01
4.774892246433250220e-02
-3.650732924638481341e-02
-7.465052592063502190e-03
-3.232435510281987667e-02
-6.382488088409871141e-02
-5.383127637195684462e-02
4.675612977405460557e-02
-7.269334637643161401e-02
-1.035678595428040638e-01
-4.302334819190634790e-02
5.620276651221836443e-03
