-9.332551013456862055e-02
2.399151478787624747e-01
-7.271412977121237409e-02
-4.268474999443227363e-03
-1.960990306386965840e-03
3.942484014080447491e-02
-5.337307078346398975e-02
-5.787209512162530545e-02
-7.770200646052548808e-03
9.549818688689527546e-01
-6.411774738382451655e-02
1.184928775703236320e-01
6.569517789207260372e-02
-4.657846135606187599e-02
-2.910883124620084611e-02
-8.594393768144231033e-03
6.538520711280079029e-03
1.104528721598054819e+00
-1.663617737067158431e-01
-4.154856267554708077e-02
-3.325718514845518725e-02
-2.580532222059193567e-02
-1.139476656823803086e-01
2.243235992587721064e-02
5.844229970602414503e-02
-1.515671854857937942e-02
-6.748635170595078392e-02
-4.053374253924918458e-02
7.869284239540538795e-02
1.679617187008730292e-02
2.541505339120273335e-02
2.600554332475685584e-02
1.054890046447922759e-02
4.716817344575333082e-02
1.217397124827073046e-01
-9.072982878919677585e-02
1.131180256062924543e-02
5.448161701129789619e-02
-1.202024535160507723e-02
-1.190877546456110521e-03
-5.089316228574085853e-03
-7.584932361972834824e-02
6.352656967253919595e-02
-2.503799153181856391e-02
-5.284892683748008968e-02
-6.856639277078463999e-04
-9.919719963108912519e-02
4.231281064627525484e-02
9.961297764525865392e-03
-1.378990052441414482e-02
7.114235295967133443e-02
7.826862272836840329e-02
1.483099950152490069e-02
4.835715589333811765e-03
-3.718340117223526559e-02
1.604682882063804966e-02
1.397885210387932869e-02
-2.862410146752117010e-02
-1.138518905863534353e-02
-2.866597198386539036e-02
1.908989320449400520e-02
-3.313057877806133145e-02
-4.023021148837720856e-02
1.754842937767250866e-01
-9.556943410958329554e-02
-1.055328607099438182e-01
3.740346138881319588e-02
3.399290262508384512e-03
-7.770361332218915507e-02
3.520147957365640790e-02
-5.545833815050672799e-03
1.355767032651756521e-01
-2.074652459362161597e-02
4.561334621019732280e-05
7.052104403349543360e-02
8.018206950354237958e-03
1.695795622917016174e-02
1.679690058696916774e-02
9.193697696141107933e-02
8.655347864875911901e-02
2.549488678196005012e-02
5.388143268686593212e-02
-2.985083288245682018e-02
-2.079467312872055121e-02
4.391140976585426216e-03
-2.291339699316676526e-01
2.496577650760878619e-01
-1.984584608451412657e-01
3.528550308648444739e-02
8.043973540044385348e-03
1.005395125031441211e-01
2.121213578894001056e-02
8.348002103944830721e-02
-7.271580008855957344e-02
8.989727384558145185e-02
-1.054529638635029742e-01
-5.008215668755764544e-02
1.736712052354950908e-02
-9.238919081967385261e-02
-2.524207933876393764e-02
4.068224521437704272e-02
4.398214954776976521e-02
-1.449364657132975465e-01
1.660155738260616839e-02
-8.886311405450868228e-03
-1.486910607235683857e-01
1.967261902812421359e-02
1.534891250877735459e-02
1.070686601958791007e-01
7.518633045034375795e-02
4.525905803271988020e-02
-8.252984791596797154e-02
1.836526204986585128e-02
-1.554166426490316034e-02
-1.077028158275341596e-01
-3.998620186865934484e-02
3.164716298236144865e-02
-6.497714612853190685e-02
1.952221472944789052e-02
-7.073071798754926309e-02
5.104599939344554166e-02
-8.617357561231869106e-03
-1.330783588444286146e-02
-6.828077592463528689e-02
-1.082455707114110821e-01
7.662759324955982498e-02
1.351325933117873343e-02
-1.938103811533180981e-02
5.590596375345854158e-02
-3.535709337925505014e-02
1.045667295055336676e-01
3.611694857911670886e-02
3.631208094685377946e-02
8.807970246735349201e-03
-5.544696730140909538e-03
2.511764683727047906e-02
-1.842623477391108419e-02
-5.246646510412299874e-02
7.050900792319945987e-02
5.145612166395048710e-03
-3.123301844030351160e-01
1.371916299415192331e-01
1.085103897014127600e-01
-2.627483287001131790e-02
-7.511459584706705640e-03
5.334217810037100715e-02
-6.248041061640605132e-02
-2.812395400470046880e-02
5.847461707156032668e-02
-8.030736786807243788e-02
4.470642862570219089e-02
-3.945502048267586492e-02
1.052876761366018238e-01
4.448649941440638994e-02
-8.686509927580279844e-02
1.649266128879066373e-02
-5.889470188437997966e-02
6.706442872526620358e-03
1.114342802176783789e-02
5.463648572435440831e-02
3.215225589458266947e-02
-8.881218165716441015e-02
-3.033897698630208875e-02
-5.904178397097970682e-02
-1.740684214387524242e-01
-4.455390572597887205e-02
-1.852219819003102230e-02
-3.520647824395279485e-02
5.257512989173723783e-02
6.912632904858724558e-02
1.068802336610212150e-01
1.521439439164749569e-03
-6.851551282672717347e-02
3.134299328073907997e-03
-5.869343683187305816e-02
-8.785466405005450119e-02
1.820684186548901518e-02
-7.424524581831139225e-02
6.206007198085226884e-02
-1.606711990127441814e-01
1.515015088533369636e-02
-5.559950145939884097e-02
-6.511531166811646010e-02
-5.510370787525153274e-02
-5.175699781090173368e-02
-6.917331081789217240e-02
-4.950369058255428556e-02
1.628843039951370919e-01
5.614122877059402744e-02
2.038258731420175985e-03
-9.757038013147690397e-03
7.295896226785864025e-02
3.393938082645991949e-02
4.862118578121069762e-02
2.609494419502494250e-02
-4.947841065701769070e-02
-1.019324998558941847e-01
-1.348489361716064261e-01
-1.311113964115033226e-01
8.609875931447555364e-02
6.100280203922821970e-02
-2.751342845081013525e-02
-3.006976113151882402e-02
1.338467662328645010e-02
1.625998260249853222e-01
-6.611031316157667259e-02
5.241995822896579338e-02
-5.971255967290601402e-02
2.840323679663264017e-02
-5.029062293666680672e-02
3.032580634979327363e-03
-9.363338892324138407e-02
3.838151407389745612e-02
-1.727847661817724367e-01
5.156718343883625461e-02
2.071385515138970262e-02
-1.268814814863335368e-02
5.297418016894440973e-02
-8.644484251855034940e-02
1.103262621048880648e-01
-1.234555398367412219e-03
2.258123514727613732e-02
-7.762951345948268522e-02
-3.874596667487632817e-02
2.940610833006911898e-03
7.401813178607360988e-02
4.623212842316801879e-02
-3.924566687747600181e-03
5.746172516925882739e-02
5.689032925557558490e-02
-5.189393517596629229e-02
-6.546988974595455146e-02
9.069363858000754897e-02
1.020825500309172490e-01
-6.469325768214974348e-02
-6.700512427161063600e-02
-7.187265828058186923e-02
-1.860858184489498635e-02
-2.383528525745158121e-03
2.638227562397815751e-02
-1.202842192347195437e-02
2.722040801513241851e-03
-4.793794410790643348e-03
6.239890076742894004e-02
4.643681291823436273e-03
-8.248133502242810389e-02
-6.881709926794248033e-02
-9.268527913295464271e-02
-1.011105317766412409e-01
-7.143214483157961370e-02
8.840016185702607998e-02
8.857518491395573179e-02
1.423140879477760579e-02
-6.107533802637922504e-02
4.474245917220382590e-02
1.500584774828121193e-01
1.081399477026913775e-01
-1.443896005386937076e-01
1.555718532039961771e-02
2.422330652746918639e-02
2.073781683627484024e-02
8.238656088863502425e-02
1.374129142387021073e-02
1.404666964922025585e-01
-1.716407871190366377e-02
-4.940675486160601981e-02
5.207762914500712464e-03
-6.011781632535424108e-02
1.842943826245074246e-01
-1.470342696717531761e-01
6.009815325128909508e-02
1.524045651083151716e-02
-4.612562112879391163e-02
-1.252196078389630589e-02
-1.132325733498574655e-01
-4.332589905649995854e-02
-3.440559485077188204e-03
2.245994472559633554e-02
-1.177666252253290885e-01
1.226151962197115780e-01
1.696598971870545702e-01
2.650913786406368031e-02
8.196085922434392934e-02
-9.764226518613230987e-02
2.964960262822797024e-02
-4.080223377106564908e-02
4.634226292629118477e-02
-1.225595025991448039e-01
1.518573601387608052e-01
1.146639288746122282e-01
-5.317801210619812341e-02
-3.527687720743900163e-02
1.419047680846241728e-02
-2.563836008242852474e-02
-8.886776883593947018e-02
3.624062575328037411e-02
-6.766140751420096633e-02
-8.219069161618595964e-02
-3.628004606145719679e-02
1.066757589791020311e-02
