-2.261269468921858761e-02
1.590554313350818483e-01
-8.947857246420719279e-02
-5.030482856672956887e-02
3.344759107257240516e-02
1.718592827137758322e-02
7.921946187077656340e-03
-5.168566175940192409e-02
-6.343443746790044559e-03
1.818727854912891129e+00
-1.693801724467507985e-01
7.048578463037180608e-02
8.466100727145116356e-02
-5.154146735186596051e-02
-6.007381793384173468e-02
-2.560112336274229794e-02
-4.480366004369867872e-02
9.770443089290145045e-01
-1.828251414544489195e-01
-4.072867322615688485e-02
7.834447987042239200e-03
-4.081027462613033563e-02
-6.052394433035276217e-02
-1.472296358521746860e-02
7.059326404337551431e-02
2.876638136833555362e-02
-8.728173513384793539e-03
6.163430382193906855e-03
4.776763929223724198e-02
-1.446119807220524675e-02
5.098678986607091748e-03
6.170922157133459235e-02
-3.927807027296164460e-02
3.515584988263825011e-02
8.756255694064539463e-02
-7.393848187673482397e-02
6.555116397634515313e-03
1.627540345129739954e-02
-6.644624482980743263e-02
-1.021193267077505004e-02
-4.886813321401495096e-03
1.865061422861520254e-02
-1.842956065716086847e-02
-1.051822392005731695e-02
-1.005174325470880670e-03
1.794644993785670176e-02
-1.091855134342052808e-01
3.834039734900044055e-03
4.140070414794793513e-02
1.049935148301753100e-02
-4.434553693540847774e-02
1.595679450450187414e-02
-2.644987936067061396e-02
-2.870263027460629238e-02
1.547093650049555930e-02
2.732371313690568765e-02
-8.916663836258991111e-04
-9.271196172154969745e-03
-8.889930818919190153e-03
-5.914232780932431044e-02
-2.096854200659736128e-02
-4.353144110394160590e-03
-3.131693891257771424e-04
1.361627672017554358e-01
1.032622957643192924e-02
-7.454235477836157475e-02
2.092504474101068018e-02
1.808164593134518189e-02
1.443002695731552577e-02
8.970974449654911531e-02
7.350344018653448552e-03
3.472886830309483003e-02
1.046285373530633778e-01
-8.628349867084394303e-03
9.271004989316979084e-02
7.379780822020945083e-03
7.744999919300272866e-03
-2.841210280405853661e-02
-2.092301034146714506e-03
1.279432069584624521e-01
-3.663825371290878319e-02
7.525143036884915371e-02
-7.140678153619098301e-02
-9.124635577615284460e-03
3.427078746072313026e-02
-2.274608818216967143e-01
-2.875371849915459022e-02
-1.386492204676869344e-01
1.236933181347344562e-01
6.527212579130815817e-02
-5.458580820010214274e-02
-3.064743452411866978e-02
-2.178992096025281558e-02
9.445671996996347561e-03
1.095769183812878994e-01
-7.239976011893427266e-02
3.369339697476109261e-03
3.640073686176885023e-03
-5.562967494871284141e-02
-5.306734590589996803e-02
6.504967885340745548e-03
2.000224448933573401e-02
-7.004678825906433814e-02
-4.374451275668824607e-02
5.393669385931882526e-02
-5.869627472026499593e-01
1.491761081966036517e-02
2.800093149575997448e-02
5.114754335604106139e-02
2.751399148424020155e-02
4.931978470575166390e-02
-7.418870738513408392e-02
3.711733226358857052e-02
-1.142088911082065200e-01
-5.379447186131260800e-02
-4.793611124335647733e-02
1.326639127546684963e-02
-1.199453511817686127e-02
3.948236118114104021e-02
-3.167003869799871890e-02
6.067208355694821836e-02
-3.462846350041513029e-03
-2.102741420446840089e-03
-7.039700084198218140e-03
-2.802356313403385913e-03
9.061837157688890088e-02
2.300062115120910661e-02
-5.397704935829741174e-02
2.594328287932298055e-02
-2.589165083329005371e-02
4.681499084892145474e-02
-3.950419857236321663e-02
-5.747599679040504839e-02
-1.220664663014169905e-02
4.384040849029655768e-02
5.837952941870228063e-02
-1.553487180318626013e-03
-2.465859901576989907e-02
2.285310182475156979e-02
2.243691777851955504e-02
-6.804888167310100267e-01
4.674868407598722214e-02
9.686602384600291604e-02
2.171261236873445535e-02
-1.640969777185799505e-02
1.375756210542792603e-02
-2.254751359858026341e-02
-3.080458792642705055e-04
-1.789278067455233809e-02
-5.155357794637858981e-02
-4.128004903928552544e-02
-2.372193836055664154e-02
1.067154255319148898e-01
1.894903133728194009e-02
-5.897041823016752060e-02
3.894934568300642552e-02
-4.238431942088072280e-02
-4.141696525565673193e-02
-1.368504928679474715e-02
-3.449785969897108118e-02
-4.742270220037949485e-03
5.506596523613551709e-03
-1.307297679698004450e-02
-5.581090557176162509e-02
-1.114249872142778763e-01
-1.175758279882162111e-01
4.709238488972900677e-02
-3.181106034391969345e-02
1.145153810073057110e-01
1.080519841183162676e-03
2.820224688327735776e-02
9.724106659938834638e-04
6.956193054846239454e-02
2.164699593913563605e-02
-3.725063615279244206e-02
2.707260004421804117e-02
3.149741059822752653e-02
1.481058224312059579e-02
4.494617226767855939e-02
-6.666846212288431162e-02
-6.391609987506419871e-03
-6.988878134936435740e-03
-4.154203856166577280e-02
-5.196391238949096825e-02
-3.614640874154771699e-03
1.910785679693676603e-02
-5.471609430272550423e-02
1.893662206361194228e-02
2.713595383831345423e-02
-2.339482269323211669e-02
-4.823027640062266252e-02
5.958405455896652846e-03
-5.625159257980887756e-02
2.918581707256375293e-02
-1.823482889088098510e-02
8.819537354325722445e-02
-2.859962823123510592e-02
-1.036379707454021942e-01
-4.827699432919862338e-02
1.385019096530939742e-01
-2.839347198718614532e-02
-6.195935691244106730e-02
-6.619085160844023763e-02
1.092498971078480208e-02
1.198467250698255493e-01
-6.528695971983579718e-03
1.071120869503942863e-02
-4.953077476201244410e-03
-1.696144411620544371e-02
1.772054811333505708e-03
-6.933455117787337696e-02
-3.737652659989237902e-02
-9.423373907262578078e-03
-1.126675488634593103e-01
1.853617080110754253e-02
5.170855298085856588e-02
-4.224671567890200818e-02
5.206555910574243301e-02
-8.739743245027092877e-02
2.873302792318756585e-02
1.755204833715282020e-02
2.394154925532636369e-02
-5.578839192584353346e-02
-1.390759484517193820e-02
-1.742557462037766514e-02
1.169132716764876949e-02
8.482520472934663991e-03
4.490467840662851901e-02
6.244074881772646024e-02
2.061360832058367967e-02
-1.382439072156917137e-01
3.344328276661386740e-02
4.928512665258614339e-02
5.560988886340160336e-02
-6.001482598253495698e-02
-3.564925657968769090e-02
-3.552904948976132182e-02
-3.725027266589338998e-02
-3.451927443100831494e-02
5.781053998847301284e-02
-6.724809129366260754e-03
3.454949174500401149e-02
1.163766987968797850e-02
4.862409332278736646e-02
9.285324118957348494e-02
-9.198545989286682767e-02
-8.020159783656204133e-02
-8.619027836987633306e-02
-1.366780507382176491e-01
1.468913676178234054e-02
8.861084752205852788e-02
1.619456847331264548e-02
-2.904528007584151333e-02
-1.947636488710694294e-02
1.370159357615746004e-02
1.210322671772299519e-01
8.013519526087922729e-02
-1.127250643253466800e-01
-6.726459613483472960e-03
6.142437182250460453e-02
3.250176716622953793e-02
1.136054690430437081e-01
-1.463592397039771738e-02
1.326120919208662874e-01
2.912019782523703193e-02
-1.010381884633473615e-01
-1.330420659274391369e-02
8.824355950806888824e-03
2.992664620229789629e-01
-2.181749383661470143e-02
-3.886531540158347925e-02
-4.144709240235964348e-02
-4.998492628282810712e-02
-9.224469649508912350e-02
-7.952259867367518498e-02
-1.373391855062208212e-02
1.628169966428913429e-02
7.127805645482401808e-02
-5.557761460803917197e-02
1.687804697824155098e-01
1.747889927555990319e-01
3.890363931874642883e-02
5.588237442220798934e-02
-1.100994040302615828e-01
-3.620861783368390513e-02
-4.230367041293734559e-02
8.417669620006174025e-02
-6.049520914123227705e-02
1.075148487497763899e-01
-3.546040963812619601e-02
-1.403787869361298180e-01
2.901249862945715075e-02
-8.746997344618310730e-03
-1.631849919065838164e-02
-1.867400418791008085e-02
1.999417451663117531e-02
-2.217868710515742345e-02
-3.048304827845391141e-02
-3.272316731821552777e-02
3.004547204200785915e-02
