-2.325125670051794713e-02
1.254425045376925396e-01
-1.011831110017133023e-01
-7.387354720507825767e-02
6.153946211026734003e-02
4.161378416433656607e-02
-2.090184838964925448e-02
1.310345275242505089e-02
-1.220104825026717237e-02
1.552212973277090402e+00
-1.410161617305713266e-01
8.557638303320007356e-02
1.163946407165313418e-01
-6.112617957034695987e-02
-5.253953407192171743e-02
-8.176822441045337661e-03
-2.982835698688027226e-02
1.094759230175514020e+00
-1.578767022531551711e-01
-7.000450942030624069e-02
1.591849968255589420e-03
-6.264476816243243207e-02
-6.750671332880035791e-02
1.027660824137202264e-02
4.585848089080134943e-02
2.332563419465852675e-02
-5.949672740130165088e-02
1.629985724512940035e-02
1.662838108232802051e-02
1.920897835610779064e-02
-3.536669311150707727e-03
3.075260482193444347e-02
-1.245659854134742624e-02
3.668619718041073868e-02
6.499716659268767183e-02
-5.719853213244690399e-02
9.382381011691625500e-03
4.657467936643351625e-02
-3.587129991638488696e-02
-1.228552671557644159e-02
-2.873736374995052370e-02
4.802197445639574264e-02
2.587348648605189774e-02
-3.351966351101486052e-02
1.090904679146440306e-02
-1.383051284363125653e-02
-7.648642562000995682e-02
5.628082673659065777e-04
-3.446304824819093095e-03
-1.930583282340247661e-02
2.094744563957433303e-02
2.710906842303168612e-02
-3.583756374945575723e-02
1.513832424808243642e-02
-1.470920484315628267e-02
2.098340161812560847e-02
-5.730078910769138487e-03
-1.906757856454478761e-02
-1.148535779122514949e-02
-1.917018687191479262e-02
1.138399536693287389e-02
1.555836285645978076e-02
-1.883132600149065375e-02
1.819307024729717448e-01
-3.322042241270242724e-02
-6.935645143078675301e-02
1.055839593275733311e-02
5.046932229173263507e-02
-1.449681249408050175e-02
1.308273257794653199e-01
2.100027798446935795e-02
5.716512451972553116e-02
1.013771622953090756e-01
3.797761883767041078e-03
8.642326877664657792e-02
-2.688438428124222471e-02
9.646847131976879139e-03
-2.707722075255722394e-02
8.910306595301084251e-03
7.065618426707076516e-02
-2.170640723996972166e-02
7.917188966621807600e-02
-5.269991270066213401e-02
1.506228465618497311e-02
4.563656599162010941e-02
-2.163352204456268635e-01
1.067538745983576641e-02
-6.043861224710492253e-02
9.690167970605365055e-02
4.635936868292413887e-02
-4.293245994532151472e-02
1.680789868391013506e-02
-1.594577244275934003e-02
-2.931585935909687343e-02
8.981145781500915470e-02
-4.079133015353233332e-02
-4.555361571752086780e-02
2.138152372817384017e-02
-1.583176551314800090e-02
-5.498443966581829326e-04
1.176726834531840148e-02
3.736273999145471592e-02
-1.160779586356105730e-01
1.053449706534277316e-02
6.858320048331373320e-02
-5.837361978518761374e-01
4.286657240234772320e-02
3.041388476045648465e-02
8.560065739113778549e-02
2.334857777000684184e-02
1.477856291250947106e-02
-8.999412291068237257e-02
4.135986974189576754e-02
-4.003841367446367427e-02
-4.096264218279974112e-02
-3.065176076783129519e-02
-3.381554452133705198e-03
1.835682194053855909e-02
-6.376822476385621274e-02
-1.932779211660739030e-02
-1.447458952922146824e-02
8.487866642199410130e-03
-7.225045766772852061e-03
-4.245665823329676514e-02
-9.040785272607887446e-02
5.805824529479451657e-02
8.588853575968535478e-03
-5.588809229433368275e-02
5.370918152961232789e-02
3.327530753115599382e-03
7.475513821231877243e-03
1.307595773496341568e-02
-2.595151396895426649e-02
1.328028877187033491e-03
4.986987928112206897e-02
6.688559126239737584e-02
-2.872789089712018962e-02
-2.605479318953842632e-02
6.414615045348652511e-02
5.782506084823928021e-03
-5.911552279589713521e-01
7.297632916577137530e-02
4.831556939206228807e-02
-1.050120403245015550e-02
1.587793842317658174e-02
3.543123606709282225e-02
-2.808088759421719857e-02
-2.433819960952519554e-02
5.770535046606767304e-02
-3.387294211314403891e-02
-3.534097201067135097e-02
-4.549785882603285363e-03
9.535561956466423461e-02
4.597039363245821603e-02
-1.096237845592642479e-01
9.613534772366158845e-03
-5.167799867615294196e-02
4.454431099609418993e-02
-1.965851229727045776e-02
-8.354043614372823681e-03
6.637669116514090251e-02
3.006974769599014830e-02
-2.877960919476454937e-02
-5.171269289610804648e-02
-9.903566965598353811e-02
-5.983686107416087696e-02
1.467113396945256450e-02
-3.942861339796957314e-05
1.230988804374561763e-01
5.164651269140298206e-02
4.301037146791526072e-02
1.306859287488620382e-02
-1.636952730293197295e-02
1.819164096746944508e-03
-8.903585452984699722e-02
1.337201406622839928e-02
3.447903351478213280e-02
-2.934890252513400882e-02
3.734282794988889181e-02
-1.026465521841709444e-01
1.284199952944411159e-02
4.486160514727489034e-04
-8.193664295392474872e-02
-7.195181983911688728e-02
-3.107298382793239472e-02
-3.911230771351185964e-02
-3.701011849774105134e-02
1.994336741491473108e-02
5.996430145333386114e-02
-1.654564340212790960e-02
-9.057989640967448186e-03
-9.562715857353536533e-03
-2.427539881952847645e-02
5.488777449682502585e-02
7.559880467672121240e-03
4.667270448065331118e-02
-4.627458513156481462e-02
-7.756149364122259804e-02
-9.583738494970370225e-02
1.611111224003686782e-01
-3.574857249546937316e-02
-7.558422128743243207e-02
-3.268133398176865240e-02
8.468854673505246677e-02
1.588628066299787311e-01
-5.686337923093886387e-02
2.304166672556713993e-02
2.037645293849164874e-02
-6.124648562958009967e-02
-2.173229952030864692e-02
-3.940989775790632726e-02
-4.295016321910410939e-02
-2.313845216886860345e-02
-1.299924557327595820e-01
-4.792989161775276438e-03
5.474075339125370615e-02
-5.461681943093660285e-02
6.160841984045981740e-02
-8.277161791710017924e-02
3.657572013781297537e-02
6.617572090646416105e-02
1.692126921230393058e-02
-2.396542034882981342e-02
-9.262268909879446677e-03
1.193440890955519904e-03
1.126902486237609663e-02
6.744244646918751140e-03
1.292293844438075281e-02
5.453076031618245972e-02
7.062042983857971801e-02
-6.167691372941781769e-02
3.428674371349348451e-03
5.848885009605489516e-02
6.933803582939407351e-02
-7.588367497964400299e-02
-1.407215065863688316e-02
-6.174125513494334305e-02
-5.783858333875217805e-02
-3.440916742883880219e-02
3.580627931476602216e-02
1.503122903603277671e-03
4.596491588835580067e-02
-3.224716409125815558e-03
4.721063883042034975e-02
4.946844678035872134e-02
-1.230625903827776840e-01
-4.291269423462132360e-02
-5.283402908045993496e-02
-7.819414547545405769e-02
-3.448495577340092433e-02
6.942433790860437492e-02
3.897748728898316195e-02
2.723950444351067729e-02
-2.564265644790559434e-02
9.797171035624066548e-03
1.681714375756282187e-01
9.712940366450478757e-02
-4.423395703487238012e-02
-1.650651508084797006e-02
3.095295110371242692e-02
6.818440193813188333e-02
1.066329694108633236e-01
6.535416696853159867e-03
5.042953686203718172e-02
2.558731853205646611e-02
-1.063381320433187116e-01
1.554056294908666598e-02
2.756437553098777665e-02
3.013788762991088666e-01
-4.456132955186398875e-02
-6.445015972925100846e-03
-2.680586983406764434e-03
-3.247698154742383742e-02
-1.087928240315348405e-01
-8.937625325484020722e-02
-2.728966832082758628e-02
-4.126327135361595143e-03
7.362078686380420234e-02
-5.123818883515594835e-02
1.537106238549747761e-01
2.222366945595752319e-01
-5.440341726083992857e-03
1.822273178985818823e-02
-1.051009901640920091e-01
-1.486293508086917320e-02
-7.477677309275553019e-02
1.003703948958733910e-01
-8.082838819676904651e-02
1.435162991159274481e-01
-3.156145834511343146e-02
-1.379727999966073315e-01
5.310433255985230749e-02
1.161927262096272562e-02
-3.016639509130515998e-02
-3.078057334398960621e-02
-8.613331554686262312e-03
-3.398280898364169217e-02
-2.724089320625438376e-02
-4.167732765250039412e-02
2.244593306435253843e-02
