-2.979816298365604941e-03
1.382628191661641748e-01
-1.759717559773458714e-02
-6.430160059769726710e-02
5.058253492040155896e-02
1.234738182810736842e-02
6.584082621862257650e-03
5.011599715102173051e-03
-1.869693147722421844e-02
1.535701199125954597e+00
-1.217291508392687599e-01
4.052852730664579378e-02
9.727084780809507059e-02
-4.526010692075828346e-02
-6.519980348528629788e-02
-2.141500429625232266e-02
-4.627188751888093587e-02
8.668491077452133986e-01
-1.320179428586780723e-01
-3.631574488087846442e-02
-5.917701968752612021e-03
-3.207255146267545126e-02
-2.567964020437679337e-02
1.764280666220887500e-03
4.522284820772909386e-02
2.612338940678788149e-02
-4.349551433197310774e-02
2.728959791070884738e-02
-2.875023070609100586e-03
7.147264204732024784e-02
2.429164163901069776e-02
8.272811999058192478e-02
-7.184210995196928240e-02
5.469976701075243003e-02
9.244461281396085250e-02
-4.978445626078377428e-02
-4.630733591497161045e-02
1.046674457112478120e-02
-3.867191464623247199e-02
2.367608432212591971e-02
-1.990083013846889737e-02
1.533970017233517689e-02
1.939462354409705880e-02
-4.392852989997582391e-02
-1.240159021650620976e-03
-7.375840476807047665e-03
-6.877842984687784766e-02
4.966887000214929154e-02
2.872570397249652255e-02
5.223055155232257489e-03
-2.928569352349874328e-03
5.575497480925031835e-02
-6.291852428700216160e-02
-5.727119103952234974e-03
-6.106719754798779938e-03
2.813732473100264558e-02
3.522442402886320073e-02
2.300284428776616305e-03
-1.313480592714440362e-03
-4.413107259010608935e-02
-1.718359688671662611e-02
-1.160713492373184261e-02
6.064158358176751328e-03
1.127702800274034828e-01
-4.750957584781369258e-02
-4.866025235713176966e-02
-5.758428695737833995e-03
-1.016738344917185108e-02
-1.329140818100473485e-02
7.929349690778043913e-02
-9.529263490540128972e-03
2.639852259947193108e-02
3.117705384741965499e-02
-3.096248610516158517e-02
8.424708959339570480e-02
-2.956878693629587385e-03
5.190699748307059554e-03
-4.677974118099876774e-03
-1.099559324546670915e-02
1.260313267737631082e-01
-2.556608289999223738e-02
7.463228352597360560e-02
-1.426285602549971082e-02
-1.146978281970220469e-04
4.618059623829083582e-02
-2.077179460676907563e-01
6.531773353589914732e-02
-1.902045610331826730e-01
6.652466396786210767e-02
4.952508244550648392e-02
-1.300219766062974194e-02
-3.951478188788455637e-02
1.821532595313274383e-02
-2.826669680091285081e-02
1.461932084044788860e-01
-6.294210796499340177e-02
-2.160909009517707896e-02
-9.629247790632070730e-03
-5.030707522933246245e-02
-5.769152418588094355e-02
1.987109837928067307e-02
-7.304053830768237644e-03
-8.013094777443775796e-02
-9.893661195937463945e-03
5.501906639792429089e-03
-4.058889860713923436e-01
4.420598283453397448e-03
5.521549453124533630e-02
7.660994254747846566e-02
-2.713254234882285076e-03
2.377035927322579054e-02
-3.911241344061386349e-02
4.641941523113100876e-02
-1.058069090416544761e-01
-6.045905276475101175e-02
-2.122759422323608827e-02
1.474469622030543867e-02
-3.955585946595312208e-02
-2.400542353463793258e-02
-6.604959715696399891e-02
2.086776968160250489e-02
8.604797889103983979e-03
-1.768204477169740482e-02
7.432775381797883385e-02
-7.265517255532935592e-02
5.965383195296035390e-02
1.034080219183963062e-02
-5.017068052897962621e-02
4.781533283991653421e-02
-2.942681844208403646e-02
3.818690421041123079e-02
-3.265595160379738265e-02
-1.473806276427712218e-02
-6.278609420989629541e-02
-2.210860784540170931e-02
4.046251341441936544e-02
-1.627572585721684395e-02
-1.392739642585016403e-02
-1.358579603291402288e-02
-1.114340955896784766e-02
-6.485638082323862408e-01
5.532803735850493065e-02
1.034135009694203411e-01
1.152271249867535020e-02
-6.196309672710556202e-03
7.188848438330239232e-02
1.815480568775112297e-02
-4.085040807167442112e-02
8.291129141492086657e-03
-5.957442871178289523e-02
-6.327875403645289235e-03
-5.266076127482880592e-02
1.075421430122629057e-01
4.322567799255359888e-02
-4.609408582691033179e-02
4.446715603488420737e-02
-7.404135643101070197e-02
-6.113013521324262706e-02
-1.810155438418300025e-02
4.078558648158623484e-02
3.058346812274995857e-02
-1.953866763518525770e-02
-2.648173012986799676e-02
-1.282096919319823669e-02
-1.032328074346107738e-01
-9.003801653910219194e-02
4.246088759238971638e-02
-1.564879648497435882e-02
8.394756813741439949e-02
4.246754582731332439e-02
3.532928248341761501e-02
2.944440854257837289e-02
5.302225329035743784e-02
4.416312263358634742e-03
-4.879985082288787468e-02
1.962553078142817431e-02
3.005753752772437684e-02
-2.882499737868439438e-02
3.052387633715081608e-02
-1.177921866697612535e-01
2.046045565834761146e-02
-3.092149306685343726e-02
-3.752921694119894930e-02
-6.978685509106133389e-02
-2.020539337085141759e-02
-1.132731341830002861e-02
-2.853696749979104177e-02
2.394239331292127501e-02
4.463209602261532932e-02
-3.323967532814020576e-02
-8.200462872096216105e-02
1.778656943995638590e-02
-6.550308258785978235e-03
5.741414631679970376e-02
-3.465529653143041566e-02
5.730535822096813336e-02
-4.483493605948912775e-02
-9.565533379888893628e-02
-4.795179458904488129e-02
1.071581692507925510e-01
-1.342807107645957801e-02
-1.589712911602521317e-02
-5.587317888529346604e-02
3.514734344472400952e-03
1.437550117502104652e-01
-3.883420183458509423e-02
4.125821621525310734e-02
-1.663498631458697891e-02
-4.174776264649516372e-02
9.227802721606580489e-04
-2.044419195754252142e-02
-1.632034390214824604e-02
9.927820360681833753e-03
-1.085699715890433847e-01
1.536758954777921356e-02
5.531465675504636248e-02
-2.943546481895944339e-02
4.959352466947169330e-02
-6.079020958211191900e-02
6.769140011649461830e-02
4.462908174288196528e-02
-4.855077628256028108e-03
-2.105356621126050140e-02
1.140844097907350516e-02
4.676852873087838577e-03
2.651264836086616311e-02
2.214980057245428263e-02
6.045601516370442685e-02
3.600374652232577605e-02
3.800417006069511938e-02
-7.018917106537729544e-02
4.662303944716174320e-02
4.167774477630569602e-03
4.779798178288267863e-02
-1.004857433080890983e-01
-4.415699714491155142e-02
-6.146495347677868870e-02
-1.660608246201797714e-02
-3.139824775779566368e-02
2.816554351999588091e-02
-3.828033595028007986e-03
1.166341071010786740e-02
2.577546602280563100e-03
1.444219255139644366e-02
6.779555310132420742e-02
-8.803901851600327844e-02
-2.952582907734914788e-02
-5.307436476474205328e-02
-9.090553440882523373e-02
-4.061924721506206259e-02
8.335004694113924695e-02
4.560637011875585956e-02
-9.497759311547370950e-03
-4.353207923593407913e-02
1.595498783653587910e-02
1.599540658750604472e-01
7.561813956929079594e-02
-5.954497389318913481e-02
-1.278692007590061241e-02
3.899403153955742496e-02
6.272925433925682914e-02
7.914693994519304832e-02
-6.634543748941212340e-04
1.355645548875502315e-01
2.666071537848439116e-02
-1.143477686354083950e-01
1.778855758190818481e-02
-2.698456096415159655e-02
1.947557619502140458e-01
-3.870049783074473032e-02
-3.856185262366639693e-02
-7.814448058444703818e-03
-3.103298643501823870e-02
-5.731360230519053772e-02
-5.096144795690370904e-02
-2.121318893957802390e-02
2.403208416839182349e-02
6.624607922082186018e-02
-4.468058977828707340e-02
8.260152607210875797e-02
2.048902601613760144e-01
-1.251538128061622027e-02
7.203625988450539086e-02
-9.814813147772795399e-02
-1.969295269794011163e-02
-1.230676630355692983e-02
5.750201519467512679e-02
-6.610305543718693333e-02
1.068300500344782356e-01
-5.543975810947360250e-02
-1.300950189592947892e-01
2.468719297491149198e-02
-3.995691608935533073e-02
-4.513166770337678074e-03
-7.275520932837603594e-02
5.411616280813984908e-02
-1.798187086233260859e-02
-1.676083978136548580e-02
-4.444482296231425100e-02
-1.249137053107667560e-02
