-7.784130121506273314e-02
1.813390878650379678e-01
-1.005533986987781070e-01
-4.981090637432056267e-02
1.077717934117843057e-02
5.814847077168915773e-02
2.084111641345649454e-02
-2.120379632534828002e-02
-2.191227838038084866e-02
1.376061050959590748e+00
-8.769431776472538798e-02
8.930632968128397742e-02
1.316981972607580431e-01
-1.188751612495764914e-02
-1.433562954475904594e-02
2.351020355044500243e-02
-8.534849113031981946e-03
1.116834689171269046e+00
-1.544308582991489598e-01
-5.596769512522222628e-02
-3.470550968926234409e-02
-3.515642521713975219e-03
-8.621414029142926427e-02
-4.823602003456612351e-03
4.449319603918329424e-02
2.027756294753125729e-02
-8.162638989706438863e-02
3.320167701267250082e-02
9.751630398153680879e-02
1.281445570789631339e-02
-2.110920041613234543e-02
2.751006219557400670e-02
1.730228875067397337e-02
1.256969070506836275e-02
7.702099326892951348e-02
-4.307744154998142255e-02
2.004706435547301893e-02
3.616527303163662166e-02
-3.710251929587200792e-02
-2.221897063484545853e-02
-1.462385284538119529e-02
1.079191826009785705e-03
2.690557551540664200e-02
-3.355423791238678916e-03
6.674057764405474415e-03
1.968095169966815796e-03
-5.532867732711699987e-02
2.756041266400751158e-02
3.477629029830559687e-02
-1.082362344576526768e-02
1.669406825551837670e-02
-1.029428357230128752e-02
-1.259807943941672337e-02
-2.148110190825233690e-02
3.908755516155753423e-03
-3.253311600383617525e-02
3.645796570346312299e-02
-1.859676273864538723e-02
4.547364622506075253e-03
-4.488494242887770824e-02
6.235617607935750595e-02
3.836524607274528764e-02
-2.747541189440402473e-02
1.678069027284948278e-01
-3.893135219446286488e-02
-9.909114496050887289e-02
-8.664848668176121371e-03
1.166662690334554359e-02
-1.441489350953306485e-02
6.032393475948297223e-02
8.123674077648437158e-03
1.262974393379406313e-01
7.343321509597729169e-02
-7.889111693145883439e-03
5.854023139221725680e-02
-5.426818137003992792e-02
3.903644701240866106e-04
-2.001867739997887155e-02
-4.814613897843562224e-03
5.315920452030478000e-02
-1.889751717775472670e-02
6.899801923872098119e-02
-7.341537674595252638e-02
-1.649223412021115498e-02
3.837191677603536688e-02
-2.788417729387377419e-01
1.023684348041108694e-01
-7.231706946377307321e-02
3.618218993518026311e-02
6.831958558901533862e-02
1.044312475124502780e-02
6.655861953627063843e-02
2.541975774012197788e-03
1.071565144231207030e-02
9.402240661840782776e-02
-5.528137403594639981e-02
-2.100602687191247681e-02
-3.096272216039083064e-02
-1.015359879568439178e-01
-3.362350382706964097e-02
-1.036587356001040031e-02
6.373707214144674893e-02
-1.189670017136200686e-01
3.215763278876297010e-03
6.760235157126619210e-02
-5.348173284649461179e-01
2.025199369710683692e-02
1.527994675448191529e-02
9.641692938683094072e-02
7.321672142311980158e-02
5.297990313128433937e-02
-5.903957355769931525e-02
4.033826222052919880e-02
-4.625472065215015249e-02
-5.727351998191203969e-02
-3.765631574645162544e-02
2.748935677727515695e-03
-1.325551638344651256e-02
1.584242223475547384e-02
-6.428887271760197475e-02
3.344211050549742575e-02
2.134536110114320165e-02
5.917290935391559745e-03
-1.822413191629901688e-02
-1.140622879605780876e-01
6.856255572794471564e-02
3.347852720889862160e-02
-3.723770865817582765e-02
6.354782339968013602e-03
-1.734715723514369248e-03
4.228810701336468969e-02
-1.411341685561418903e-02
-9.374910345747781287e-03
-1.889270004055218499e-02
5.960327644737824400e-03
5.043510275914234176e-02
-1.444674545067285753e-03
-5.718860103960224373e-02
7.415494605717105892e-02
3.001827509431058069e-02
-4.597523561706716166e-01
5.920150621420660481e-02
5.615534289819922031e-02
-2.667846208291134100e-02
-1.957135071047152661e-02
8.454751043518572706e-02
-4.789556779546398635e-02
-3.330346660831645655e-02
4.272838054592665441e-02
6.814618821712016723e-03
-3.066278243650999089e-02
-2.412681667976662378e-02
1.264237095252320753e-01
3.535336483508626920e-02
-1.105713577262725372e-01
1.249640991643199105e-02
-4.861239979216151752e-02
-3.684077868731146926e-02
-3.620392041821801632e-02
-1.237399094850669644e-02
4.521226583447787023e-02
-2.371183133866378717e-02
-2.640935701791855342e-02
-7.186809377641242835e-02
-1.160548821778048245e-01
-8.543831081598006472e-02
4.308791900128237234e-02
-4.473803397503388346e-02
8.927625281428966386e-02
6.788305476571265817e-02
7.841468996591885454e-02
4.540797537473769546e-02
-2.141324929323987561e-02
3.842116969142087696e-02
-6.507025221818850402e-02
-4.144680947697246612e-03
3.220245546773676387e-02
-3.774769192954621766e-02
6.573705216135625196e-02
-9.438273132732465098e-02
2.334088197826006666e-03
-3.452594147211029627e-03
-5.089950111250965414e-02
-4.181405303934176282e-02
-1.099586456242349422e-02
-2.670222757516612505e-02
-5.469393945224269166e-02
7.466769011027643566e-02
4.577624088885104414e-02
-2.963951434035418109e-02
1.157669603929713763e-02
1.329401523570131367e-02
-2.128391591899763888e-02
3.313975865530689735e-02
-8.295192090070020730e-03
4.957916080546063281e-02
-5.942971186318726784e-02
-7.361282956333882466e-02
-1.078987288905505493e-01
9.294755175014207671e-02
-5.787006941459131582e-02
-2.754786284755111198e-02
-1.733067926387654376e-02
5.208198733364724498e-02
1.289641268005989327e-01
-5.565546351874553488e-02
7.018581000311484297e-02
2.392168099104436535e-02
-6.215888624948825471e-04
-5.165596242331288446e-02
-4.738517894533356145e-02
-3.156828326850145278e-02
-3.888141264135202418e-02
-1.276705582494207514e-01
2.424376211328563291e-02
4.517097306932840988e-04
-2.373991944665054116e-02
5.497277129205951213e-02
-6.950591057753960356e-02
2.410478912807568000e-02
4.545231865250171088e-02
6.901488722377382631e-03
-3.624094193205084496e-02
-4.320029277947991415e-03
5.619567775035622494e-04
6.165710060539104920e-02
5.651954195158693378e-02
1.859885467119715835e-02
8.049025705894889693e-02
7.113276525363215752e-02
-1.123398518900368681e-01
8.560262713712967972e-03
3.708934865929608415e-02
1.049132707533370762e-01
-7.701117399368652416e-02
-5.072126347830720194e-02
-7.215320852930140472e-02
-3.413035987273763811e-02
-1.037434624261590436e-02
6.294306989138116759e-02
5.997189506405241517e-03
2.821787006486072349e-02
-4.092197188351572729e-03
4.926456332288372403e-02
2.622041779678460638e-02
-8.399700486489587725e-02
-7.581811070541218112e-02
-7.263373397494279904e-02
-1.104462046594254093e-01
-4.034507167444770399e-03
3.890501092131100347e-02
3.203291643062457228e-02
1.060674198268984209e-02
-2.321198397858589835e-02
5.101859895962359420e-02
1.199233066218687582e-01
6.643085511144222743e-02
-5.861754395392215766e-02
2.479780582460053631e-02
7.762568451733110192e-03
3.315906989661811938e-02
9.193381831255555137e-02
-5.322582172106791673e-03
1.356944715146525260e-01
-1.601189367540766309e-02
-2.361098453575149678e-02
9.790828695884124314e-03
-3.483927596819761524e-02
2.966589759446541241e-01
-4.475380885417425819e-02
1.593894108537316154e-02
-1.933477911013799927e-02
5.900406940650820657e-03
-7.620762996963481584e-02
-9.382570091979000604e-02
-1.421658417384432001e-02
-2.197896050932267656e-02
5.889329126053764740e-02
-7.043147688502761350e-02
2.010738957100753344e-01
2.155279400219314301e-01
3.356364894058843501e-02
2.749811718954923989e-02
-1.169559714513537796e-01
-1.116690050535398132e-02
-2.085405402013082443e-02
9.378043975325328629e-02
-9.513553531387071438e-02
1.477340841217594791e-01
-1.060561596797447714e-02
-7.820218092649330877e-02
1.535465685247657495e-02
-2.209785912476502218e-02
-4.317075312645723972e-02
-4.905238870804978085e-02
4.525763017455881887e-02
-6.553995511481208736e-02
-5.308216234443990933e-02
-5.267129682968902521e-02
2.333365227003428299e-02
