-6.105671823024749756e-02
1.755750030279159546e-01
-8.162323385477066040e-02
-3.011540137231349945e-02
-2.504312433302402496e-02
-1.023756619542837143e-02
4.395256284624338150e-03
-5.904460698366165161e-02
2.674855850636959076e-02
1.649237632751464844e+00
-1.625208407640457153e-01
1.037642061710357666e-01
9.443472325801849365e-02
-4.329720139503479004e-02
-3.818494454026222229e-02
-4.357754066586494446e-02
-2.479063719511032104e-02
1.087327361106872559e+00
-1.749498993158340454e-01
-6.047898530960083008e-02
-1.106481812894344330e-02
-5.249675363302230835e-02
-8.325847983360290527e-02
-3.546056523919105530e-02
5.731208249926567078e-02
5.577358976006507874e-02
-1.186373271048069000e-02
-1.011105719953775406e-02
5.863232165575027466e-02
-9.951869957149028778e-03
1.914286427199840546e-02
4.593743756413459778e-02
1.626946148462593555e-03
4.413343593478202820e-02
5.230549722909927368e-02
-4.584846273064613342e-02
-1.369678508490324020e-02
3.662075474858283997e-02
-4.968335479497909546e-02
-1.047786511480808258e-02
6.348370108753442764e-03
2.956162393093109131e-02
9.195364080369472504e-03
-2.480156719684600830e-02
-1.396360434591770172e-02
-1.112545281648635864e-02
-9.463054686784744263e-02
4.427686706185340881e-02
4.602156579494476318e-02
5.631469190120697021e-03
-5.095023289322853088e-02
-2.005761675536632538e-02
2.077733166515827179e-02
-5.265434458851814270e-02
-2.017795853316783905e-02
2.602458558976650238e-02
3.282151650637388229e-03
-1.639967411756515503e-02
-2.410539984703063965e-02
-6.267307698726654053e-02
-7.454820442944765091e-03
2.040539123117923737e-02
-2.342081861570477486e-03
1.590640842914581299e-01
1.114441454410552979e-02
-4.277099296450614929e-02
1.733583956956863403e-02
1.127790473401546478e-02
1.096135377883911133e-02
9.674581885337829590e-02
1.571203581988811493e-02
3.718790784478187561e-02
1.246272474527359009e-01
-1.241745147854089737e-02
1.182982325553894043e-01
-7.947934791445732117e-03
1.785321161150932312e-02
-2.161541208624839783e-02
9.425115422345697880e-04
1.338064521551132202e-01
-1.843015849590301514e-02
7.772189378738403320e-02
-5.763062834739685059e-02
4.564946517348289490e-03
2.874277904629707336e-02
-2.328738719224929810e-01
-8.961845189332962036e-03
-1.217550188302993774e-01
1.115023121237754822e-01
5.052824690937995911e-02
-2.585965022444725037e-02
-2.067301236093044281e-02
-1.287900283932685852e-02
-2.142846025526523590e-02
7.970681041479110718e-02
-1.055411100387573242e-01
1.208893954753875732e-02
6.108832545578479767e-03
-4.122121259570121765e-02
-3.453743457794189453e-02
-7.886225357651710510e-03
2.966389246284961700e-02
-6.756687164306640625e-02
-3.481479361653327942e-03
7.103939354419708252e-02
-5.717467069625854492e-01
2.691104635596275330e-02
2.381065301597118378e-02
7.748606801033020020e-02
5.023524165153503418e-02
4.424114152789115906e-02
-6.187251582741737366e-02
2.909838594496250153e-02
-9.205977618694305420e-02
-4.476505145430564880e-02
-2.871327847242355347e-02
1.532353810034692287e-03
-1.204250194132328033e-02
4.323436319828033447e-02
-5.685514211654663086e-02
7.922928780317306519e-02
1.744750514626502991e-02
-5.413681734353303909e-03
-2.504878863692283630e-02
-4.001710191369056702e-02
8.285991102457046509e-02
1.899153180420398712e-02
-5.090087279677391052e-02
6.821695715188980103e-03
-2.230148389935493469e-02
7.741467654705047607e-02
-2.661701850593090057e-02
-4.988227039575576782e-02
-1.688054908299818635e-04
5.908925458788871765e-02
4.333790764212608337e-02
4.313641786575317383e-02
-2.447852864861488342e-02
4.001665115356445312e-02
3.090128861367702484e-02
-4.903516471385955811e-01
6.706842780113220215e-02
6.164518743753433228e-02
2.764673670753836632e-03
1.895313151180744171e-03
3.753112396225333214e-03
-2.279765717685222626e-02
-1.307860296219587326e-02
1.687686331570148468e-02
-4.409109801054000854e-02
-2.761937864124774933e-02
-3.957122191786766052e-02
9.858252853155136108e-02
1.969652250409126282e-02
-6.928940117359161377e-02
1.132636703550815582e-02
-6.308819353580474854e-02
8.614264428615570068e-03
-1.866445876657962799e-02
-5.960560217499732971e-02
2.039860934019088745e-02
3.093208558857440948e-02
-3.801849111914634705e-02
-9.675832837820053101e-02
-1.581512689590454102e-01
-1.181126087903976440e-01
2.821806073188781738e-02
-2.778929099440574646e-02
9.468577802181243896e-02
-2.457668259739875793e-02
5.586032941937446594e-02
-2.189970109611749649e-03
5.127062276005744934e-02
1.461168099194765091e-02
-4.851840808987617493e-02
3.769097477197647095e-02
6.943252682685852051e-02
5.096722743473947048e-04
5.712464824318885803e-02
-2.978019230067729950e-02
-2.646443061530590057e-02
3.094084095209836960e-03
-6.228177249431610107e-02
-3.929118067026138306e-02
-1.524697057902812958e-02
5.635343492031097412e-03
-5.878707021474838257e-02
5.843173712491989136e-02
7.871233858168125153e-03
-2.693361788988113403e-02
-5.009094998240470886e-02
1.751601137220859528e-02
-5.415642634034156799e-02
4.591318219900131226e-02
-3.179299831390380859e-02
7.335481792688369751e-02
-4.669310525059700012e-02
-8.735061436891555786e-02
-4.710585623979568481e-02
1.170140653848648071e-01
1.603926997631788254e-03
-8.463454246520996094e-02
-6.811508536338806152e-02
3.064897097647190094e-02
1.177185177803039551e-01
-1.654233410954475403e-02
1.960126217454671860e-03
1.190222240984439850e-02
-2.181755751371383667e-02
3.471240773797035217e-02
-2.061683498322963715e-02
-5.109532177448272705e-02
-1.717293448746204376e-02
-1.286986023187637329e-01
1.829520799219608307e-02
3.793861344456672668e-02
-4.342382773756980896e-02
4.662372171878814697e-02
-9.606962651014328003e-02
3.806782886385917664e-02
3.581317886710166931e-02
1.941765658557415009e-02
-8.420544117689132690e-02
-4.275211319327354431e-02
3.601702628657221794e-03
2.891449071466922760e-02
1.005809288471937180e-02
-2.150436164811253548e-03
6.420710682868957520e-02
2.118128351867198944e-02
-1.024283915758132935e-01
2.463954687118530273e-02
5.275820195674896240e-02
4.276124015450477600e-02
-5.027022957801818848e-02
-3.321393206715583801e-02
-2.936421893537044525e-02
-5.067230388522148132e-02
-3.430844098329544067e-02
2.926230803132057190e-02
-2.305601723492145538e-02
4.284821078181266785e-02
1.865854114294052124e-02
4.636432603001594543e-02
7.926097512245178223e-02
-9.977977722883224487e-02
-3.494287282228469849e-02
-7.734031975269317627e-02
-1.470827162265777588e-01
1.191061362624168396e-02
7.854048162698745728e-02
3.213160112500190735e-02
-1.671298779547214508e-02
-3.721365239471197128e-03
1.765138097107410431e-02
1.536394953727722168e-01
6.206311658024787903e-02
-1.217953190207481384e-01
1.686314865946769714e-02
3.474861383438110352e-02
3.559831529855728149e-02
9.237603843212127686e-02
-9.149817749857902527e-03
1.290915310382843018e-01
2.580015175044536591e-02
-8.684479445219039917e-02
1.322511397302150726e-02
2.450746111571788788e-02
3.514873087406158447e-01
-4.854448884725570679e-02
1.393273938447237015e-03
-3.278709948062896729e-02
-3.711191192269325256e-02
-8.830431103706359863e-02
-7.030130922794342041e-02
-2.497672848403453827e-02
3.511296526994556189e-04
6.774184852838516235e-02
-8.877045661211013794e-02
1.441967040300369263e-01
1.933231651782989502e-01
5.577363073825836182e-02
6.647305935621261597e-02
-1.041844114661216736e-01
-1.802456192672252655e-02
-3.562721237540245056e-02
5.274468660354614258e-02
-8.187529444694519043e-02
1.223602294921875000e-01
-8.932051248848438263e-03
-1.247992366552352905e-01
3.688186779618263245e-02
-8.339178748428821564e-03
-7.603752892464399338e-03
-9.408399462699890137e-03
-1.702492684125900269e-02
-4.460472241044044495e-02
-7.296717911958694458e-02
-1.555429212749004364e-02
1.661763153970241547e-02
