-7.120453363457000806e-02
1.869536429790045751e-01
-9.449244386460868561e-02
-5.715449896264204743e-02
1.316728204137625723e-03
6.066712793824757116e-02
2.061976785790949410e-02
-3.691253714516105205e-02
-3.781811814727776416e-02
1.277597548046052633e+00
-9.161426990159332595e-02
8.810134562545730852e-02
1.305946544800050679e-01
-1.010376598151888246e-02
-2.091684019157756882e-02
2.429936923223378550e-02
-1.364537086596756543e-02
1.064346291830304381e+00
-1.459224581930279041e-01
-4.542807479453499220e-02
-3.041731994921472587e-02
7.239511245977496741e-04
-8.180941003357997121e-02
1.655332529505845664e-03
4.450420703364157266e-02
1.876239132065513765e-02
-8.256508773677706525e-02
3.226954877845617659e-02
1.034553909831521512e-01
1.910696146866180251e-02
-1.227104857703934480e-02
1.657784184689380449e-02
6.690630499152101091e-03
2.219336605389594930e-02
7.627163553970611742e-02
-4.632494989953073877e-02
1.787353672389479023e-02
3.781944882250772716e-02
-2.357325257041248054e-02
-1.975839808459763786e-02
-1.956164408052660231e-02
-8.556535206356302367e-03
3.073663643333656922e-02
-1.624455327285733927e-02
-3.396324770531801169e-03
6.338891110488654827e-03
-6.294695375847432495e-02
3.868185397051906310e-02
3.080735908754498459e-02
-2.671002412452215188e-03
2.801272600917242839e-02
1.938348580708361933e-03
-8.143064335500601464e-03
-2.346112586528159225e-02
3.011955812526482049e-03
-1.957564898161127942e-02
3.866497080068354714e-02
-1.457445286863539094e-02
-5.393161996125423949e-03
-2.881749286845573105e-02
5.792080748493660947e-02
5.045913545220966773e-02
-1.450250890976385702e-02
1.612525951448101347e-01
-3.034228080330143851e-02
-1.067521552709730231e-01
-8.693129930133498828e-03
-1.180812489296267226e-02
-1.823827662727070878e-02
4.115790152472486446e-02
-1.091574993108196043e-03
1.252367508203667545e-01
5.067816824074730664e-02
-5.785009394494209679e-03
4.101085279759993790e-02
-7.211295098005360282e-02
-2.741488780665173822e-03
-1.294274335621929499e-02
4.809383379972831385e-03
5.065370933631490463e-02
-1.368577691046756264e-02
5.798122014037697391e-02
-6.757334331881748035e-02
-1.085908458468816742e-02
2.561420942696122569e-02
-2.817021233406005742e-01
1.361361694472650596e-01
-9.826632631324010159e-02
2.008674675469820925e-02
6.895595498529126510e-02
2.547989325665999533e-02
5.933028420831342603e-02
1.328374346663981943e-02
9.397152142464408305e-04
9.749906262132841672e-02
-4.765803128196537120e-02
-3.488870771938044207e-02
-3.127990191297579103e-02
-1.138979104213642540e-01
-1.918580124177299978e-02
-5.451507547852394060e-03
6.622979152745009368e-02
-1.287322487195185772e-01
-2.819350142913790592e-03
6.310266828017904728e-02
-4.854846591884808826e-01
5.102630478065455638e-03
9.085768442269140724e-03
9.553644425612614621e-02
6.058147984735019059e-02
3.662200517139038713e-02
-5.037615964882890401e-02
3.098950118388534708e-02
-4.598623654537869337e-02
-5.918717282159496190e-02
-3.772851448754610537e-02
1.589386384163561997e-02
-2.986541419479463860e-02
2.165017713365351495e-02
-7.436670650282975470e-02
3.213447248271536494e-02
4.055709254418220916e-02
-3.506046918179499955e-03
-2.303158390104921224e-02
-1.146546307906319562e-01
6.922514511578463370e-02
3.721261352373184117e-02
-3.326917388531851205e-02
-4.167878522928037538e-03
1.364471099688092590e-02
2.971963416624512702e-02
-2.014353013016205798e-02
-9.386822775991813736e-03
-1.183643910987641247e-02
-3.245182166376606170e-03
4.449338299320933915e-02
-8.574595021206806236e-03
-6.123794386367539117e-02
6.283007307937117647e-02
3.073522555302424936e-02
-3.995081066047456164e-01
6.525666326324906785e-02
5.289020982932825243e-02
-2.783926793583966705e-02
-2.671382110603450280e-02
1.035586659637395962e-01
-3.338277344741626129e-02
-3.895033319232793501e-02
3.157945695851128304e-02
8.385399434726246298e-03
-3.531976264312086666e-02
-2.740948900204578237e-02
1.375719862488240519e-01
3.807485097020733844e-02
-9.780697722385651993e-02
3.636378855443726105e-02
-4.864938432828855991e-02
-2.722224112307647728e-02
-3.363627254725275184e-02
6.008387840221209898e-03
4.434644728233682470e-02
-3.028591303599160664e-02
-2.355972889982192731e-02
-5.940836021029947261e-02
-1.121318965871249962e-01
-7.727128981205294567e-02
4.614008083039033981e-02
-5.143289442001284378e-02
7.792901523558244670e-02
6.729581185975928859e-02
8.455135930990263782e-02
4.046525043351575923e-02
-2.881540571347174576e-02
6.246293066921020792e-02
-3.917385746547739911e-02
-7.396599279717528883e-03
2.416272346885873015e-02
-3.399514654256013957e-02
6.076760303232375815e-02
-9.493039277974599233e-02
-4.186062291087634842e-03
2.765190293922169858e-03
-4.472663395543700904e-02
-3.881688651803313905e-02
7.355840059428757696e-03
-3.615644018812437521e-02
-3.576702628486792129e-02
8.705684942070347765e-02
3.771369113005286489e-02
-3.695652963283221903e-02
1.378117265313512710e-02
9.571844963925796312e-03
-1.451229757549660736e-02
4.672882623740984287e-02
-6.676731322948709427e-03
4.912199277605947684e-02
-5.797961239304433301e-02
-8.561525785321501270e-02
-9.452311866292352482e-02
9.930400508599385168e-02
-5.710435255774299473e-02
-2.001392053992078271e-02
-2.112841026177072340e-02
4.569144276518658648e-02
1.288810510213986016e-01
-5.280095980109605902e-02
7.792843921726372303e-02
2.274281279340477357e-02
7.438966703049636718e-03
-5.083188857244986397e-02
-4.911759972495781390e-02
-2.886666405246707257e-02
-3.736356313440761939e-02
-1.068583176345252184e-01
3.203779983867987430e-02
-5.664440193024176257e-03
-1.726409658278517736e-02
6.744269653103393547e-02
-6.383430633278330824e-02
1.966478963927661971e-02
3.262186418543835259e-02
1.636134280982144348e-02
-3.611584183371100570e-02
-2.233466371204753925e-03
-2.731167389129744109e-03
5.860171217726641707e-02
4.535798284392872359e-02
5.020330493645657269e-03
7.711200251849791021e-02
6.372302542670270353e-02
-1.037903419898046770e-01
-3.633112503464859511e-04
3.106468980290665385e-02
8.824303154912120639e-02
-9.882533386313407942e-02
-5.194668817757253781e-02
-6.423477760034793094e-02
-2.201955799474927811e-02
7.553452622449536788e-03
5.695945478509937404e-02
2.478839602493112387e-02
2.538196102826298720e-02
-3.589377720191824946e-03
2.671532312848585999e-02
3.421585999214165480e-02
-7.084657106065300747e-02
-7.424090847684307326e-02
-8.148574606942599052e-02
-1.116512639854331246e-01
-1.223689032617044509e-02
3.449213368968111204e-02
3.427987093923126616e-02
7.084561862530005388e-03
-2.884801454797698839e-02
4.606504897584817737e-02
9.466082349795421069e-02
6.266815360084071473e-02
-8.082844354542162435e-02
2.761262477869230389e-02
2.170499001607134777e-03
2.523479017067174757e-02
7.616052962653246938e-02
3.848877846317962440e-03
1.303546808736019136e-01
-2.260651154731528265e-02
-2.347703928275773899e-02
9.975059609875479641e-03
-3.761482742899487780e-02
2.645309735112070237e-01
-3.724611008267131318e-02
3.271027570599138040e-02
-1.662875020007522492e-02
1.324842406491956795e-02
-6.200550650180312873e-02
-7.734967934299730175e-02
-1.394486849195545990e-02
-2.701465396435931074e-02
5.431939877453633575e-02
-6.994566382742618826e-02
1.930319341056042637e-01
2.003841444293457952e-01
2.224939659529133820e-02
3.429833998228604824e-02
-1.204891203409888395e-01
-6.187070636674360177e-03
-6.586734840597794835e-03
9.242739631786925369e-02
-9.013945155589693503e-02
1.461284685927397020e-01
-3.791432778924694238e-03
-5.038323957018941979e-02
1.397270876974619942e-02
-2.572505285077444914e-02
-4.120901768198328985e-02
-4.934214843575007031e-02
4.063534718476077834e-02
-4.923273412067697558e-02
-4.955819540781280369e-02
-6.744298818587886324e-02
1.401361153890395665e-02
