2.400670009568591987e-02
9.260413475285947382e-02
-3.443917103469558427e-02
-6.860767135771880798e-02
5.792336232217071279e-02
1.492100396119725066e-02
6.756420520328263075e-03
-2.814197155452987514e-02
-2.045445920527404898e-02
1.539624294011082695e+00
-1.234951946131713496e-01
5.364402950944870824e-02
1.091460461845517177e-01
-5.601132981781933862e-02
-3.440874885110294101e-02
-1.531743588654891318e-02
-4.163307738459967600e-02
8.468080642583120099e-01
-1.212977208546462127e-01
-6.083463347408710198e-02
-1.119817076301195258e-02
-4.612618414100241870e-02
-6.607306291515700758e-02
3.532739819773018236e-02
4.868939706770389342e-02
4.444829751632876566e-03
-6.850092661045396880e-02
9.248551078464674682e-03
-3.051271820718776812e-02
6.217815619227763657e-02
2.151370448258560844e-02
5.332990051772520945e-02
-4.715472105112425427e-02
5.185018562735329434e-02
5.914714929223501005e-02
-4.522129935817171403e-02
-3.683042751181088426e-02
5.852948877411018585e-04
-4.470505883796000585e-02
8.014953214358659303e-03
-2.771023151108269536e-02
4.674102098096938329e-02
2.026963836938761032e-02
-4.258489974624360408e-02
2.511074091094771255e-02
-2.072160899147929003e-02
-3.923978119893790917e-02
3.334224144820972097e-02
-5.142146872335890805e-04
1.817140787899172369e-02
-1.253334038905983515e-02
1.062362597184480714e-02
-3.562188632246376940e-02
-1.044445422672012590e-02
2.072565371965135600e-02
2.375441451206841345e-02
2.931672053162297578e-02
-1.753980241468190704e-02
-7.620360669035503715e-03
-2.803792733975383686e-02
-2.218441303293283012e-02
-4.273997309804809797e-02
-1.273624195772058744e-02
1.482266468634555190e-01
-4.809615754986324571e-02
-3.757452567757175316e-02
6.707552936680786192e-03
-8.403393679567614308e-03
-1.625767908641037943e-02
8.077907708599743608e-02
9.053830024565306944e-03
4.114250319693094765e-02
3.676400863504369204e-02
-3.760839940878978743e-02
9.630599069337880680e-02
-2.094390600301488520e-02
4.891259685840481861e-03
-1.542714480210109415e-02
-2.967873064080704670e-02
9.411032075873827785e-02
-6.687293306065066056e-03
6.900681595668158030e-02
-5.183106856306834292e-02
1.294340072419366237e-02
2.431689536378410163e-02
-1.930974458963839180e-01
2.373130995633081219e-02
-1.490209260221298793e-01
4.433981225245985786e-02
3.196945168749112248e-02
-2.187221621410112907e-02
-2.925784649514244148e-02
4.344472969144066478e-03
-2.512333472366528112e-02
1.509011487860542899e-01
-5.881172824088874707e-02
-5.010303389995604192e-03
-2.031545202716503185e-02
-4.273892549263817731e-02
-4.597054535978793710e-02
-7.711108620446593780e-03
1.705069036502735239e-02
-7.816024394359193106e-02
-3.026608995295072130e-03
1.427671275852958853e-02
-4.464133875923557704e-01
4.568439818607470532e-03
2.755424237176754693e-02
7.874436374413895656e-02
-2.263026799827720995e-02
2.442093610966805314e-02
-5.930049513578076331e-02
3.127845185288789104e-02
-6.279342664375532623e-02
-6.059521748010798792e-02
-1.258004381765727084e-02
9.066373538347631197e-03
7.741051229708369175e-03
-2.549137723618659368e-02
-3.697053953204923471e-02
2.742899108522485127e-02
7.403175069988366351e-03
3.856467062453378114e-03
3.401297254635549799e-02
-7.671966162484016027e-02
6.698799707836032569e-02
2.332529695103811515e-02
-6.954770642405512515e-02
4.461231107026143727e-02
-3.233193876933699359e-03
8.858840998752308057e-03
-2.181432734297296741e-02
-5.281422889581557228e-02
-3.143636275841858729e-02
1.327263934261997333e-02
4.765890890578378461e-03
-1.417213867048744240e-02
-5.372055066719282589e-03
-3.824931364501189812e-03
1.193386293602585919e-02
-6.255555222541915317e-01
4.749027738926186321e-02
9.035068695163753216e-02
-2.710621327830837861e-03
6.158079129452392712e-03
4.480172298482346105e-02
-1.698801095392867347e-02
-2.879604329843350394e-02
3.083481524403239651e-02
-5.398999599273586469e-02
-2.843184258389723496e-02
-1.740476885245719613e-02
1.027466826291204838e-01
3.442586772514358230e-04
-7.317217138213981398e-02
3.375902536342888921e-02
-6.412471804845126799e-02
-2.139052065572605993e-02
-1.664984774338856832e-02
3.404777247176044019e-02
3.453482573396206290e-02
-1.629581955489396716e-02
-3.095338197552571780e-02
-4.531495250670467684e-02
-7.936227055360187133e-02
-9.743845214149970957e-02
1.402820479839354297e-02
8.762259238075892007e-03
1.078959962325056893e-01
2.706351555284704571e-02
3.712724673202614373e-02
9.419588271648106359e-03
6.321924008507388837e-02
-2.518784224089318756e-03
-6.871828045076726343e-02
2.662552803475330340e-02
2.503009784218261646e-02
-4.182509096822605542e-03
1.345750267243446367e-02
-1.181725404722577394e-01
2.360126292647946739e-02
-5.704507613663105728e-03
-6.268448955669224387e-02
-8.095182791187127691e-02
-4.871510155805981734e-02
-3.133974370715224278e-02
-5.264784001802713664e-02
2.347592665208066837e-02
6.599146763551434758e-02
-3.625713065457161072e-02
-6.641470022112105909e-02
1.102154084856315705e-02
-4.376133980822854291e-02
7.333930260283461067e-02
-9.846432841139173952e-04
6.129211096236501788e-02
-2.426745671377699559e-02
-7.344327917421497598e-02
-6.378833958288931960e-02
1.191540565501562898e-01
1.339942062737827302e-03
-1.729505473356688847e-02
-4.674788591840722124e-02
4.657175292274971790e-02
1.477163450864947547e-01
-1.846700431474673082e-02
4.552223615329283740e-02
-1.384128528279518315e-02
-5.072148792714549492e-02
-2.940347752268933010e-02
-1.847592457074541741e-02
-7.411337264663423168e-04
-1.333005904609352830e-02
-1.127698936798451207e-01
-1.111323862598849552e-03
6.216753444471085494e-02
-2.640679530983588985e-02
3.955545731653168501e-02
-6.890034178299943302e-02
6.006302005630150681e-02
3.813574385256820326e-02
-2.265394145231688569e-02
-2.943753163629582101e-02
-6.103017405374173976e-03
1.970146159686700718e-02
2.100779258855942772e-02
1.625445475121661126e-02
7.382920729433077589e-02
2.226010946158354584e-02
4.522073739765380962e-02
-8.340219084123685900e-02
1.452424595998952177e-02
1.416717902202774271e-02
2.795947661078697702e-02
-5.819677692748295023e-02
-4.832002943840579823e-02
-3.997637268222506424e-02
-5.021580758166604465e-03
-3.016300878934001159e-02
4.065569622606741984e-02
-1.475854533814205047e-02
4.411960351395993046e-02
8.059305601344931430e-03
2.682442216583191125e-02
9.531799472506394255e-02
-9.699886719860045803e-02
-4.200943483145069823e-02
-7.255194735276357387e-02
-1.049156629080527092e-01
-5.711009444821860126e-02
6.735132883542910287e-02
2.463702206992398475e-02
7.010494317816007813e-03
-3.446411583768470982e-02
3.609921974904092140e-02
1.666035744574097810e-01
9.699781959319053737e-02
-2.917429129147129999e-02
-1.320789333906116809e-02
3.969724828053956822e-02
8.384915758649474915e-02
1.044620983300476036e-01
-1.970792240837684547e-02
1.177791819852941207e-01
1.476218247149403175e-02
-8.794959616545894310e-02
1.960786698588799174e-03
-4.620695035543655876e-02
1.933570855312233550e-01
-2.429963762565714655e-02
6.393223182827818818e-03
-5.266180144144954299e-03
-5.703883299809960061e-02
-6.521290949577294993e-02
-4.347521171342177970e-02
-1.056076227585406877e-03
3.091734712453822129e-02
5.120179419424019523e-02
-2.780891281869405512e-02
8.999540996199204002e-02
1.881256216254617863e-01
2.159420185788309826e-02
4.724180064915459165e-02
-8.116822433796888614e-02
-1.946017587005363647e-02
-1.705253061227888015e-02
5.573125840859441404e-02
-4.924983821087311475e-02
8.046614833093564123e-02
-4.742579762317064573e-02
-1.341267522067703943e-01
2.054884082114503269e-02
-9.093703204645761998e-03
-1.383201640314187311e-02
-5.765788107305875460e-02
4.197676827467852756e-02
-1.702994985924623575e-02
-1.173872734952223669e-02
-4.276784911484974791e-03
7.598773970391201711e-04
