-1.034029831794779954e-02
5.331084630944127323e-02
-1.635476143230233520e-02
-2.213555104800208131e-02
2.271316716332366994e-02
-2.193892909934059068e-02
-9.000903134897032115e-03
2.553065445474742359e-02
-7.776290897882330924e-03
1.180797395455834620e+00
-1.032985304139224098e-01
7.211697718808102002e-03
5.658584665411401510e-02
-2.245497189193820450e-02
-1.104815071997211108e-02
-2.468353041638436315e-02
-5.045488492362051880e-02
5.697285751425960054e-01
-8.020493994816121908e-02
-1.635493838482415807e-02
4.426642362519892307e-03
-3.091216224533608475e-02
-2.667862201501098804e-03
7.232471175511297201e-03
2.019386949065247669e-02
1.646432889509737499e-02
-6.211388190379494266e-03
8.562899481858397485e-03
-3.081440751741089737e-02
4.005453584399520928e-02
8.958966925942630360e-03
6.811537747573503943e-02
-1.590295240512636793e-02
2.840700692595247989e-02
4.619752726853748603e-02
-5.407832170965556212e-02
-1.422821834476333848e-02
-1.603981056293921070e-02
-2.992921098993949619e-02
-1.124967040669413477e-02
2.156294384308625727e-03
4.184332888377241544e-02
5.340710617323645576e-03
-1.190544029603449010e-02
1.937227739311206051e-02
-1.120311496756137143e-02
-3.694017145991554396e-02
3.319095374393375708e-02
-1.303116838641949979e-02
2.149975063542881176e-03
-1.546489739738846417e-03
3.161589780847225140e-02
-4.741200012605174124e-02
-1.344738072107506434e-02
1.237183405780260294e-02
1.575291205379652018e-02
9.965885246381920790e-03
-1.948288502899190103e-02
1.743720924392588162e-02
-3.474664337991995727e-02
3.771371787034593563e-04
1.939708767538918591e-02
-1.036363450878226115e-02
5.658690529180978451e-02
-1.077436670077285517e-02
-8.214074514306873159e-03
-9.144747647547013785e-04
1.672168094924841517e-02
-7.028541183868380286e-04
1.386328377349683311e-02
1.123340539250346562e-02
1.942902222006664958e-02
5.148400693875460760e-02
5.917834246849444603e-04
5.523988114699208973e-02
-1.159437622728114181e-02
-8.769921622650316689e-03
-1.797458789450256944e-02
7.510038131883606596e-03
7.955344076946711807e-02
-9.797957303172170895e-03
6.101042905847225278e-02
-4.884138874554879578e-02
-9.561076347719644694e-03
1.661957626672155158e-02
-1.194695043409069457e-01
-1.283831352613998000e-01
-5.598540827963003480e-02
7.554558617015409705e-02
2.757764430462767563e-02
-4.821577079656824000e-02
-8.153111293103787113e-03
-9.307829592074890954e-03
1.149520664854016341e-02
7.048686747628651883e-02
-1.887375905504522222e-02
-5.232540887111307958e-04
-9.891320531120994727e-03
-3.789772156548388247e-03
-3.326821890854946007e-02
2.531387992192670258e-02
-1.110778968235699065e-03
-4.732465328384489328e-02
-2.404596471006621456e-03
3.155846055860618560e-02
-4.658636612516938169e-01
1.144666010885749853e-02
2.991890465958150711e-02
2.388111843349194699e-02
7.840236826946465941e-04
5.785808143090394491e-03
-2.916973384371159342e-02
6.855681650811310630e-04
-5.295968018309015618e-02
-2.641945158135852387e-02
-1.051656457172935044e-02
1.128137645181081193e-02
1.877939566066870458e-02
-2.579359820858806440e-02
-2.065371216231919396e-02
7.519587413191708598e-03
-1.674691745629549710e-03
-2.513978172121687088e-02
3.038388357053382893e-02
-1.711210129981013614e-02
4.401015405886616466e-02
1.807071312050940667e-02
-2.777570495422745922e-02
1.459231893110090467e-02
-5.301321370645306445e-03
1.588967788855450217e-02
-1.177834683999109781e-02
-4.395897323468471452e-02
-1.792300084887971448e-02
-3.760037208653058301e-03
4.174665741302429484e-02
-1.465540019705432843e-02
1.033371106798325161e-02
3.337866190164812813e-02
-1.145535386319052745e-02
-3.545189057920776210e-01
4.269132691372152372e-03
5.789771417963949368e-02
1.034872664349809415e-02
1.699686212401128188e-02
-3.374452278089843261e-03
1.372638868646204255e-02
1.338449025610169256e-02
-5.948971447310370982e-03
-1.031048258737946380e-02
-2.501751983837802867e-02
-1.691813633173175476e-03
4.449263126615037728e-02
1.269432156587779227e-02
-3.503282330795228633e-02
1.506075226302272009e-02
-5.165596786074433400e-02
7.837041776059228484e-03
-3.135967363430813143e-02
3.035422940531150651e-02
1.181667552557668678e-02
2.025303779779724644e-02
-1.537890674238962668e-02
-1.664346024101487354e-02
-7.943777844633347074e-02
-7.131485756152901312e-02
5.770556528298616261e-02
-3.173202790175054522e-02
7.395993770286451996e-02
6.182180637935075218e-03
2.347208267763448153e-02
1.504540817130432112e-02
4.435246640425582337e-02
6.415826439673407398e-03
-1.444507442961585723e-02
2.288181676507894044e-02
3.578904375841986379e-03
9.914728272322976058e-03
3.150136182660794731e-02
-3.829538773713484640e-02
-3.511163344118922790e-04
-3.270058753161141259e-03
-2.129531430953187504e-02
-6.552121657659219778e-02
-2.269134968674171859e-02
-9.953208521590300312e-03
-2.878025057215674587e-02
-2.659069238352030837e-02
1.037137118077986579e-02
4.965985955447602129e-03
-4.106403920997069024e-02
-1.127165868092758379e-02
-2.677537542247029889e-02
4.929644600553839684e-02
-4.155936163162165901e-03
5.945587499606088538e-02
-2.137046835362635053e-02
-2.147323006856033042e-02
-4.116794573078498554e-02
8.931904730485613897e-02
1.353323654594586027e-02
6.067902391265598931e-03
-3.312269007716730357e-02
3.025162156213563255e-02
1.157974840859672949e-01
1.831999267755077612e-03
2.088134234767434483e-02
7.302502828778400720e-03
-1.180512129526045499e-02
-6.934921663272460533e-03
-8.886037098111587706e-03
-1.619738995722734315e-04
-7.502475334972662224e-04
-5.394291456252166272e-02
1.281678502071975471e-02
5.970950489238332354e-02
-5.139765103066996216e-02
3.338069608629029572e-02
-5.807535604693851716e-02
2.183466405732990834e-02
3.712777421547560752e-03
-1.487364420516497018e-02
-1.850765198098194148e-02
-2.191824142614253942e-03
-1.126831014296163523e-04
5.163082213803453502e-03
1.039828258191393892e-02
4.093344209399520789e-02
3.880069951332209416e-02
2.902398035956259975e-02
-6.142134666593136727e-02
2.953168330287082866e-02
3.141295980881988158e-03
2.347066244130715726e-02
-2.828483582745091804e-02
-1.774792556250590764e-02
-3.929463708915009734e-02
-2.181120476908895989e-02
-1.190830692688801817e-02
2.308750791516323703e-02
1.648829134398733035e-02
1.341478452783773957e-02
3.641205588917688363e-02
2.371822363548986914e-02
5.692725731100116426e-02
-7.169935846555636205e-02
-9.276935989841016486e-03
-4.447497909806037708e-02
-7.535981371915671800e-02
-4.116200935835723218e-02
3.850585660530835702e-02
1.645315011187092197e-02
2.694127533590820120e-03
-1.723314605704235475e-02
-4.425522945479666223e-03
1.089246112091513535e-01
4.800416943225506439e-02
-2.207045406201745691e-02
-1.814242659209261768e-02
3.211138333418681046e-02
3.617793385434720649e-02
6.174882269640437349e-02
-2.788055009276620491e-02
9.353951574465067809e-02
1.086178124655327176e-02
-8.364525395487347470e-02
-5.732681995207078961e-03
-1.009475745994902786e-02
1.997029782678914622e-01
-3.652607178449878561e-02
3.960684904121892363e-02
-5.270139643544378451e-03
-5.252828532206220424e-02
-5.601332677142091543e-02
-1.010955992307889344e-02
-6.069913110464657952e-03
1.929988842451076103e-02
6.012224434145841540e-02
-7.708688975845580773e-04
7.582075811261147769e-02
9.589779739348627818e-02
1.163779960677764451e-02
2.353502084285286761e-02
-2.617364760265339027e-02
-3.271180632149497253e-02
-3.514036120225789983e-02
2.953700726570131913e-02
-2.480875894671950507e-02
7.342724598603976582e-02
-4.374877825824063232e-02
-1.126357641296127088e-01
5.118307070911984336e-02
8.097982119609319074e-03
-2.820032330302839341e-02
-2.763603555939400658e-02
3.493724740412189333e-02
-8.777953728423486257e-03
-2.414571323129707098e-02
-1.730934950652711704e-02
3.436279181471181554e-02
