-3.915551856264050390e-02
1.262932988638152954e-01
-6.911641830508270801e-02
-4.884742235816005862e-02
8.605625691595447657e-02
-1.098904995799856142e-02
-1.961109185836343999e-02
2.324824878396744912e-02
3.460339222100000667e-02
1.976526621777657367e+00
-2.201037878381983670e-01
5.556793876264006643e-02
8.574069940801616607e-02
-3.026152294033034734e-02
-3.375317872507523076e-02
-3.817008474504456766e-02
-7.849457131743192706e-02
1.011685707865709105e+00
-1.610363769638030462e-01
-3.097659086088051794e-02
1.907363048169691353e-03
-6.428448027012133303e-02
-2.735378308860512975e-02
1.208294171968898358e-02
8.944429724881690358e-02
3.308734512225657703e-02
-4.193617048975892270e-02
3.590725380432167879e-02
-2.759180946654755592e-02
7.801598145868141043e-02
1.303300238634599179e-02
1.011327301509372945e-01
-1.563752320808439386e-02
4.661603504878618354e-03
1.158357452610677130e-01
-5.751554535034639898e-02
-6.808935293591834859e-02
-1.492147077202827209e-02
-5.815464327069428535e-02
-1.559711002114969915e-02
3.229875834612875880e-03
3.171860161792330879e-02
-4.377381045946027432e-04
1.487854717733382015e-02
4.286804751807442304e-02
5.792346258571136157e-03
-6.345619733760354819e-02
6.242006097145104924e-03
1.909869745309725544e-02
-1.722218954266679231e-02
-8.178744893674717853e-02
1.458287431988558374e-03
-5.101253639760232328e-02
-6.758711334894024203e-02
2.299142478024759559e-02
3.947476853762826171e-03
3.138015465837371704e-02
-3.899764157068159875e-02
-1.787612940799839780e-03
-5.402483777576343182e-02
3.241488272421394414e-04
-3.344050001735822397e-02
-4.469540653511227396e-02
1.165765963827097851e-01
-2.434747209221017547e-02
-5.262844027731610613e-02
-2.215740773898039820e-02
5.826141942311645339e-02
2.398466211120308181e-02
7.998709682445612201e-02
5.203430866116688994e-03
5.400942295380688901e-02
1.315775801293966873e-01
-4.767916764164312204e-02
1.220873888253483641e-01
2.505795272576081048e-02
2.834422917928668822e-02
8.261232984496781270e-03
1.565036248622276097e-02
1.589446766012211354e-01
1.106142466133691604e-02
7.881739843661159095e-02
-5.668212841506005406e-02
-2.872075830912293806e-02
6.904352998790665163e-02
-1.825008310079689333e-01
-1.159725267125324699e-01
-1.067581108017914837e-01
1.033192600721446197e-01
2.084557820044677726e-02
-7.019038163630936245e-02
-9.939154934260162680e-03
1.561974106413577430e-02
1.392137920567939301e-02
1.042535118970818464e-01
-2.287905546923520855e-02
3.236473850379748690e-02
1.128333253433101702e-02
-4.104408838972524454e-02
-1.000476531132182684e-01
-4.898565815899478745e-03
1.595714691455488513e-02
-4.036469153749595168e-02
-1.387525433388423976e-02
5.803924353125902019e-02
-6.871224927614831834e-01
3.961519814226665409e-03
3.192726124375650648e-02
1.390041073388938002e-02
6.156012084673698377e-03
3.478969202612317013e-02
-9.438647966436025660e-02
8.172992311912007091e-03
-1.044010226455138746e-01
-3.145598584402527209e-02
-3.334885037974877342e-02
2.272674814417332059e-02
8.166275289362989048e-03
-4.349001785847059209e-02
-1.536380440573636118e-02
7.398279943349311827e-02
-9.465212159546423573e-03
-4.447824825536164130e-03
-5.769334009472671006e-03
2.559849872191521242e-02
8.680711977011695835e-02
4.603653448628399619e-02
-8.485056071169272407e-02
4.575231489707529131e-02
-3.637783940251620302e-02
4.549110008233539504e-02
-1.636414797388502720e-02
-9.054165830647135926e-02
-3.849841746286706418e-02
3.463466393586696335e-02
3.806599091686421049e-02
6.244829371546123213e-03
5.652146765745687598e-03
2.301807290277097309e-02
6.960775027178608097e-03
-7.462710567578443310e-01
2.307072205845047547e-02
1.083709906599077955e-01
1.296397204587601375e-02
-1.479237323984858125e-02
-2.422317380617094486e-03
-2.714455966213512317e-02
-3.781640982927980069e-03
-2.855910342577568095e-02
-7.407109403019182525e-02
-3.249307362375239427e-02
-1.050934317601678186e-02
7.390025389480313345e-02
-1.090991925725655863e-02
-6.690426535341893743e-02
3.069244815357683245e-02
-7.394335047378389203e-02
-3.197865252604553676e-02
-4.563636844187099473e-02
-4.878270487900086827e-02
2.723808436398367575e-02
1.557412019594019842e-02
-2.151049776283907311e-02
-4.166834383118728918e-02
-1.375777771520919623e-01
-7.324602305281711911e-02
2.816062451205617739e-02
-4.424680489053656879e-02
9.076288171694993356e-02
2.562786974524138700e-02
5.838637814607589016e-02
2.626631203378812854e-02
8.184160796761692780e-02
7.961568674812914345e-03
-4.735795504246888277e-02
3.362450831459009443e-02
1.987704985952138195e-02
2.342611293562312305e-02
7.778831705304892208e-02
-9.425677134815735325e-02
2.739792611573754061e-02
3.261826299242689270e-02
-6.233314063880457390e-02
-6.948887269395288835e-02
-4.669733018871535107e-02
9.849466986508489778e-04
-5.754020308577314363e-02
2.222378031470599938e-02
1.066345957501596414e-01
-8.605733860164594892e-03
-8.700942168952667533e-02
-6.441451640222480880e-04
-6.251093858659759195e-02
9.926772676334971041e-03
-7.554225384225008930e-03
9.307636074821333538e-02
-5.123671121899028152e-02
-9.649495736710432536e-02
-1.207550980220370267e-02
1.103361434068265146e-01
3.831188060520342165e-02
-3.673999588733063010e-02
-6.423803505705526218e-02
1.414489732746197076e-02
1.664838187167050065e-01
-2.680341329347593182e-03
1.663428963204115207e-02
-2.649197110306467096e-02
-2.488296950993491852e-02
-1.526510619236248929e-02
-7.224977878513196006e-02
4.808463426628557108e-02
-1.937702916974649858e-02
-1.322744718862350066e-01
1.476964182326428662e-02
5.650002080936895876e-02
-6.558723987947104317e-02
3.752912457410841757e-02
-1.200103216520219673e-01
5.213064702717833121e-02
2.325587717743222982e-02
-3.219424006576444147e-02
-5.496456957204182842e-02
-4.539067950072822599e-02
-1.513139067381146820e-03
4.887526215021124887e-02
-8.875296234522477359e-03
3.710585551723685760e-02
4.696986266055675104e-03
2.560283614272343064e-02
-1.187589319688765604e-01
3.656207407424618555e-02
2.927626424262917693e-02
6.560202683253658906e-02
-3.080781372327653228e-02
-5.165584573785853700e-02
-3.731840408609898851e-02
-4.152560830330041114e-02
-4.051059203713949786e-02
3.752951752606741020e-02
-5.251002932993421857e-02
4.658257113182191766e-02
5.087952215948354784e-02
-8.479801833643685251e-04
9.282036963179786382e-02
-1.152686301599034346e-01
-3.233674921915320050e-02
-8.679380211568067660e-02
-1.385786001643427579e-01
-4.641411860670579398e-02
6.318230127975227317e-02
4.488690227564971769e-02
-6.725853290053490294e-03
-4.271671830169306711e-02
4.157911810919445034e-02
2.347010988713599533e-01
9.386756951764360646e-02
-8.079099965064862054e-02
-1.887065718037355885e-02
5.799094033882162824e-02
5.821097635098933937e-02
1.203713334506949784e-01
-2.099758654032247637e-02
1.421927416374355879e-01
3.386457633423249625e-02
-1.199170639012325096e-01
-2.058772056222609587e-02
-1.614671526844564317e-02
3.022034969034018692e-01
-1.778406172503039714e-02
-5.503260151555078306e-02
6.549989669634695769e-03
-8.741445265004067766e-02
-1.068996247616319228e-01
-4.945760841100341892e-02
-1.823118339293446424e-02
2.717789864600372515e-02
7.824025451805911857e-02
-6.515984055581311440e-02
1.361807133438011075e-01
1.385228864105048086e-01
2.288535337862144387e-02
-5.167049707978606243e-03
-4.653023163937097112e-02
-4.937884289931026432e-02
-3.946160678261050048e-02
9.835555926562951357e-02
-7.417162993465653553e-02
1.106115258481748381e-01
-4.926373787384424191e-02
-1.598770832604378966e-01
1.487148899133127443e-02
-2.808278371883173377e-02
-2.577992293289501149e-02
-3.420746535940547700e-02
3.211665127433978306e-02
-6.059677562757503216e-02
-2.247825514910579275e-02
4.775452792562642594e-03
5.108288334069577274e-02
