-9.460824126054631633e-02
1.952859167868346568e-01
-9.897119876851535880e-02
-7.967497303137965892e-02
-6.657425726601238179e-03
7.004817490924154788e-02
1.208721918269367590e-02
-1.793314585003431133e-02
-5.653232805305732911e-02
1.280137655585913858e+00
-1.423316991080689764e-01
8.811349411335002435e-02
1.068103499220489222e-01
-7.706096118771819589e-03
-1.051897559661031482e-02
3.175899997410853992e-02
-5.866167492722722254e-03
1.089920534968882748e+00
-1.553647740604761074e-01
-4.977599813541982998e-02
-2.787116799029327324e-02
1.301818365897275398e-02
-8.579948223015963771e-02
1.547207549573245515e-02
5.174060505764900564e-02
1.986053496134761089e-03
-7.589692032981368297e-02
4.703596926150450247e-02
9.895045842701692684e-02
3.093136276124677439e-02
-1.068050845435118863e-02
5.713209018271067294e-03
3.298487583168892984e-02
4.300031602153457470e-03
7.236208797007817606e-02
-5.019228730069507510e-02
3.960275254348974427e-02
4.318922267127099646e-02
-2.930668003041356912e-02
-1.676764890651089024e-02
1.508661234241293362e-03
-3.418305054822688704e-02
2.285205167065118559e-02
-1.960307995430059236e-02
1.799327886628129943e-03
-1.015141048404374739e-02
-7.567168565637016897e-02
3.912777834106519192e-02
1.420359793907957635e-02
-1.066157895528071055e-03
3.435081384655339076e-02
-9.714015411766066662e-04
-2.612835046999417363e-04
-3.446176973245231034e-02
1.568144918139514898e-02
-3.587440748587235329e-02
1.179113737413984946e-02
-2.435512114237059836e-02
-6.176164723967424684e-03
-3.103569754944280126e-02
5.435212163687765802e-02
3.670987019387364492e-02
-1.796038993769052960e-02
1.868356296683680029e-01
-2.245278002351576777e-02
-9.612625143687703044e-02
-2.466576457916302978e-02
-1.699657860952600089e-02
-2.478566543217782317e-02
4.171258200278916278e-02
-3.314600567951831583e-02
1.288095276212431750e-01
6.722475849793184410e-02
-8.800819271900614527e-03
4.558692164711565520e-02
-4.582692408605134465e-02
-1.525608688876397764e-02
5.886439200090362936e-03
1.909760207064454401e-02
2.636418577100409916e-02
-5.594260488485811901e-03
6.926988710929593562e-02
-2.835717632615645731e-02
-4.597664072406941124e-03
-8.356579400537178775e-04
-2.805294121018644948e-01
9.913600357262573881e-02
-6.792857130151411238e-02
1.110039073864570701e-02
9.979475338288681940e-02
2.090323933993387673e-02
3.965255283339499948e-02
6.912109461469559228e-03
1.069363638641042391e-02
9.390665813632108339e-02
-5.404000976167210729e-02
-3.939304147213486436e-03
-2.181201588164165261e-02
-1.267164207571215284e-01
-5.061897906280437079e-03
3.570199953691845143e-03
7.070326829241296851e-02
-1.125796359937892149e-01
3.074153428424155135e-03
4.510465929610023295e-02
-5.273960764363235798e-01
3.424449025848765732e-02
-1.060749185975566437e-02
9.025458540662631424e-02
3.129205817612673579e-02
3.072578447160873374e-02
-8.024585123994383562e-02
2.552787535249933723e-02
-7.376152367467364579e-02
-5.353371196129958626e-02
-3.213272758689252051e-02
1.767884041948903154e-02
-2.712463613609340102e-02
2.999336259660873374e-02
-8.147903686350498054e-02
3.068461260846741534e-02
3.128559148835161063e-02
-2.584056780903331088e-02
-3.460176703756672606e-02
-1.507926590407432654e-01
4.724617367257861328e-02
3.959098341879490474e-02
-3.337367694162207687e-02
2.292444676528742134e-02
-2.122117015326753942e-03
-3.864109214561908725e-03
-4.139367300256305976e-02
-1.745863642149236145e-02
3.932505092068834529e-03
-1.548088921440972203e-02
7.471716671765900319e-02
-1.328642805972289447e-03
-4.670796860473114265e-02
7.934447402197493393e-02
3.059128415992302952e-02
-4.035038256109593213e-01
6.154291168009069779e-02
5.405750131829020061e-02
-1.494663549661395113e-02
-3.296450298581860006e-02
8.538400834930302830e-02
-4.047584803908779727e-02
-1.087848205504642236e-02
1.801927570774593257e-02
-6.535712101034393470e-03
-3.688641941709041444e-02
-4.435076980884198987e-03
1.407214506172839441e-01
2.800072100789314025e-02
-1.181552549577198491e-01
4.051690872708112179e-02
-3.764127396639723594e-02
9.582897835573042991e-03
1.756259290536534316e-03
3.934141837303224525e-03
7.319340013922093213e-02
-3.447012639774336973e-02
-1.356151204822372662e-02
-4.971685913308288018e-02
-1.164129303911151520e-01
-7.625093288301963701e-02
6.170590062345046589e-02
-6.393658055682048535e-02
9.630242698806858181e-02
6.390417917757665323e-02
7.957939328608834573e-02
5.105662157699131232e-02
-1.649770638258006919e-02
4.588059697694513855e-02
-4.213452257142089041e-02
1.587732589527123331e-02
2.801208866677576750e-02
-2.107554692243472985e-02
7.476119207626555352e-02
-9.807050095422864544e-02
1.859123941810235728e-02
2.101446235500784368e-02
-4.622314922531180204e-02
-5.756956130187778492e-02
-1.172421842759207092e-02
-3.637959662296346569e-02
-3.841812575401455654e-02
6.928821865592112161e-02
4.254833500145466241e-02
-2.870935140122191781e-02
7.031547856750673849e-03
2.488970375331252607e-02
-3.218525166792368664e-02
2.856325181576192807e-02
4.307072308835074165e-03
7.184894672170676067e-02
-3.879024750354970186e-02
-6.272467262130641819e-02
-9.207950693179518808e-02
8.473507901044828594e-02
-1.486278472943625487e-02
-2.603205310456353783e-02
-2.354316734587270574e-02
5.692327546098651520e-02
1.217360582411518427e-01
-4.702934507560305177e-02
7.036883491804860058e-02
4.239677856914718379e-02
-3.836936927522104687e-03
-6.337945718462228983e-02
-6.628702083017101732e-02
-2.418839702285800405e-02
-2.134779633068647695e-02
-1.059997966235959321e-01
1.813059600107439634e-02
-8.244213172960463895e-03
-1.029485499079568593e-02
7.181597711392873062e-02
-5.313438935888800674e-02
1.472004973630243116e-02
2.879761829233391454e-02
2.774479851937926289e-03
-4.433842782331511717e-02
-9.719113641556302585e-03
-4.860731108278862518e-03
6.562349048854609901e-02
3.157442452284614509e-02
-1.091421637258122371e-02
6.045708871519871880e-02
7.982819091450996107e-02
-8.005466704377277309e-02
-2.140493263626021270e-02
1.235993954122512756e-02
7.008862413392089041e-02
-9.306422227598158681e-02
-5.869011414772439678e-02
-7.342791176112502260e-02
-1.450986385441965267e-02
-2.086951119338566023e-03
3.552776028622115639e-02
1.941687470625055303e-03
1.109718055624731199e-02
-1.930713016623501060e-02
3.155023775175982981e-02
4.304350602243188495e-02
-5.283570497100156804e-02
-7.979112017905029552e-02
-7.632725462211913114e-02
-9.849084183600864684e-02
-2.471191770657429551e-02
4.990129561541027658e-02
4.065224902877390828e-02
9.996285445293031768e-04
-6.073221632450415131e-02
3.883834310785234251e-02
1.157192592315890028e-01
9.361461955172599436e-02
-5.800812255513496801e-02
2.643246892926374991e-02
4.595841263209584152e-03
-9.923184118249642541e-03
8.814736547510625131e-02
9.110680622408877383e-03
1.005115366204019922e-01
-3.094077134417078361e-03
-4.691458144088525573e-02
-1.957852259938761864e-03
-4.339004822333219352e-02
2.647368835066282178e-01
-2.904381565757184827e-02
2.894523727148318876e-02
-1.839143297156446005e-02
6.331691035517939686e-03
-6.354311935526715804e-02
-7.567122242658684550e-02
-1.705321925923158899e-02
-1.655506812664835764e-02
7.908636238671006014e-02
-9.617263617917995444e-02
1.859441779205563139e-01
1.755208778033925388e-01
1.034137098153721686e-02
1.430504526162625252e-02
-1.347519628095906752e-01
-1.126828451336117816e-02
-1.782996759219730373e-02
9.799095513583724881e-02
-9.008546330093540611e-02
1.394938546331081775e-01
-1.380700221599246054e-02
-7.367307766804544189e-02
2.319896908767598437e-02
-2.311350936905089484e-02
-6.746159862154675613e-02
-6.519008652687652283e-02
3.054263885627751113e-02
-4.392273776855962902e-02
-5.675391247580828524e-02
-7.411275684917970064e-02
8.177897969230275843e-03
