-8.108202646011522519e-02
1.696401426863130557e-01
-8.905768438443725787e-02
-5.121740661545633178e-02
6.709898708583727014e-03
5.111498819075680627e-02
2.977519546688471574e-02
-1.283986384970244206e-02
-7.741181188752811748e-03
1.058571344423275606e+00
-1.124793797439652271e-01
8.974599280614727059e-02
1.084853679708242952e-01
-2.017383679429558818e-02
5.981672312462947387e-03
2.706661459019487487e-02
-3.746312877332080155e-02
1.066661261882081213e+00
-1.598891545449593610e-01
-3.453763984484256588e-02
-4.243173859991589136e-02
-3.005372813259256023e-03
-1.038786468045055644e-01
-5.880679595977573483e-03
4.752647381191856674e-02
-1.086169957858514577e-02
-7.318298689930886891e-02
2.716762524400702372e-02
8.807578769457224954e-02
3.599326009771048468e-02
-3.386548738779793927e-02
4.678417032545248433e-02
2.406187484086498574e-02
1.735817842690920909e-03
7.093544727706529995e-02
-2.550776935145118371e-02
2.582760271205255219e-03
5.853174375399024937e-02
-3.228026809341368042e-02
2.028441361003402270e-03
6.598204830357323573e-03
-1.970908313173592302e-02
4.178800876493494326e-02
-9.028228918727452743e-03
-2.471612553652647367e-03
-2.038170814456173249e-02
-4.270095684480076925e-02
6.115684307482417703e-02
1.288804722058424848e-02
-2.234033681123832188e-02
1.690462662491892809e-02
-9.961017537589116413e-03
-1.197187042189938426e-02
-4.206590125363555976e-02
-2.284516029695781315e-03
-8.943711327618302301e-03
2.609309030223301920e-02
-3.173431029696968837e-03
-1.703746304465344336e-02
-5.742755160724781482e-02
4.154214615656478399e-02
3.467163538700368530e-02
-2.485094650498338026e-02
1.450141970601349917e-01
-3.940671111547786737e-02
-7.549221113273728301e-02
1.614428066183381735e-02
-2.671265051718088243e-02
-3.853775278320015901e-02
2.731653721970069351e-02
3.638449731722908156e-03
1.332761489706418834e-01
2.393215209364675869e-02
1.078509605975369427e-02
6.913061077602150606e-02
-3.623640118063930354e-02
-1.447518766451868708e-02
-1.082532762811872981e-02
1.143748281975212264e-02
9.312340093061522578e-03
4.183142946629441437e-03
8.288884225238908610e-02
-8.329269188674273683e-02
-9.641386745074573272e-03
2.680455395722070727e-02
-2.109844883738016541e-01
1.384337464721113187e-01
-1.690799834752933772e-01
-9.757287854221875431e-03
6.493163349955156927e-02
4.826424966969587900e-03
7.489380706692475020e-02
1.130238011155918799e-02
-5.740469574176867984e-02
7.652044303029803540e-02
-5.666611332281511898e-02
-1.169234378087694384e-02
-2.110119658843030016e-02
-5.660340442841869241e-02
-1.204706740690047496e-02
-1.540709364319744427e-03
6.242305505343136163e-02
-9.702165954227386091e-02
3.060668643470587473e-03
6.924508803254017519e-02
-3.573875540900707248e-01
4.187275706717809298e-02
7.831233372964022457e-03
8.285367024723089280e-02
7.449287193890735681e-02
5.027738183156326562e-02
-8.176171506851831472e-02
3.150737466098699896e-02
-3.249886349097570043e-02
-5.609076799983279266e-02
-5.044732872480441749e-02
2.371010530700232155e-02
-1.703169341071781445e-02
1.605619230563993388e-02
-7.181860207569062959e-02
4.850511456771013086e-02
1.781996717305909042e-02
-5.436016976460051817e-03
-2.898298662616667284e-02
-1.250853371413840898e-01
5.812794360191735066e-02
2.493192178331923164e-02
-4.400089594596819781e-02
-2.216829929163541962e-02
-2.234525040171694843e-02
4.749260319074413705e-02
1.926621053372458772e-02
-3.796996340448859086e-02
1.001750217959550271e-02
1.029189379693295353e-02
3.704348934317933106e-02
7.906139031037186238e-03
-5.991356118511725198e-02
7.257086634527198932e-02
1.466622637993017682e-02
-3.841575867341251449e-01
4.212991648024382030e-02
4.738510788403950402e-02
-4.211836236768833758e-02
-1.189950258630026458e-02
6.042145226297908345e-02
-5.044870433220930567e-02
-7.870044799871488139e-03
3.223024150757387851e-02
-1.534661516260590018e-02
7.667730928262251992e-03
-4.788926676087565046e-03
8.785255333318976734e-02
4.421124512144297691e-02
-1.055254962795658669e-01
-1.018477022586246512e-02
-5.643261138817669276e-02
-1.265199942260116298e-02
-2.195648172947934317e-03
-7.430846879734464595e-03
4.801277577068849972e-02
-4.516448167429670119e-02
-2.267321895853812233e-02
-9.031463328008776381e-02
-1.258988951121323974e-01
-6.136439155320841388e-02
1.867199514297766469e-02
-8.977600875765115451e-02
6.496103587077413366e-02
4.623418467135531618e-02
7.854596555526560664e-02
3.422027039255837177e-02
-4.928687522484748174e-02
3.761233516858494136e-02
-4.317799077238593936e-02
-3.308229669274686396e-02
2.945157640254160089e-02
-3.772847997796494740e-02
5.657459584456515228e-02
-1.065284031458379743e-01
-2.069736550993192536e-02
-1.100651071026153291e-03
-5.727949072678307357e-02
-2.721854003678631645e-02
-4.502033979046748263e-02
-3.383287237949758434e-03
-8.726692064403919480e-02
9.955807177131681396e-02
2.484139889891237227e-02
-4.157645222180982730e-02
-1.991748765357716569e-02
4.476580603092412784e-03
-1.430564157775162694e-02
5.594780874251353148e-02
2.513092467181768028e-02
4.452165241682543018e-02
-5.753999019379953117e-02
-1.068247525252589286e-01
-9.885789749868258147e-02
1.069282298707665280e-01
-2.979161121352403782e-02
-4.576649299837603352e-02
-5.941124676029611515e-03
8.706692316169764578e-02
9.498865034822857878e-02
-5.176223126767111327e-02
7.050960771714566422e-02
1.243621956681390493e-02
-4.541179720613542151e-03
-7.402399269119003256e-02
-4.822834532678256514e-02
-3.323506333811107605e-02
-2.270802232070471757e-02
-1.341935306628630475e-01
3.016158527847519200e-02
-2.403731431081396197e-02
-6.897957972165465017e-03
6.163251129146060658e-02
-9.098396029890147563e-02
-6.964543184730258990e-03
2.346410662236009942e-02
1.130210424784399738e-02
-5.550776776801819717e-02
-2.271303240163080953e-02
7.937361731662895617e-03
8.602792391984535880e-02
5.387311072693508340e-02
-1.773512732859654564e-02
9.864909217036725575e-02
6.753016083562192462e-02
-1.037943685839295554e-01
-4.350851756312196922e-02
4.037384476688066215e-02
9.133522511350047890e-02
-6.211655191000019921e-02
-4.851543657147489724e-02
-6.660821687711546146e-02
-1.522335356419680756e-02
6.056003976079394301e-03
5.498778322074069497e-02
-4.560522962687827038e-03
2.874579331338418878e-02
-1.767687833401711348e-03
6.306114885663470504e-02
1.444163867816914554e-02
-7.977765869482052186e-02
-5.962190767413962783e-02
-7.890102071257017180e-02
-1.127044449497354994e-01
-5.574543116246782198e-02
3.435809586324965748e-02
6.298355074396015663e-02
1.980726092497504462e-02
-5.788711334149962418e-02
2.954882887713066592e-02
1.358819551502107870e-01
5.076055156196163098e-02
-8.528332445555240893e-02
3.156943286339153332e-02
-9.045228556279641050e-03
-5.479865081019515312e-03
9.667458092862643571e-02
1.476940806881029723e-02
1.182461041214860481e-01
-1.316848309851549950e-02
-2.802412641210553362e-02
3.160674250307819039e-02
-1.213833376257562532e-02
2.787989842910780780e-01
-8.524424335021484056e-02
4.530384851803340163e-02
2.411645132241988995e-02
-4.717928649188561798e-05
-9.178686968283203407e-02
-4.817749238685421070e-02
-2.511988764909604821e-02
-6.678661163273791855e-03
4.295818058483147350e-02
-9.752913991720545128e-02
1.850647196563570407e-01
1.642420118181104061e-01
3.852572858897753555e-02
1.066571016098446546e-02
-9.886581466360283565e-02
8.007063400122272365e-04
-1.386336153005229138e-02
1.149699812774883922e-01
-8.363106161897788937e-02
1.299327599141905931e-01
2.043296189096416998e-02
-5.622737744347461319e-03
-1.366373516481637213e-02
-1.413021421265299102e-03
-4.975488358442357872e-02
-4.721429010265712489e-02
4.164760279330245729e-02
-5.049275345853432295e-02
-6.351121988943837782e-02
-1.768685117843833005e-02
2.304619412381685856e-02
