-3.651940350688467896e-02
1.229367769346255829e-01
-5.480788122468038120e-02
-4.043599538515885161e-02
8.135091001482536860e-03
-3.183594052769679779e-03
-1.468442213518374867e-02
-5.849890785655097181e-02
-1.328069840869247446e-02
1.864840678997963241e+00
-1.729996737574126808e-01
7.555176599645618829e-02
9.658126716942630474e-02
-5.291520006257093012e-02
-8.384783137932265429e-02
-5.345248596146908587e-02
-5.517844562318206109e-02
9.295531510007590814e-01
-1.421534253827537175e-01
-2.936402564503961046e-02
1.236478228114911999e-03
-2.862003613330427187e-02
-3.504216271472352512e-02
-9.487057627441300434e-03
3.702669135290381774e-02
3.800325752283933295e-02
-4.498031138316522376e-02
-1.288293428314004653e-02
9.514134411652379331e-03
-6.197791680896230261e-03
-1.148917901898454698e-02
4.824154819723372456e-02
-3.103927964274440232e-02
7.239886567871611778e-02
6.052501319415215519e-02
-4.759108515706619164e-02
-6.796560009434964196e-04
2.478124505292693056e-02
-2.178797225023769435e-02
-5.410770523806079230e-02
5.510698096894753144e-03
5.962689556573141925e-02
6.418200484408000117e-02
-4.432403149521041419e-02
2.492699562432120972e-03
1.469340223801181766e-03
-7.965222164390563242e-02
7.033218094666955633e-03
5.564340626796800311e-03
2.485290421374362207e-02
8.946135854619644391e-04
4.744871000885951540e-02
-4.805150425665544178e-02
2.558387279428067998e-02
3.197114599813790509e-02
1.432239217171634056e-02
4.081790011376506253e-04
-5.558522861525640874e-02
1.218667136526063732e-02
-5.264794434874557616e-02
-4.096711395742827673e-03
-2.298524467195826176e-02
-2.033472549645713376e-02
1.468515593878946812e-01
-1.104916843078020128e-02
-3.983695181145668202e-02
1.758006272595058830e-02
2.172956155662105621e-02
-2.296018084737577736e-02
4.557183158906680936e-02
3.189869780118603088e-02
5.862837951149576371e-02
8.224612472425572862e-02
4.596050161441930966e-03
5.286888547640342800e-02
-1.460279818196679423e-02
2.684764077755187953e-02
-3.607884609828897887e-02
-2.492462209352851177e-02
1.251106852550564197e-01
-1.184705645041958175e-02
5.176769563633511206e-02
-8.810624105122924488e-02
-9.978439055465467694e-03
8.241593447538594908e-03
-1.593317769675082207e-01
-6.773950087232899486e-02
-1.014988853378266664e-01
1.296260711514178876e-01
4.554275469000142879e-02
-3.724122477315688212e-02
-1.167746597793622998e-02
5.384781233235734488e-03
6.394000769079026102e-04
1.094112296033792064e-01
-6.801604519293644180e-02
-1.520846690675286932e-02
-2.444789013058628821e-02
-1.625301037470217730e-02
-2.449031275014280570e-02
2.002462695545907754e-03
4.671193742530947018e-02
-1.065157826017106429e-01
-9.514246344685509810e-03
4.023762069096723654e-02
-6.104532564130508154e-01
4.645228948780148748e-02
2.529792059398698958e-02
4.536176081039692415e-02
2.493156744648588122e-02
1.895341865355996622e-02
-5.971293353388601455e-02
1.265419454251816983e-02
-7.644757523543957434e-02
-5.645309496524776594e-02
-3.357668773581537480e-02
2.169916715070669549e-02
-8.275660541417071553e-03
1.465706276593820717e-02
-3.402073892301896163e-02
5.368232301280918828e-02
3.655797819905635959e-02
-7.692530725580895221e-03
1.732423880390386649e-04
-7.519449777431623516e-02
7.192334479449301321e-02
1.027564327804042152e-02
-7.077895614350727949e-02
1.129345034829743258e-02
4.443325336348121803e-03
1.207047386706448441e-02
-1.796640417722042415e-02
-4.505239258656585505e-02
-3.750992277163864297e-02
2.283563608085648761e-02
4.794956078798976590e-02
-1.716234699598456065e-02
-4.288341436575411115e-04
4.374828467214146588e-02
-4.316941932137078816e-03
-5.871488135949912701e-01
2.550766841833177964e-02
8.748171344532841565e-02
-2.033095463771805722e-02
2.073299056820701244e-02
7.792557570425181351e-03
-1.872001258993397088e-02
-7.904067643488018810e-03
3.830505099977263989e-02
-2.663147423599575986e-02
-3.224890873733549101e-02
-2.934659161638757119e-02
7.699075505077077053e-02
1.588742607869093187e-02
-4.536747123005434312e-02
2.910652828974193834e-02
-8.875355895666257877e-02
2.611223157504471981e-02
-2.485501809659880837e-02
3.748605167609771454e-03
-9.870372299397214139e-03
1.735369192870201902e-02
-3.323384970011048628e-02
-7.567919349732053769e-02
-1.717699517658907715e-01
-9.107336189345655031e-02
5.250436179175529267e-02
-3.349549775247277067e-02
1.534108644888349526e-01
-4.480772784890047649e-04
3.601959131950446813e-02
-4.506294548613199238e-03
1.295240524490742090e-02
5.555977761247735992e-03
-3.725219788033919815e-02
1.019329359507587483e-02
1.403142500454484728e-02
3.673560147226362480e-04
3.396324938321595988e-02
-4.862328754937091102e-02
1.687763156395857833e-02
-2.261443805771275878e-02
-7.042232649014648627e-02
-9.873195947780516457e-02
-6.893429241764312265e-02
-1.431293933532007054e-02
-4.780557453809310825e-02
1.257708002256217698e-02
3.199108842771272027e-02
-3.443782617652847971e-04
-1.297508796945521462e-03
8.859076612223222222e-03
-2.943113959072409316e-02
6.072084095309810553e-02
3.919082388261326683e-03
3.935994827328653106e-02
-3.797316038170148178e-02
-3.149551868578493591e-02
-6.805202524070079473e-02
1.513991085990875618e-01
7.776730056043732082e-03
-3.693507141283474543e-02
-6.825441484434306705e-02
1.210253167124987830e-02
1.758874138945050458e-01
-6.618943387985817481e-03
5.122222578124412812e-02
8.646435043726840783e-03
2.285152552539971172e-03
5.961710693023576299e-03
-3.076082145076719856e-02
-3.716325699319423387e-02
-1.235704628645978125e-02
-8.587983063335688505e-02
7.024584663122232508e-02
9.158834192430984067e-02
-7.803085881423385550e-02
1.800498620926312826e-02
-1.355715281587986376e-01
5.122765728580259970e-02
8.272944789137835764e-03
7.265708968124525921e-03
-6.446840661147397455e-02
4.896647698140112193e-03
6.167350942046022182e-03
-2.796363788992917935e-03
2.110454584929706209e-02
6.967103931164457531e-02
4.634785413292283329e-02
9.774340179358262035e-03
-6.656311038367443422e-02
1.933567913653991971e-02
3.300588064594622839e-02
4.037239540272756499e-02
-7.257020028805176437e-02
-5.188054248340837060e-02
-5.022631538122233202e-02
-5.257859357736623107e-02
-2.190556799386410292e-02
2.983495727490435845e-02
4.293641052826402404e-02
8.260834001946651059e-03
3.858125401637742258e-02
6.597895206841088156e-02
8.665032625433111146e-02
-1.358291869912588712e-01
-2.735577637867439918e-02
-8.619364681902907943e-02
-1.048291976781110663e-01
1.973076145671660321e-03
5.064302554885793950e-02
2.630802997450657280e-02
-9.320462739820010653e-03
-4.389612802426173799e-02
3.271184541268630508e-02
1.598110265062119839e-01
6.774039633659403870e-02
-5.036220208344294180e-02
-2.800608528155040453e-02
2.537990878830355748e-02
7.522785014825364436e-02
1.284477135773286482e-01
-1.945080317859867319e-02
1.427770795440025942e-01
3.213005053589278875e-02
-1.304425437244924879e-01
-1.040702238196782731e-02
-2.696675403951269770e-02
2.880710595814324204e-01
-6.671803304139828361e-02
9.881156771894189506e-02
-1.647993716718088725e-02
-3.356603024308713046e-02
-8.357015671857737082e-02
-5.629634100970318938e-02
-1.495525420116601729e-02
5.494461384703662118e-03
7.062644096347961420e-02
5.266602887346719976e-03
1.196384370725259161e-01
1.740430804628370076e-01
2.083436336190050420e-02
3.670469488097430344e-02
-2.377685159696803566e-02
-1.725328249308055728e-02
-4.013113384213710944e-02
4.252557959731941006e-02
-3.508652856513389678e-02
1.198174345072116342e-01
-7.799169876734793165e-03
-1.896135892603476869e-01
5.179428431912302955e-02
2.782501983820340544e-02
-3.150520364560237263e-02
-4.801524162385662625e-02
-7.951293291146495704e-03
-4.168317158997812688e-02
-5.635154784961743379e-02
5.055527005088350512e-03
5.499185509192101862e-02
