-8.490099560897716724e-02
1.411292149902350912e-01
-1.410077371225205156e-01
-1.657222313977034164e-02
-2.574399251736186889e-02
4.723078355345378815e-02
9.958875863311253060e-03
-7.780875190607100533e-02
1.408014951726531405e-02
1.644696294798361880e+00
-1.436845485503840392e-01
7.127923467719310402e-02
7.435174940654468156e-02
-2.881018516699869036e-03
-6.817673121119539881e-02
-7.818457183542112943e-02
-9.857783789378470052e-02
8.782345706170842092e-01
-1.824639702479850800e-01
1.643741081659998854e-02
1.198462249603300320e-02
-1.950626057220388246e-02
2.154790653043454018e-04
-6.898128902093990378e-02
2.312878289338846094e-02
4.745651035404187257e-02
-4.469563937295956829e-02
-4.826925564397417656e-02
8.686134380966434310e-02
-5.302615316726604078e-02
-3.955514363622782831e-02
1.079224463658490368e-01
-1.925660158199908297e-03
2.727770219154897896e-02
2.134344074738023234e-02
-5.831694485169537645e-02
3.584203775273089865e-02
3.448568078388934699e-02
-7.995671118037034342e-02
-6.023225657400929633e-02
-2.209357547608507139e-02
8.423784707514883618e-03
3.938892818120290351e-02
2.340428750974669556e-02
1.803744584093940062e-02
-3.709424897728018020e-03
-1.277729120210455704e-01
4.558778649704683938e-02
-4.689167118276830006e-04
1.461747758978858280e-03
8.454796156419628380e-05
7.024882197069068357e-02
-3.901927821736587976e-02
-5.051652859038192195e-02
1.314012200192337873e-02
8.338905872543286510e-03
-5.365704459477431409e-02
-4.813669389934305265e-02
-2.346283991314965928e-02
-4.146101538247125295e-02
-3.201317207221116706e-02
-2.685375190550168961e-02
-4.842585676980856735e-02
1.136628698392615072e-01
1.399644044940007680e-02
-6.033510356546864517e-02
1.540200235947451583e-02
2.045537935737624588e-03
5.406603787388140903e-02
3.284268016925546291e-02
2.795400549037263191e-02
4.157155881880073706e-02
9.557011136054756328e-02
-1.376902260145899774e-02
4.279817927520113141e-02
6.879218882935358818e-03
2.074379944796813161e-02
-6.456654704192353600e-02
1.758511869504959108e-02
1.790131021317024340e-01
-2.245598088987327615e-02
1.695076867095612200e-02
3.265304357495800881e-03
-2.863267189666248488e-03
4.345777847765729812e-02
-2.005302982169924197e-01
2.047192956042860092e-03
-1.490264150243029717e-01
1.511804659831227360e-01
2.192627654095707229e-02
-4.455999264557190115e-02
-5.043983812515485249e-02
3.720041201385795838e-04
7.985845430166295389e-02
9.289518579296197898e-02
-5.644187667606721803e-02
1.023303902811329401e-02
-1.231206121368672891e-02
-4.137346165039788165e-02
-8.956737717626853112e-03
4.069415698715075913e-02
3.000111482808241487e-03
-5.911907239244020701e-02
3.952127999044459383e-02
8.820415460854721945e-02
-5.625335327306778543e-01
-1.893559391476013973e-02
-3.310076548563136573e-02
-2.837244052466369321e-02
4.923892230016541777e-02
4.114054723139200925e-02
-7.539535601853876445e-02
-4.732375290692907716e-02
-1.044820180874069110e-01
-1.632261529907779937e-02
-1.106425151586160754e-02
6.708609462418519201e-03
-8.585348314550449167e-02
2.189556548424223537e-02
-3.683406786523690801e-02
9.009093290903327778e-02
-2.371481753298390963e-02
2.163038862157590225e-02
7.292419320620044908e-03
-6.715524876475440462e-03
1.045639782867313766e-01
2.762684965176059881e-02
-7.764628326401337710e-02
-2.817460132771395370e-03
-2.748338905801378865e-02
4.046874686876029276e-02
1.978640689560469748e-02
-4.000770384598217877e-02
-7.186431393285529212e-02
-1.070780969042400832e-02
7.049046827860609710e-02
-2.779732919699414752e-03
-7.868817481062262420e-02
7.820445520755905933e-02
1.920790858066711085e-02
-5.245314412902802870e-01
9.443293049649847948e-02
7.146362911365193582e-02
-6.816831600448347919e-03
1.051626077153575579e-03
-2.366182308006044635e-02
-6.331230051156486183e-02
-2.895930067290910723e-02
-2.090616845967145296e-02
-2.706353962851427639e-02
1.557243787164968793e-02
1.009450924734789715e-02
3.629189015178427985e-02
5.905841885602947094e-02
-1.069591097953831622e-02
2.992010556490752593e-02
-3.590179461595287974e-02
-6.229106803056636693e-02
-4.496038924839316359e-02
-3.300845262502641753e-03
-1.567719741008901518e-02
2.891241569564076755e-02
-7.296956326834928841e-02
-9.141048713663955938e-02
-1.848917057900835159e-01
-7.838339844034658555e-02
3.077769874718529891e-02
-8.177734204205107382e-02
4.858764223229380952e-02
-6.837738852388122214e-03
3.427916840877457544e-02
-2.068813882671836088e-04
4.766488368184600838e-02
-8.825300906442656856e-02
1.707398117430370191e-02
2.999418784978793995e-02
2.845568880214026375e-02
7.987317691040350231e-04
4.945551513219980516e-02
-6.235653228979930879e-02
1.741571506868687391e-02
-1.815383010679007605e-02
-7.070044636675994199e-02
-8.087291191856864347e-02
-7.157071484295295799e-03
-9.611660520327780163e-03
-1.897284499258978033e-02
-2.526223171822850749e-02
4.797046065318343738e-02
1.859328714583970837e-02
1.004496916561513874e-03
1.269454392298106742e-02
-6.878565058735225390e-02
4.701127297532901872e-02
-2.033712435371212365e-02
-1.050892170608385030e-02
-4.550310425411364934e-02
-7.020952491237082704e-02
-3.664500147680650743e-02
1.736720896322489771e-01
-7.653884028161117223e-03
-5.561210882845633863e-02
-6.674638802960079775e-02
-1.517619016143988663e-02
1.160782512174260012e-01
-1.129676118655311388e-02
-6.956770883860156213e-03
-4.805986822149227976e-03
1.285962252449881875e-02
1.752690076497893934e-02
-7.307921358971695980e-02
2.788619980661890337e-04
1.848167090408796287e-02
-1.174357290277534827e-01
7.369516402230627539e-02
8.067142375989244663e-02
-6.557435077445236682e-02
6.437268772180564091e-02
-1.518761420485185143e-01
5.218740435485986345e-02
1.711989653473102932e-02
2.529731405673851796e-02
-3.520942770161084728e-02
-1.074658813716742808e-02
6.065764260462667284e-02
1.556125792260577498e-02
-2.244616552086066072e-02
-9.790521024338956144e-03
3.191292970287153835e-02
-2.832353447449371953e-02
-1.385553074854619371e-01
2.737076227981122267e-02
-1.159968194148020340e-02
9.923672900907991312e-02
-4.949329282761648352e-02
-8.437430507827871004e-03
-6.276586360046565449e-02
-6.621610546880693504e-02
-6.471106598579566896e-04
6.425989192782344261e-02
3.472741248925130531e-02
1.222315891360328984e-02
3.855436740190452266e-02
7.791139963682174041e-02
2.912595912718799612e-02
-6.979965275120968149e-02
-2.918236013762766368e-03
-1.068550067498141715e-01
-1.484722994594683265e-01
7.420290165721146747e-02
8.058606901206769035e-02
5.876014692459883421e-02
-3.775268463952712733e-02
-4.298577611590551073e-02
-4.377404080449404794e-02
1.126832686134551786e-01
3.125782098281302407e-02
-1.045130814085887538e-01
6.066590124935325283e-03
5.940728165808593225e-02
6.716267211570693674e-02
8.950441612968752791e-02
-6.797010497281856349e-03
1.350638328833457247e-01
-3.367773910032537815e-02
-8.372633949880124715e-02
3.201336777469284550e-02
1.118088752626825513e-02
3.612571881877341129e-01
1.477749439109571003e-02
-4.523582358976934066e-03
-6.595641094429763665e-03
-1.826982652590434728e-02
-1.013579659990635901e-01
-6.758000232053328060e-02
2.890972923430144489e-02
4.829819470367313627e-02
2.283345361563679510e-02
-9.034557386173173998e-02
1.438428184846530511e-01
1.244368607716467706e-01
-2.290562780132090331e-03
7.235468030384183125e-02
-6.066654528842930355e-02
-2.075076823542914770e-02
-2.751276933785324827e-02
3.590675834253348464e-02
-5.794375445205354747e-02
1.152650753820340102e-01
1.769303793901119345e-02
-1.038872319886537526e-01
3.773883246205165382e-02
-4.798403884718457219e-02
-1.511110129514906149e-02
4.376833518759656004e-03
4.008633977178841477e-03
-8.718712083533732005e-02
-6.100693239391587891e-02
4.421209768124298445e-02
4.364634671431616431e-02
