-3.629306655263940529e-02
1.920677365304327422e-01
-1.003603889341418975e-01
-5.476712494696106548e-02
3.282193788211263535e-02
6.474162705845278032e-02
1.611065289480326929e-02
1.436323676455899395e-02
2.556049719938923923e-03
1.402285436204611102e+00
-1.065555037963490659e-01
1.151756135675925108e-01
1.198610423390094049e-01
-3.512672410422267716e-02
-6.844459540969288769e-02
-3.343775938750479914e-03
-4.077096112362021268e-02
1.243713918036645660e+00
-1.746375011227220275e-01
-7.254131496108412458e-02
4.203738069142643266e-03
-4.709365556068738357e-02
-9.105514650941848309e-02
1.047243326627327574e-02
3.333162102091824508e-02
3.279935036012276983e-02
-5.367552578234368460e-02
-9.957896252583712995e-04
5.108221330518527420e-02
1.784476845890527533e-02
-3.071456298782756535e-03
9.138199714731816761e-03
8.870834894820302241e-03
3.850453557925488657e-02
5.313536703138356521e-02
-9.338543594328782560e-02
1.009364161135002311e-02
3.519182202010214672e-02
-2.880300433641707486e-02
-5.458832420379650108e-02
-8.311759699108559399e-03
2.367813211863842304e-02
3.053709570392348915e-02
-3.432665157250771454e-02
-3.771328875578395384e-02
-9.446682868142491571e-03
-1.056037428068360567e-01
2.355358430159236894e-03
-4.556607306287863146e-02
-1.316444063229769285e-02
3.316398095747283975e-02
2.746060745843605447e-02
-3.532659403300338063e-02
2.138653909027769112e-02
-4.013684396738221444e-02
3.759735379255503551e-02
4.667797392734556253e-03
1.126052470244962543e-02
1.889061186124859140e-02
-3.145425253715822961e-02
6.889267552839557253e-03
2.405731848052735516e-02
-4.904945000756355202e-05
1.918306945816660170e-01
-5.391374126599685068e-02
-7.255162875995738170e-02
2.458649651394807789e-02
5.263299731359716987e-02
2.224813827159072104e-03
9.413024949980797196e-02
1.022828432369353793e-02
7.051096047708717285e-02
7.018355029291430125e-02
1.441972296083674637e-03
5.904909363424348800e-02
-1.555315274623617072e-02
3.061446658677596192e-03
-4.573906359852544096e-02
2.405829541807458574e-02
1.021587888035964259e-01
-6.010499677120628020e-02
5.135809078988528426e-02
-1.895096573210381177e-02
2.965450370749916215e-02
4.700856520769583491e-02
-2.364835155369243991e-01
5.556869766760304252e-02
-5.076064659884909486e-02
1.053128271379724784e-01
4.645467488873437217e-02
-1.642910580174354943e-02
3.476714757077794399e-02
-2.653291603239324101e-02
-5.059721371846312432e-02
8.730466814272351550e-02
-8.698645266487753380e-02
-4.018076986211424617e-02
5.226590471264510457e-02
-5.021842206353987342e-02
5.707051759639343060e-03
2.175026533986731611e-02
2.708593527391320657e-02
-1.404266605058908102e-01
2.377192870918324805e-02
6.059889768053370457e-02
-5.803624591948611799e-01
7.596542359721689119e-02
1.694577117066613930e-02
5.815667479543230184e-02
5.193554859295828469e-02
5.567556495663195798e-03
-1.125886103527360405e-01
5.083092561076078819e-02
-5.579806324641658349e-02
-3.245984490272581235e-02
-2.684141960168145210e-03
-2.750853108444689145e-03
-1.258349341548932552e-03
-3.136326123941544225e-02
5.406689210554128933e-03
1.775863614001582658e-02
-4.157061323948667460e-03
-1.954823449782192024e-02
1.039524763860584164e-02
-7.380526647613944169e-02
4.931704443520887327e-02
5.683145901261242409e-03
-6.789299166901534288e-02
5.029775362677932349e-02
-1.335822814186018830e-02
3.517882239911761938e-02
3.585820836114328447e-02
-1.443118080499557025e-02
9.856046921602643410e-03
5.207674177741609955e-02
9.541086037093186867e-02
-2.456722090098056172e-02
-1.802023612102633676e-02
6.226171192656004133e-02
1.781311175042818440e-02
-5.298345959439537678e-01
6.482566788411030234e-02
2.162622754168783135e-02
-3.020010366789417644e-02
2.113516368319416638e-02
2.978133621247011295e-02
-3.874626864299297868e-02
-3.777666266422713415e-02
5.868887286644098450e-02
-2.926074343362467314e-02
-2.354642399965466495e-02
-2.926372868860646279e-02
8.626007691420235768e-02
3.223625323653663000e-02
-1.156716074824390844e-01
1.417841560595244077e-02
-5.262639769214806640e-02
9.053506488365502258e-02
-1.511113387473054723e-02
-9.275976642348766205e-03
6.845872017237267237e-02
1.706859611449132105e-02
-2.500580083133695231e-02
-5.425571780071915956e-02
-1.420052947958349299e-01
-8.477871293855845924e-02
4.935477902604250289e-02
-6.225931873202676485e-03
1.308595564744669815e-01
7.840601321211548846e-02
7.659916268164868036e-02
-1.159313413010141722e-02
-4.003933471170046526e-02
-7.658688895853206502e-02
-6.672703031697926890e-02
1.257947810387153274e-02
4.373073104109627407e-02
-4.867378701498407956e-02
4.227099882191615032e-02
-1.132361354475092674e-01
-7.970673145418055369e-03
-1.559703478463868483e-02
-6.745995729591236501e-02
-7.609101602666348829e-02
-4.403038470554485051e-02
-2.258699420162461891e-02
-4.286958630209430215e-02
4.208269789040529341e-02
6.569940695112055917e-02
-1.941002808063312102e-02
-2.503592105599363252e-02
-1.116909030454996642e-02
-2.142777462603677463e-02
5.121041291780745880e-02
1.357760960041548386e-02
5.011057481238927885e-02
-3.339023424917770405e-02
-7.738610856025222862e-02
-1.619077447688896110e-01
1.705952299605731082e-01
-1.119065249580140746e-02
-7.489480288098217253e-02
-3.774542485931131619e-02
7.255272365590814676e-02
1.366421314800418674e-01
-9.155813928954149861e-02
1.477830667771838115e-02
1.379847461273832690e-02
-5.439152119350772197e-02
2.296941534588742978e-02
-6.136769006329054893e-02
-7.739223029893829708e-02
-2.377559600570342685e-02
-1.621393545819447835e-01
7.295291719963701259e-03
4.904367734730206291e-02
-4.415183649256990139e-02
9.162964022953083709e-02
-1.003303972538993338e-01
9.549840365380207752e-02
9.248942995917937282e-02
3.269097985759238795e-02
-5.547855325070615018e-02
-3.612109529858211626e-02
1.516010324735734410e-02
4.148775804701340664e-02
-8.983605397031290199e-03
-1.705170386619011755e-02
7.863415081370248028e-02
8.784563143048725042e-02
-4.949320774945335094e-02
-2.226137759010038061e-02
7.446763618231147519e-02
3.980852036172555231e-02
-8.490236964035728640e-02
-1.783893405479193214e-02
-4.983468220481702265e-02
-4.125383745907871408e-02
-4.656394973902519552e-02
2.093566577707076451e-02
2.635742114910213235e-02
2.071852704046987098e-02
5.757308088694459806e-03
6.916552087720982678e-02
2.943346478214546591e-02
-1.216999231128978315e-01
-1.744622482053868884e-02
-7.541837486566049797e-02
-8.789464768401801520e-02
-7.352230090121671807e-03
7.344556593514228737e-02
5.673082385923697984e-02
2.535003823546036136e-02
-5.406509702060543349e-02
-5.260916442307766831e-03
1.611073939763252860e-01
1.329000916760613993e-01
-6.201528774785056847e-02
6.683076263459114368e-03
6.179419589244400032e-03
4.323180026445910817e-02
1.134707456384184687e-01
1.435090406224061310e-02
5.168851949935888979e-02
2.557636411695201825e-02
-8.682149842354340563e-02
4.179310093600174802e-02
2.941006062505420113e-02
3.612316289767588673e-01
-3.931112304433435900e-02
4.320415943470752237e-03
-5.122541783165209320e-03
-1.013648168385463712e-02
-1.060817828477496061e-01
-7.276506088057024813e-02
-6.660267191390813191e-02
1.180457759301364829e-03
4.068457322818976735e-02
-9.283943371449100701e-02
1.676626509673992405e-01
2.079856363201352809e-01
2.870285160266634883e-02
3.853285466982680346e-02
-9.742330332503809642e-02
-2.740395004288906987e-05
-9.231897099234691317e-02
4.712571302527905626e-02
-1.026959290292558113e-01
1.521532864977576394e-01
-2.345995595300130743e-02
-1.142089353768939164e-01
1.766783992732504083e-02
7.781190361441002457e-03
-3.903856654238004736e-02
-1.772415447900277385e-02
-2.492824620558666340e-02
-3.108751078684231575e-02
-1.734212199255674020e-02
-4.250018595083716183e-02
5.442681797733495142e-02
