-6.483282695052422495e-02
2.107381340598294961e-01
-8.758362148891533916e-02
-1.075291719456897450e-02
-9.293716928296226823e-03
2.729848691870902927e-02
-5.294450569910081478e-02
-2.404623484498266336e-02
1.485933585815435963e-02
1.137180357289411914e+00
-8.051975061264451949e-02
9.895768881697733499e-02
8.245341489210275543e-02
-2.686270954061599145e-02
2.377354619451094945e-03
-2.331077990272705305e-02
-1.037459198983918876e-03
1.143028852319008637e+00
-1.745493287839695595e-01
-4.555906958340172341e-02
-3.512789795926218178e-02
-4.007804655601449745e-02
-1.076961985263190230e-01
2.710861841126624774e-02
4.757030624852529033e-02
-1.312371258692755782e-02
-6.794228943109656416e-02
-3.606622527782194637e-02
4.704411040553155982e-02
-1.611048674563134208e-03
-1.216572652810686984e-03
4.644778083067031133e-02
1.446758053342070416e-02
2.994226212096828127e-02
1.071589524003098148e-01
-9.613573907178103728e-02
-1.116751569841475424e-02
4.656081831323029968e-02
-1.759799396989161421e-02
-1.157909616258835477e-02
1.006272595975364788e-02
-3.328865198649424983e-02
4.300190585824091583e-02
-2.326104110617119997e-02
-2.258149378346943278e-02
-2.211314411829200591e-02
-9.334273245227078797e-02
3.804433113067697686e-02
-1.172141990065605176e-02
-9.851627233820221818e-03
5.658830897288591455e-02
5.113198878806025915e-02
1.120531507993552389e-02
-7.422229275279360744e-03
-2.326745537969854283e-02
6.356585765303931004e-03
5.773009599580221363e-03
-4.583719007913405336e-02
-2.121180218715055729e-02
-4.752887520100895768e-02
1.954956361500661752e-02
-1.770040820326525613e-02
-4.384315498784328857e-02
1.860557290117155760e-01
-6.660597660217282279e-02
-8.701830383705899674e-02
2.363372267063640689e-02
5.075908180984360814e-03
-5.559222564201042605e-02
4.927312180052730722e-02
-6.822498613905796398e-04
1.425901671035218476e-01
4.029831085554156506e-02
1.075252021590670029e-02
8.588892083196549010e-02
-1.344777365750382189e-02
1.373834701070508930e-02
-4.466804220983699655e-03
4.399808436381145993e-02
6.874892502686531792e-02
1.442662786397688746e-02
6.692779731051939907e-02
-5.732550210562491894e-02
-2.806754103291674018e-02
1.678533356546608318e-02
-2.302778195433281827e-01
1.673146393668506482e-01
-1.383666747989269197e-01
4.208584941832432119e-02
2.526283043051181371e-02
5.507238646680755190e-02
3.386201690927731489e-02
4.364412466370271720e-02
-5.550433932491767586e-02
9.463681777175642074e-02
-8.951397469082450487e-02
-3.796957391230752071e-02
8.975466523312871855e-03
-6.088931856200693188e-02
-3.440124667629928384e-02
4.592212598068005913e-02
4.163565307393025938e-02
-1.124236759055982499e-01
-2.781442267911597276e-03
8.376424469642517953e-03
-3.189068999930753101e-01
4.305929619935985192e-02
1.939130688160732932e-02
9.664882084363490833e-02
3.221956715991336484e-02
4.784744995133467099e-02
-8.519782230680057744e-02
2.858806646776290705e-02
-1.366830594893539072e-02
-7.751701402959160214e-02
-3.371641214882741683e-02
8.131094160954314282e-03
-1.693288064107430560e-02
1.067377818333106743e-02
-2.470327335230362159e-02
4.800431287637083738e-02
-1.887545752980510777e-02
-9.411741063957715370e-03
-6.854679401134369798e-02
-9.917487747109574037e-02
5.522523702706792076e-02
-6.751191947844107158e-03
-4.627169261723278193e-02
3.444714342069155055e-02
-3.666243964121023574e-02
5.279780142046328756e-02
3.262640141232034385e-02
9.541280711571703543e-03
3.227526188870195184e-02
1.470745082012936411e-02
2.882495628375796384e-02
-1.318955844832306670e-02
-3.962721654851913966e-02
6.275272888893021483e-02
-9.820699214822791942e-03
-4.393270736301896906e-01
9.852941270761307602e-02
8.052401343714414572e-02
-2.572854275479728378e-02
9.732400891484338165e-03
3.092470291068662516e-02
-7.339992202487509443e-02
-6.890120704355258592e-03
6.669194940697549534e-02
-7.156528451102567301e-02
4.230113457854160763e-02
-2.173490986174943934e-02
8.047152709741785259e-02
1.849067750838018220e-02
-1.055536859015459988e-01
-1.568784660620261770e-02
-6.381766860708167066e-02
2.645856773024021086e-02
-1.061521068151012603e-02
3.394412512054125614e-02
1.388459294804800064e-02
-6.902764161674035392e-02
-4.084759157128092094e-02
-4.737820364034592974e-02
-1.489573842579531571e-01
-8.335719880555156336e-02
-1.299045674316120710e-02
-3.296554391516716420e-02
7.778558199145696461e-02
5.881372376624742493e-02
9.558341527039711238e-02
-8.206356681816608101e-03
-3.803986793839828767e-02
-7.707839769052891865e-03
-7.568071346317592485e-02
-7.071443776480605681e-02
2.116578271749361417e-02
-5.352537689980713109e-02
6.796403434431969037e-02
-1.421900727222832062e-01
9.214669961006827920e-03
-4.697159229709316208e-02
-8.035997233642294679e-02
-5.058695336463986392e-02
-4.836929781352267838e-02
-7.022860100171066100e-02
-5.899589815097407847e-02
9.588334579888076192e-02
3.482079426428798252e-02
1.646136203424109021e-03
-2.374054624744811534e-02
5.377539581452547846e-02
7.079901550894698338e-03
6.886282910006975844e-02
4.258782580602347295e-02
7.972871865767052965e-03
-9.183705875809165808e-02
-9.876328197933871567e-02
-1.172688893918565345e-01
7.600205328885276113e-02
3.644280399558998823e-02
-3.272116535342952520e-02
-3.764348036107235257e-02
1.588972215280591918e-02
1.648349778986324954e-01
-1.868631034636696400e-02
5.333331436518358448e-02
-3.715564492938077529e-02
4.867892614251310805e-03
-3.770231835939504006e-02
-1.041724355889722675e-02
-8.454334099325995500e-02
2.456009304198041726e-02
-1.719607974829959751e-01
2.772828832779142619e-02
2.939014119196066768e-02
-5.150421201123085713e-02
5.475012494934702878e-02
-8.389921368470254492e-02
8.791818558801051120e-02
-3.921029002154033383e-03
1.839114982332370682e-02
-8.727423360125978469e-02
-2.060538409461334583e-02
-2.809805704566846474e-02
6.590700863248509511e-02
4.643152599459359625e-02
2.007320351651864163e-02
6.401998496279891204e-02
7.932965617049406171e-02
-5.296599514340562254e-02
-4.817371882437652270e-02
7.353694353058926048e-02
8.970857187785323539e-02
-6.353740918530781379e-02
-7.128944820797469828e-02
-6.270957968770837776e-02
-2.008688487893297778e-02
-2.894117961400509767e-02
2.814709205040035259e-02
-6.362441513647129968e-03
3.238726309415458464e-03
-7.239914633107360879e-03
6.294505190166654884e-02
3.585770002555090097e-02
-1.050282915296685410e-01
-5.413522128136637190e-02
-9.942790190250007376e-02
-1.126371677741928867e-01
-5.624952212284693026e-02
7.167244620846456582e-02
7.389666881354063632e-02
1.195661786121661983e-02
-5.370043321918247653e-02
4.243902768409470866e-02
1.612271556687731588e-01
1.270464863666557198e-01
-1.101679755224309332e-01
3.472140433207961813e-02
2.617115768335094572e-02
4.646880942908326872e-02
8.810921622857187385e-02
8.969984899182147000e-04
1.073420785319870313e-01
1.291680279987522662e-02
-4.423455841666495969e-02
2.485215913513572419e-02
-4.431926890445951617e-02
2.466760788762990264e-01
-1.427645872551986661e-01
1.071227459426326162e-01
9.307050151694439000e-03
-4.628024331220442072e-02
-2.721976993210577928e-02
-7.550870774323686918e-02
-3.623639763258255930e-02
-3.062055777120019535e-03
4.292787998226504920e-02
-9.691263507994193893e-02
1.324079173805102760e-01
1.570349107193235449e-01
5.619146054966812909e-02
7.208817929485930587e-02
-8.410894364824522684e-02
1.406671598853126946e-02
-5.511060662066435967e-02
6.256737867490536065e-02
-1.009537826871979987e-01
1.375893379816520712e-01
7.761561000447542158e-02
-7.911591384217558920e-02
-2.379005211646080531e-02
2.344642638455738184e-02
-3.213980325166449631e-02
-7.120575458665889812e-02
2.762682709366696618e-02
-6.626045739475722174e-02
-7.154011831797500720e-02
-3.227879337080798855e-02
2.356535718441914520e-02
